Voltage U1	Corriente IA	Voltage U2	Voltage U3	Voltage UH
U1/V	IA/nA	U2/V	U3/V	UH/V

0,02	0,16	7,0	5,9	7,0
0,04	0,16	7,0	5,9	7,0
0,07	0,15	7,0	5,9	7,0
0,09	0,13	7,0	5,9	7,0
0,12	0,13	7,0	5,9	7,0
0,14	0,14	7,0	5,9	7,0
0,17	0,12	7,0	5,9	7,0
0,19	0,11	7,0	5,9	7,0
0,21	0,10	7,0	5,9	7,0
0,24	0,12	7,0	5,9	7,0
0,26	0,12	7,0	5,9	7,0
0,29	0,11	7,0	5,9	7,0
0,31	0,10	7,0	5,9	7,0
0,34	0,12	7,0	5,9	7,0
0,36	0,12	7,0	5,9	7,0
0,39	0,12	7,0	5,9	7,0
0,41	0,11	7,0	5,9	7,0
0,43	0,13	7,0	5,9	7,0
0,46	0,13	7,0	5,9	7,0
0,48	0,12	7,0	5,9	7,0
0,51	0,11	7,0	5,9	7,0
0,53	0,13	7,0	5,9	7,0
0,56	0,13	7,0	5,9	7,0
0,58	0,12	7,0	5,9	7,0
0,61	0,12	7,0	5,9	7,0
0,63	0,14	7,0	5,9	7,0
0,65	0,14	7,0	5,9	7,0
0,68	0,13	7,0	5,9	7,0
0,70	0,12	7,0	5,9	7,0
0,73	0,14	7,0	5,9	7,0
0,75	0,14	7,0	5,9	7,0
0,78	0,12	7,0	5,9	7,0
0,80	0,12	7,0	5,9	7,0
0,83	0,13	7,0	5,9	7,0
0,85	0,13	7,0	5,9	7,0
0,87	0,12	7,0	5,9	7,0
0,90	0,12	7,0	5,9	7,0
0,92	0,12	7,0	5,9	7,0
0,95	0,13	7,0	5,9	7,0
0,97	0,11	7,0	5,9	7,0
1,00	0,09	7,0	5,9	7,0
1,02	0,10	7,0	5,9	7,0
1,05	0,10	7,0	5,9	7,0
1,07	0,09	7,0	5,9	7,0
1,09	0,09	7,0	5,9	7,0
1,12	0,10	7,0	5,9	7,0
1,14	0,10	7,0	5,9	7,0
1,17	0,09	7,0	5,9	7,0
1,19	0,09	7,0	5,9	7,0
1,22	0,09	7,0	5,9	7,0
1,24	0,09	7,0	5,9	7,0
1,26	0,08	7,0	5,9	7,0
1,29	0,09	7,0	5,9	7,0
1,31	0,09	7,0	5,9	7,0
1,34	0,09	7,0	5,9	7,0
1,36	0,08	7,0	5,9	7,0
1,39	0,09	7,0	5,9	7,0
1,41	0,09	7,0	5,9	7,0
1,44	0,09	7,0	5,9	7,0
1,46	0,08	7,0	5,9	7,0
1,48	0,09	7,0	5,9	7,0
1,51	0,09	7,0	5,9	7,0
1,53	0,09	7,0	5,9	7,0
1,56	0,08	7,0	5,9	7,0
1,58	0,09	7,0	5,9	7,0
1,61	0,09	7,0	5,9	7,0
1,63	0,09	7,0	5,9	7,0
1,66	0,07	7,0	5,9	7,0
1,68	0,09	7,0	5,9	7,0
1,70	0,09	7,0	5,9	7,0
1,73	0,09	7,0	5,9	7,0
1,75	0,07	7,0	5,9	7,0
1,78	0,09	7,0	5,9	7,0
1,80	0,09	7,0	5,9	7,0
1,83	0,09	7,0	5,9	7,0
1,85	0,09	7,0	5,9	7,0
1,88	0,10	7,0	5,9	7,0
1,90	0,10	7,0	5,9	7,0
1,92	0,10	7,0	5,9	7,0
1,95	0,10	7,0	5,9	7,0
1,97	0,11	7,0	5,9	7,0
2,00	0,11	7,0	5,9	7,0
2,02	0,11	7,0	5,9	7,0
2,05	0,11	7,0	5,9	7,0
2,07	0,13	7,0	5,9	7,0
2,10	0,13	7,0	5,9	7,0
2,12	0,12	7,0	5,9	7,0
2,14	0,12	7,0	5,9	7,0
2,17	0,13	7,0	5,9	7,0
2,19	0,13	7,0	5,9	7,0
2,22	0,11	7,0	5,9	7,0
2,24	0,11	7,0	5,9	7,0
2,27	0,13	7,0	5,9	7,0
2,29	0,13	7,0	5,9	7,0
2,31	0,14	7,0	5,9	7,0
2,34	0,14	7,0	5,9	7,0
2,36	0,14	7,0	5,9	7,0
2,39	0,14	7,0	5,9	7,0
2,41	0,14	7,0	5,9	7,0
2,44	0,14	7,0	5,9	7,0
2,46	0,14	7,0	5,9	7,0
2,49	0,14	7,0	5,9	7,0
2,51	0,14	7,0	5,9	7,0
2,53	0,14	7,0	5,9	7,0
2,56	0,14	7,0	5,9	7,0
2,58	0,14	7,0	5,9	7,0
2,61	0,14	7,0	5,9	7,0
2,63	0,13	7,0	5,9	7,0
2,66	0,13	7,0	5,9	7,0
2,68	0,12	7,0	5,9	7,0
2,71	0,11	7,0	5,9	7,0
2,73	0,13	7,0	5,9	7,0
2,75	0,13	7,0	5,9	7,0
2,78	0,12	7,0	5,9	7,0
2,80	0,13	7,0	5,9	7,0
2,83	0,16	7,0	5,9	7,0
2,85	0,17	7,0	5,9	7,0
2,88	0,19	7,0	5,9	7,0
2,90	0,22	7,0	5,9	7,0
2,93	0,27	7,0	5,9	7,0
2,95	0,29	7,0	5,9	7,0
2,97	0,33	7,0	5,9	7,0
3,00	0,40	7,0	5,9	7,0
3,02	0,48	7,0	5,9	7,0
3,05	0,55	7,0	5,9	7,0
3,07	0,64	7,0	5,9	7,0
3,10	0,75	7,0	5,9	7,0
3,12	0,88	7,0	5,9	7,0
3,15	0,99	7,0	5,9	7,0
3,17	1,13	7,0	5,9	7,0
3,19	1,31	7,0	5,9	7,0
3,22	1,49	7,0	5,9	7,0
3,24	1,65	7,0	5,9	7,0
3,27	1,84	7,0	5,9	7,0
3,29	2,04	7,0	5,9	7,0
3,32	2,26	7,0	5,9	7,0
3,34	2,46	7,0	5,9	7,0
3,36	2,68	7,0	5,9	7,0
3,39	2,92	7,0	5,9	7,0
3,41	3,16	7,0	5,9	7,0
3,44	3,38	7,0	5,9	7,0
3,46	3,62	7,0	5,9	7,0
3,49	3,89	7,0	5,9	7,0
3,51	4,15	7,0	5,9	7,0
3,54	4,39	7,0	5,9	7,0
3,56	4,64	7,0	5,9	7,0
3,58	4,92	7,0	5,9	7,0
3,61	5,17	7,0	5,9	7,0
3,63	5,38	7,0	5,9	7,0
3,66	5,63	7,0	5,9	7,0
3,68	5,90	7,0	5,9	7,0
3,71	6,16	7,0	5,9	7,0
3,73	6,37	7,0	5,9	7,0
3,76	6,61	7,0	5,9	7,0
3,78	6,87	7,0	5,9	7,0
3,80	7,10	7,0	5,9	7,0
3,83	7,32	7,0	5,9	7,0
3,85	7,54	7,0	5,9	7,0
3,88	7,78	7,0	5,9	7,0
3,90	7,98	7,0	5,9	7,0
3,93	8,15	7,0	5,9	7,0
3,95	8,34	7,0	5,9	7,0
3,98	8,57	7,0	5,9	7,0
4,00	8,76	7,0	5,9	7,0
4,02	8,94	7,0	5,9	7,0
4,05	9,13	7,0	5,9	7,0
4,07	9,32	7,0	5,9	7,0
4,10	9,51	7,0	5,9	7,0
4,12	9,66	7,0	5,9	7,0
4,15	9,85	7,0	5,9	7,0
4,17	10,04	7,0	5,9	7,0
4,20	10,20	7,0	5,9	7,0
4,22	10,35	7,0	5,9	7,0
4,24	10,52	7,0	5,9	7,0
4,27	10,69	7,0	5,9	7,0
4,29	10,83	7,0	5,9	7,0
4,32	10,98	7,0	5,9	7,0
4,34	11,15	7,0	5,9	7,0
4,37	11,31	7,0	5,9	7,0
4,39	11,44	7,0	5,9	7,0
4,42	11,57	7,0	5,9	7,0
4,44	11,72	7,0	5,9	7,0
4,46	11,88	7,0	5,9	7,0
4,49	12,00	7,0	5,9	7,0
4,51	12,13	7,0	5,9	7,0
4,54	12,29	7,0	5,9	7,0
4,56	12,43	7,0	5,9	7,0
4,59	12,53	7,0	5,9	7,0
4,61	12,66	7,0	5,9	7,0
4,63	12,79	7,0	5,9	7,0
4,66	12,93	7,0	5,9	7,0
4,68	13,03	7,0	5,9	7,0
4,71	13,15	7,0	5,9	7,0
4,73	13,28	7,0	5,9	7,0
4,76	13,41	7,0	5,9	7,0
4,78	13,54	7,0	5,9	7,0
4,81	13,67	7,0	5,9	7,0
4,83	13,79	7,0	5,9	7,0
4,85	13,91	7,0	5,9	7,0
4,88	14,04	7,0	5,9	7,0
4,90	14,15	7,0	5,9	7,0
4,93	14,25	7,0	5,9	7,0
4,95	14,37	7,0	5,9	7,0
4,98	14,49	7,0	5,9	7,0
5,00	14,60	7,0	5,9	7,0
5,03	14,71	7,0	5,9	7,0
5,05	14,83	7,0	5,9	7,0
5,07	14,96	7,0	5,9	7,0
5,10	15,08	7,0	5,9	7,0
5,12	15,18	7,0	5,9	7,0
5,15	15,26	7,0	5,9	7,0
5,17	15,38	7,0	5,9	7,0
5,20	15,52	7,0	5,9	7,0
5,22	15,61	7,0	5,9	7,0
5,25	15,69	7,0	5,9	7,0
5,27	15,82	7,0	5,9	7,0
5,29	15,95	7,0	5,9	7,0
5,32	16,04	7,0	5,9	7,0
5,34	16,12	7,0	5,9	7,0
5,37	16,23	7,0	5,9	7,0
5,39	16,37	7,0	5,9	7,0
5,42	16,46	7,0	5,9	7,0
5,44	16,54	7,0	5,9	7,0
5,47	16,66	7,0	5,9	7,0
5,49	16,80	7,0	5,9	7,0
5,51	16,89	7,0	5,9	7,0
5,54	16,96	7,0	5,9	7,0
5,56	17,08	7,0	5,9	7,0
5,59	17,21	7,0	5,9	7,0
5,61	17,30	7,0	5,9	7,0
5,64	17,37	7,0	5,9	7,0
5,66	17,49	7,0	5,9	7,0
5,68	17,63	7,0	5,9	7,0
5,71	17,72	7,0	5,9	7,0
5,73	17,80	7,0	5,9	7,0
5,76	17,92	7,0	5,9	7,0
5,78	18,05	7,0	5,9	7,0
5,81	18,13	7,0	5,9	7,0
5,83	18,21	7,0	5,9	7,0
5,86	18,33	7,0	5,9	7,0
5,88	18,45	7,0	5,9	7,0
5,90	18,53	7,0	5,9	7,0
5,93	18,62	7,0	5,9	7,0
5,95	18,74	7,0	5,9	7,0
5,98	18,85	7,0	5,9	7,0
6,00	18,94	7,0	5,9	7,0
6,03	19,03	7,0	5,9	7,0
6,05	19,15	7,0	5,9	7,0
6,08	19,27	7,0	5,9	7,0
6,10	19,35	7,0	5,9	7,0
6,12	19,44	7,0	5,9	7,0
6,15	19,57	7,0	5,9	7,0
6,17	19,69	7,0	5,9	7,0
6,20	19,78	7,0	5,9	7,0
6,22	19,87	7,0	5,9	7,0
6,25	20,02	7,0	5,9	7,0
6,27	20,13	7,0	5,9	7,0
6,30	20,19	7,0	5,9	7,0
6,32	20,28	7,0	5,9	7,0
6,34	20,41	7,0	5,9	7,0
6,37	20,52	7,0	5,9	7,0
6,39	20,59	7,0	5,9	7,0
6,42	20,70	7,0	5,9	7,0
6,44	20,84	7,0	5,9	7,0
6,47	20,94	7,0	5,9	7,0
6,49	21,01	7,0	5,9	7,0
6,52	21,11	7,0	5,9	7,0
6,54	21,23	7,0	5,9	7,0
6,56	21,33	7,0	5,9	7,0
6,59	21,40	7,0	5,9	7,0
6,61	21,51	7,0	5,9	7,0
6,64	21,63	7,0	5,9	7,0
6,66	21,73	7,0	5,9	7,0
6,69	21,81	7,0	5,9	7,0
6,71	21,92	7,0	5,9	7,0
6,73	22,05	7,0	5,9	7,0
6,76	22,13	7,0	5,9	7,0
6,78	22,20	7,0	5,9	7,0
6,81	22,30	7,0	5,9	7,0
6,83	22,43	7,0	5,9	7,0
6,86	22,49	7,0	5,9	7,0
6,88	22,57	7,0	5,9	7,0
6,91	22,68	7,0	5,9	7,0
6,93	22,80	7,0	5,9	7,0
6,95	22,87	7,0	5,9	7,0
6,98	22,93	7,0	5,9	7,0
7,00	23,03	7,0	5,9	7,0
7,03	23,14	7,0	5,9	7,0
7,05	23,20	7,0	5,9	7,0
7,08	23,27	7,0	5,9	7,0
7,10	23,38	7,0	5,9	7,0
7,13	23,49	7,0	5,9	7,0
7,15	23,55	7,0	5,9	7,0
7,17	23,63	7,0	5,9	7,0
7,20	23,71	7,0	5,9	7,0
7,22	23,81	7,0	5,9	7,0
7,25	23,90	7,0	5,9	7,0
7,27	23,98	7,0	5,9	7,0
7,30	24,04	7,0	5,9	7,0
7,32	24,12	7,0	5,9	7,0
7,35	24,22	7,0	5,9	7,0
7,37	24,30	7,0	5,9	7,0
7,39	24,37	7,0	5,9	7,0
7,42	24,46	7,0	5,9	7,0
7,44	24,54	7,0	5,9	7,0
7,47	24,61	7,0	5,9	7,0
7,49	24,68	7,0	5,9	7,0
7,52	24,76	7,0	5,9	7,0
7,54	24,82	7,0	5,9	7,0
7,57	24,92	7,0	5,9	7,0
7,59	25,00	7,0	5,9	7,0
7,61	25,04	7,0	5,9	7,0
7,64	25,09	7,0	5,9	7,0
7,66	25,19	7,0	5,9	7,0
7,69	25,26	7,0	5,9	7,0
7,71	25,30	7,0	5,9	7,0
7,74	25,36	7,0	5,9	7,0
7,76	25,45	7,0	5,9	7,0
7,78	25,53	7,0	5,9	7,0
7,81	25,55	7,0	5,9	7,0
7,83	25,61	7,0	5,9	7,0
7,86	25,71	7,0	5,9	7,0
7,88	25,78	7,0	5,9	7,0
7,91	25,82	7,0	5,9	7,0
7,93	25,88	7,0	5,9	7,0
7,96	25,99	7,0	5,9	7,0
7,98	26,05	7,0	5,9	7,0
8,00	26,08	7,0	5,9	7,0
8,03	26,14	7,0	5,9	7,0
8,05	26,23	7,0	5,9	7,0
8,08	26,30	7,0	5,9	7,0
8,10	26,33	7,0	5,9	7,0
8,13	26,40	7,0	5,9	7,0
8,15	26,49	7,0	5,9	7,0
8,18	26,56	7,0	5,9	7,0
8,20	26,58	7,0	5,9	7,0
8,22	26,64	7,0	5,9	7,0
8,25	26,72	7,0	5,9	7,0
8,27	26,78	7,0	5,9	7,0
8,30	26,80	7,0	5,9	7,0
8,32	26,87	7,0	5,9	7,0
8,35	26,96	7,0	5,9	7,0
8,37	27,01	7,0	5,9	7,0
8,40	27,03	7,0	5,9	7,0
8,42	27,11	7,0	5,9	7,0
8,44	27,20	7,0	5,9	7,0
8,47	27,24	7,0	5,9	7,0
8,49	27,26	7,0	5,9	7,0
8,52	27,34	7,0	5,9	7,0
8,54	27,43	7,0	5,9	7,0
8,57	27,47	7,0	5,9	7,0
8,59	27,50	7,0	5,9	7,0
8,62	27,58	7,0	5,9	7,0
8,64	27,66	7,0	5,9	7,0
8,66	27,70	7,0	5,9	7,0
8,69	27,72	7,0	5,9	7,0
8,71	27,78	7,0	5,9	7,0
8,74	27,87	7,0	5,9	7,0
8,76	27,89	7,0	5,9	7,0
8,79	27,92	7,0	5,9	7,0
8,81	27,99	7,0	5,9	7,0
8,84	28,07	7,0	5,9	7,0
8,86	28,09	7,0	5,9	7,0
8,88	28,11	7,0	5,9	7,0
8,91	28,18	7,0	5,9	7,0
8,93	28,25	7,0	5,9	7,0
8,96	28,26	7,0	5,9	7,0
8,98	28,29	7,0	5,9	7,0
9,01	28,36	7,0	5,9	7,0
9,03	28,44	7,0	5,9	7,0
9,05	28,45	7,0	5,9	7,0
9,08	28,48	7,0	5,9	7,0
9,10	28,57	7,0	5,9	7,0
9,13	28,65	7,0	5,9	7,0
9,15	28,66	7,0	5,9	7,0
9,18	28,70	7,0	5,9	7,0
9,20	28,78	7,0	5,9	7,0
9,23	28,85	7,0	5,9	7,0
9,25	28,86	7,0	5,9	7,0
9,27	28,90	7,0	5,9	7,0
9,30	28,98	7,0	5,9	7,0
9,32	29,04	7,0	5,9	7,0
9,35	29,05	7,0	5,9	7,0
9,37	29,09	7,0	5,9	7,0
9,40	29,17	7,0	5,9	7,0
9,42	29,23	7,0	5,9	7,0
9,45	29,24	7,0	5,9	7,0
9,47	29,26	7,0	5,9	7,0
9,49	29,34	7,0	5,9	7,0
9,52	29,39	7,0	5,9	7,0
9,54	29,41	7,0	5,9	7,0
9,57	29,46	7,0	5,9	7,0
9,59	29,53	7,0	5,9	7,0
9,62	29,58	7,0	5,9	7,0
9,64	29,63	7,0	5,9	7,0
9,67	29,66	7,0	5,9	7,0
9,69	29,69	7,0	5,9	7,0
9,71	29,74	7,0	5,9	7,0
9,74	29,80	7,0	5,9	7,0
9,76	29,83	7,0	5,9	7,0
9,79	29,87	7,0	5,9	7,0
9,81	29,92	7,0	5,9	7,0
9,84	29,97	7,0	5,9	7,0
9,86	30,01	7,0	5,9	7,0
9,89	30,04	7,0	5,9	7,0
9,91	30,09	7,0	5,9	7,0
9,93	30,14	7,0	5,9	7,0
9,96	30,16	7,0	5,9	7,0
9,98	30,20	7,0	5,9	7,0
10,01	30,21	7,0	5,9	7,0
10,03	30,27	7,0	5,9	7,0
10,06	30,35	7,0	5,9	7,0
10,08	30,39	7,0	5,9	7,0
10,10	30,39	7,0	5,9	7,0
10,13	30,46	7,0	5,9	7,0
10,15	30,52	7,0	5,9	7,0
10,18	30,55	7,0	5,9	7,0
10,20	30,57	7,0	5,9	7,0
10,23	30,62	7,0	5,9	7,0
10,25	30,71	7,0	5,9	7,0
10,28	30,73	7,0	5,9	7,0
10,30	30,74	7,0	5,9	7,0
10,32	30,81	7,0	5,9	7,0
10,35	30,88	7,0	5,9	7,0
10,37	30,90	7,0	5,9	7,0
10,40	30,92	7,0	5,9	7,0
10,42	30,98	7,0	5,9	7,0
10,45	31,05	7,0	5,9	7,0
10,47	31,07	7,0	5,9	7,0
10,50	31,09	7,0	5,9	7,0
10,52	31,16	7,0	5,9	7,0
10,54	31,23	7,0	5,9	7,0
10,57	31,24	7,0	5,9	7,0
10,59	31,26	7,0	5,9	7,0
10,62	31,32	7,0	5,9	7,0
10,64	31,39	7,0	5,9	7,0
10,67	31,39	7,0	5,9	7,0
10,69	31,41	7,0	5,9	7,0
10,72	31,48	7,0	5,9	7,0
10,74	31,54	7,0	5,9	7,0
10,76	31,54	7,0	5,9	7,0
10,79	31,57	7,0	5,9	7,0
10,81	31,64	7,0	5,9	7,0
10,84	31,70	7,0	5,9	7,0
10,86	31,70	7,0	5,9	7,0
10,89	31,73	7,0	5,9	7,0
10,91	31,81	7,0	5,9	7,0
10,94	31,86	7,0	5,9	7,0
10,96	31,88	7,0	5,9	7,0
10,98	31,91	7,0	5,9	7,0
11,01	32,00	7,0	5,9	7,0
11,03	32,05	7,0	5,9	7,0
11,06	32,06	7,0	5,9	7,0
11,08	32,10	7,0	5,9	7,0
11,11	32,18	7,0	5,9	7,0
11,13	32,24	7,0	5,9	7,0
11,15	32,24	7,0	5,9	7,0
11,18	32,27	7,0	5,9	7,0
11,20	32,35	7,0	5,9	7,0
11,23	32,40	7,0	5,9	7,0
11,25	32,41	7,0	5,9	7,0
11,28	32,44	7,0	5,9	7,0
11,30	32,52	7,0	5,9	7,0
11,33	32,55	7,0	5,9	7,0
11,35	32,56	7,0	5,9	7,0
11,37	32,57	7,0	5,9	7,0
11,40	32,65	7,0	5,9	7,0
11,42	32,70	7,0	5,9	7,0
11,45	32,70	7,0	5,9	7,0
11,47	32,75	7,0	5,9	7,0
11,50	32,82	7,0	5,9	7,0
11,52	32,85	7,0	5,9	7,0
11,55	32,86	7,0	5,9	7,0
11,57	32,90	7,0	5,9	7,0
11,59	32,98	7,0	5,9	7,0
11,62	33,01	7,0	5,9	7,0
11,64	33,02	7,0	5,9	7,0
11,67	33,08	7,0	5,9	7,0
11,69	33,16	7,0	5,9	7,0
11,72	33,18	7,0	5,9	7,0
11,74	33,21	7,0	5,9	7,0
11,77	33,27	7,0	5,9	7,0
11,79	33,34	7,0	5,9	7,0
11,81	33,35	7,0	5,9	7,0
11,84	33,37	7,0	5,9	7,0
11,86	33,43	7,0	5,9	7,0
11,89	33,51	7,0	5,9	7,0
11,91	33,53	7,0	5,9	7,0
11,94	33,55	7,0	5,9	7,0
11,96	33,62	7,0	5,9	7,0
11,99	33,68	7,0	5,9	7,0
12,01	33,70	7,0	5,9	7,0
12,03	33,72	7,0	5,9	7,0
12,06	33,77	7,0	5,9	7,0
12,08	33,81	7,0	5,9	7,0
12,11	33,86	7,0	5,9	7,0
12,13	33,90	7,0	5,9	7,0
12,16	33,93	7,0	5,9	7,0
12,18	33,98	7,0	5,9	7,0
12,21	34,04	7,0	5,9	7,0
12,23	34,08	7,0	5,9	7,0
12,25	34,11	7,0	5,9	7,0
12,28	34,15	7,0	5,9	7,0
12,30	34,20	7,0	5,9	7,0
12,33	34,23	7,0	5,9	7,0
12,35	34,26	7,0	5,9	7,0
12,38	34,31	7,0	5,9	7,0
12,40	34,37	7,0	5,9	7,0
12,42	34,41	7,0	5,9	7,0
12,45	34,46	7,0	5,9	7,0
12,47	34,48	7,0	5,9	7,0
12,50	34,51	7,0	5,9	7,0
12,52	34,58	7,0	5,9	7,0
12,55	34,62	7,0	5,9	7,0
12,57	34,62	7,0	5,9	7,0
12,60	34,65	7,0	5,9	7,0
12,62	34,72	7,0	5,9	7,0
12,64	34,76	7,0	5,9	7,0
12,67	34,76	7,0	5,9	7,0
12,69	34,79	7,0	5,9	7,0
12,72	34,86	7,0	5,9	7,0
12,74	34,91	7,0	5,9	7,0
12,77	34,91	7,0	5,9	7,0
12,79	34,94	7,0	5,9	7,0
12,82	35,01	7,0	5,9	7,0
12,84	35,04	7,0	5,9	7,0
12,86	35,05	7,0	5,9	7,0
12,89	35,08	7,0	5,9	7,0
12,91	35,16	7,0	5,9	7,0
12,94	35,19	7,0	5,9	7,0
12,96	35,18	7,0	5,9	7,0
12,99	35,21	7,0	5,9	7,0
13,01	35,27	7,0	5,9	7,0
13,04	35,30	7,0	5,9	7,0
13,06	35,29	7,0	5,9	7,0
13,08	35,30	7,0	5,9	7,0
13,11	35,35	7,0	5,9	7,0
13,13	35,35	7,0	5,9	7,0
13,16	35,33	7,0	5,9	7,0
13,18	35,34	7,0	5,9	7,0
13,21	35,38	7,0	5,9	7,0
13,23	35,36	7,0	5,9	7,0
13,26	35,32	7,0	5,9	7,0
13,28	35,28	7,0	5,9	7,0
13,30	35,30	7,0	5,9	7,0
13,33	35,26	7,0	5,9	7,0
13,35	35,21	7,0	5,9	7,0
13,38	35,17	7,0	5,9	7,0
13,40	35,14	7,0	5,9	7,0
13,43	35,07	7,0	5,9	7,0
13,45	34,99	7,0	5,9	7,0
13,47	34,89	7,0	5,9	7,0
13,50	34,84	7,0	5,9	7,0
13,52	34,71	7,0	5,9	7,0
13,55	34,57	7,0	5,9	7,0
13,57	34,43	7,0	5,9	7,0
13,60	34,30	7,0	5,9	7,0
13,62	34,13	7,0	5,9	7,0
13,65	33,96	7,0	5,9	7,0
13,67	33,80	7,0	5,9	7,0
13,69	33,65	7,0	5,9	7,0
13,72	33,42	7,0	5,9	7,0
13,74	33,18	7,0	5,9	7,0
13,77	32,97	7,0	5,9	7,0
13,79	32,75	7,0	5,9	7,0
13,82	30,47	7,0	5,9	7,0
13,84	28,18	7,0	5,9	7,0
13,87	25,91	7,0	5,9	7,0
13,89	23,69	7,0	5,9	7,0
13,91	21,46	7,0	5,9	7,0
13,94	19,23	7,0	5,9	7,0
13,96	17,04	7,0	5,9	7,0
13,99	14,88	7,0	5,9	7,0
14,01	12,70	7,0	5,9	7,0
14,04	10,51	7,0	5,9	7,0
14,06	8,36	7,0	5,9	7,0
14,09	6,26	7,0	5,9	7,0
14,11	4,17	7,0	5,9	7,0
14,13	2,07	7,0	5,9	7,0
14,16	0,01	7,0	5,9	7,0
14,18	0,01	7,0	5,9	7,0
14,21	0,01	7,0	5,9	7,0
14,23	0,01	7,0	5,9	7,0
14,26	0,01	7,0	5,9	7,0
14,28	0,01	7,0	5,9	7,0
14,31	0,01	7,0	5,9	7,0
14,33	0,01	7,0	5,9	7,0
14,35	0,01	7,0	5,9	7,0
14,38	0,01	7,0	5,9	7,0
14,40	0,01	7,0	5,9	7,0
14,43	0,01	7,0	5,9	7,0
14,45	0,01	7,0	5,9	7,0
14,48	0,01	7,0	5,9	7,0
14,50	0,01	7,0	5,9	7,0
14,52	0,01	7,0	5,9	7,0
14,55	0,01	7,0	5,9	7,0
14,57	0,01	7,0	5,9	7,0
14,60	0,01	7,0	5,9	7,0
14,62	0,01	7,0	5,9	7,0
14,65	0,01	7,0	5,9	7,0
14,67	0,01	7,0	5,9	7,0
14,70	0,01	7,0	5,9	7,0
14,72	0,01	7,0	5,9	7,0
14,74	0,01	7,0	5,9	7,0
14,77	0,01	7,0	5,9	7,0
14,79	0,01	7,0	5,9	7,0
14,82	0,01	7,0	5,9	7,0
14,84	0,01	7,0	5,9	7,0
14,87	0,01	7,0	5,9	7,0
14,89	0,01	7,0	5,9	7,0
14,92	0,01	7,0	5,9	7,0
14,94	0,01	7,0	5,9	7,0
14,96	0,01	7,0	5,9	7,0
14,99	0,01	7,0	5,9	7,0
15,01	0,01	7,0	5,9	7,0
15,04	0,01	7,0	5,9	7,0
15,06	0,01	7,0	5,9	7,0
15,09	0,01	7,0	5,9	7,0
15,11	0,01	7,0	5,9	7,0
15,14	0,01	7,0	5,9	7,0
15,16	0,01	7,0	5,9	7,0
15,18	0,01	7,0	5,9	7,0
15,21	0,01	7,0	5,9	7,0
15,23	0,01	7,0	5,9	7,0
15,26	0,01	7,0	5,9	7,0
15,28	0,01	7,0	5,9	7,0
15,31	0,01	7,0	5,9	7,0
15,33	0,01	7,0	5,9	7,0
15,36	0,01	7,0	5,9	7,0
15,38	0,01	7,0	5,9	7,0
15,40	0,01	7,0	5,9	7,0
15,43	0,01	7,0	5,9	7,0
15,45	0,01	7,0	5,9	7,0
15,48	0,01	7,0	5,9	7,0
15,50	0,01	7,0	5,9	7,0
15,53	0,01	7,0	5,9	7,0
15,55	0,01	7,0	5,9	7,0
15,57	0,01	7,0	5,9	7,0
15,60	0,01	7,0	5,9	7,0
15,62	0,01	7,0	5,9	7,0
15,65	0,01	7,0	5,9	7,0
15,67	0,01	7,0	5,9	7,0
15,70	0,01	7,0	5,9	7,0
15,72	0,01	7,0	5,9	7,0
15,75	0,01	7,0	5,9	7,0
15,77	0,01	7,0	5,9	7,0
15,79	0,01	7,0	5,9	7,0
15,82	0,01	7,0	5,9	7,0
15,84	0,01	7,0	5,9	7,0
15,87	0,01	7,0	5,9	7,0
15,89	0,01	7,0	5,9	7,0
15,92	0,01	7,0	5,9	7,0
15,94	0,01	7,0	5,9	7,0
15,97	0,01	7,0	5,9	7,0
15,99	0,01	7,0	5,9	7,0
16,01	0,01	7,0	5,9	7,0
16,04	0,01	7,0	5,9	7,0
16,06	0,01	7,0	5,9	7,0
16,09	0,01	7,0	5,9	7,0
16,11	0,01	7,0	5,9	7,0
16,14	0,01	7,0	5,9	7,0
16,16	0,01	7,0	5,9	7,0
16,19	0,01	7,0	5,9	7,0
16,21	0,01	7,0	5,9	7,0
16,23	0,01	7,0	5,9	7,0
16,26	0,01	7,0	5,9	7,0
16,28	0,01	7,0	5,9	7,0
16,31	0,01	7,0	5,9	7,0
16,33	0,01	7,0	5,9	7,0
16,36	0,01	7,0	5,9	7,0
16,38	0,01	7,0	5,9	7,0
16,41	0,01	7,0	5,9	7,0
16,43	0,01	7,0	5,9	7,0
16,45	0,01	7,0	5,9	7,0
16,48	0,01	7,0	5,9	7,0
16,50	0,01	7,0	5,9	7,0
16,53	0,01	7,0	5,9	7,0
16,55	0,01	7,0	5,9	7,0
16,58	0,01	7,0	5,9	7,0
16,60	0,01	7,0	5,9	7,0
16,63	0,01	7,0	5,9	7,0
16,65	0,01	7,0	5,9	7,0
16,67	0,01	7,0	5,9	7,0
16,70	0,01	7,0	5,9	7,0
16,72	0,01	7,0	5,9	7,0
16,75	0,01	7,0	5,9	7,0
16,77	0,01	7,0	5,9	7,0
16,80	0,01	7,0	5,9	7,0
16,82	0,01	7,0	5,9	7,0
16,84	0,01	7,0	5,9	7,0
16,87	0,01	7,0	5,9	7,0
16,89	0,01	7,0	5,9	7,0
16,92	0,01	7,0	5,9	7,0
16,94	0,01	7,0	5,9	7,0
16,97	0,01	7,0	5,9	7,0
16,99	0,01	7,0	5,9	7,0
17,02	0,01	7,0	5,9	7,0
17,04	0,01	7,0	5,9	7,0
17,06	0,01	7,0	5,9	7,0
17,09	0,01	7,0	5,9	7,0
17,11	0,01	7,0	5,9	7,0
17,14	0,01	7,0	5,9	7,0
17,16	0,01	7,0	5,9	7,0
17,19	0,01	7,0	5,9	7,0
17,21	0,01	7,0	5,9	7,0
17,24	0,01	7,0	5,9	7,0
17,26	0,01	7,0	5,9	7,0
17,28	0,01	7,0	5,9	7,0
17,31	0,01	7,0	5,9	7,0
17,33	0,01	7,0	5,9	7,0
17,36	0,01	7,0	5,9	7,0
17,38	0,01	7,0	5,9	7,0
17,41	0,01	7,0	5,9	7,0
17,43	0,01	7,0	5,9	7,0
17,46	0,01	7,0	5,9	7,0
17,48	0,01	7,0	5,9	7,0
17,50	0,01	7,0	5,9	7,0
17,53	0,01	7,0	5,9	7,0
17,55	0,01	7,0	5,9	7,0
17,58	0,01	7,0	5,9	7,0
17,60	0,01	7,0	5,9	7,0
17,63	0,01	7,0	5,9	7,0
17,65	0,01	7,0	5,9	7,0
17,68	0,01	7,0	5,9	7,0
17,70	0,01	7,0	5,9	7,0
17,72	0,01	7,0	5,9	7,0
17,75	0,01	7,0	5,9	7,0
17,77	0,01	7,0	5,9	7,0
17,80	0,01	7,0	5,9	7,0
17,82	0,01	7,0	5,9	7,0
17,85	0,01	7,0	5,9	7,0
17,87	0,01	7,0	5,9	7,0
17,89	0,01	7,0	5,9	7,0
17,92	0,01	7,0	5,9	7,0
17,94	0,01	7,0	5,9	7,0
17,97	0,01	7,0	5,9	7,0
17,99	0,01	7,0	5,9	7,0
18,02	0,01	7,0	5,9	7,0
18,04	0,01	7,0	5,9	7,0
18,07	0,01	7,0	5,9	7,0
18,09	0,01	7,0	5,9	7,0
18,11	0,01	7,0	5,9	7,0
18,14	0,01	7,0	5,9	7,0
18,16	0,01	7,0	5,9	7,0
18,19	0,01	7,0	5,9	7,0
18,21	0,01	7,0	5,9	7,0
18,24	0,01	7,0	5,9	7,0
18,26	0,01	7,0	5,9	7,0
18,29	0,01	7,0	5,9	7,0
18,31	0,01	7,0	5,9	7,0
18,33	0,01	7,0	5,9	7,0
18,36	0,01	7,0	5,9	7,0
18,38	0,01	7,0	5,9	7,0
18,41	0,01	7,0	5,9	7,0
18,43	0,01	7,0	5,9	7,0
18,46	0,01	7,0	5,9	7,0
18,48	0,01	7,0	5,9	7,0
18,51	0,01	7,0	5,9	7,0
18,53	0,01	7,0	5,9	7,0
18,55	0,01	7,0	5,9	7,0
18,58	0,00	7,0	5,9	7,0
18,60	0,00	7,0	5,9	7,0
18,63	0,00	7,0	5,9	7,0
18,65	0,01	7,0	5,9	7,0
18,68	0,01	7,0	5,9	7,0
18,70	0,01	7,0	5,9	7,0
18,73	0,01	7,0	5,9	7,0
18,75	0,00	7,0	5,9	7,0
18,77	0,01	7,0	5,9	7,0
18,80	0,01	7,0	5,9	7,0
18,82	0,01	7,0	5,9	7,0
18,85	0,01	7,0	5,9	7,0
18,87	0,01	7,0	5,9	7,0
18,90	0,01	7,0	5,9	7,0
18,92	0,01	7,0	5,9	7,0
18,94	0,01	7,0	5,9	7,0
18,97	0,01	7,0	5,9	7,0
18,99	0,01	7,0	5,9	7,0
19,02	0,01	7,0	5,9	7,0
19,04	0,01	7,0	5,9	7,0
19,07	0,01	7,0	5,9	7,0
19,09	0,01	7,0	5,9	7,0
19,12	0,01	7,0	5,9	7,0
19,14	0,01	7,0	5,9	7,0
19,16	0,01	7,0	5,9	7,0
19,19	0,01	7,0	5,9	7,0
19,21	0,01	7,0	5,9	7,0
19,24	0,01	7,0	5,9	7,0
19,26	0,01	7,0	5,9	7,0
19,29	0,01	7,0	5,9	7,0
19,31	0,01	7,0	5,9	7,0
19,34	0,01	7,0	5,9	7,0
19,36	0,01	7,0	5,9	7,0
19,38	0,01	7,0	5,9	7,0
19,41	0,01	7,0	5,9	7,0
19,43	0,01	7,0	5,9	7,0
19,46	0,01	7,0	5,9	7,0
19,48	0,01	7,0	5,9	7,0
19,51	0,01	7,0	5,9	7,0
19,53	0,01	7,0	5,9	7,0
19,56	0,01	7,0	5,9	7,0
19,58	0,01	7,0	5,9	7,0
19,60	0,01	7,0	5,9	7,0
19,63	0,01	7,0	5,9	7,0
19,65	0,01	7,0	5,9	7,0
19,68	0,01	7,0	5,9	7,0
19,70	0,01	7,0	5,9	7,0
19,73	0,01	7,0	5,9	7,0
19,75	0,01	7,0	5,9	7,0
19,78	0,01	7,0	5,9	7,0
19,80	0,01	7,0	5,9	7,0
19,82	0,01	7,0	5,9	7,0
19,85	0,01	7,0	5,9	7,0
19,87	0,01	7,0	5,9	7,0
19,90	0,01	7,0	5,9	7,0
19,92	0,01	7,0	5,9	7,0
19,95	0,01	7,0	5,9	7,0
19,97	0,01	7,0	5,9	7,0
19,99	0,01	7,0	5,9	7,0
20,02	0,01	7,0	5,9	7,0
20,04	0,00	7,0	5,9	7,0
20,07	0,00	7,0	5,9	7,0
20,09	0,01	7,0	5,9	7,0
20,12	0,01	7,0	5,9	7,0
20,14	0,01	7,0	5,9	7,0
20,17	0,01	7,0	5,9	7,0
20,19	0,01	7,0	5,9	7,0
20,21	0,01	7,0	5,9	7,0
20,24	0,01	7,0	5,9	7,0
20,26	0,01	7,0	5,9	7,0
20,29	0,01	7,0	5,9	7,0
20,31	0,01	7,0	5,9	7,0
20,34	0,01	7,0	5,9	7,0
20,36	0,01	7,0	5,9	7,0
20,39	0,01	7,0	5,9	7,0
20,41	0,01	7,0	5,9	7,0
20,43	0,01	7,0	5,9	7,0
20,46	0,16	7,0	5,9	7,0
20,48	0,54	7,0	5,9	7,0
20,51	0,99	7,0	5,9	7,0
20,53	1,73	7,0	5,9	7,0
20,56	2,80	7,0	5,9	7,0
20,58	4,10	7,0	5,9	7,0
20,61	5,50	7,0	5,9	7,0
20,63	7,28	7,0	5,9	7,0
20,65	9,40	7,0	5,9	7,0
20,68	11,50	7,0	5,9	7,0
20,70	13,67	7,0	5,9	7,0
20,73	16,08	7,0	5,9	7,0
20,75	18,82	7,0	5,9	7,0
20,78	21,81	7,0	5,9	7,0
20,80	25,04	7,0	5,9	7,0
20,83	28,22	7,0	5,9	7,0
20,85	31,17	7,0	5,9	7,0
20,87	34,05	7,0	5,9	7,0
20,90	36,64	7,0	5,9	7,0
20,92	38,90	7,0	5,9	7,0
20,95	40,94	7,0	5,9	7,0
20,97	42,87	7,0	5,9	7,0
21,00	44,42	7,0	5,9	7,0
21,02	45,63	7,0	5,9	7,0
21,05	46,87	7,0	5,9	7,0
21,07	48,03	7,0	5,9	7,0
21,09	48,95	7,0	5,9	7,0
21,12	49,54	7,0	5,9	7,0
21,14	49,89	7,0	5,9	7,0
21,17	49,99	7,0	5,9	7,0
21,19	49,99	7,0	5,9	7,0
21,22	49,99	7,0	5,9	7,0
21,24	49,99	7,0	5,9	7,0
21,26	49,99	7,0	5,9	7,0
21,29	49,99	7,0	5,9	7,0
21,31	49,99	7,0	5,9	7,0
21,34	49,99	7,0	5,9	7,0
21,36	49,99	7,0	5,9	7,0
21,39	49,99	7,0	5,9	7,0
21,41	49,99	7,0	5,9	7,0
21,44	49,99	7,0	5,9	7,0
21,46	49,99	7,0	5,9	7,0
21,48	49,99	7,0	5,9	7,0
21,51	49,99	7,0	5,9	7,0
21,53	49,99	7,0	5,9	7,0
21,56	49,99	7,0	5,9	7,0
21,58	49,99	7,0	5,9	7,0
21,61	49,99	7,0	5,9	7,0
21,63	49,99	7,0	5,9	7,0
21,66	49,99	7,0	5,9	7,0
21,68	49,99	7,0	5,9	7,0
21,70	49,99	7,0	5,9	7,0
21,73	49,99	7,0	5,9	7,0
21,75	49,99	7,0	5,9	7,0
21,78	49,99	7,0	5,9	7,0
21,80	49,99	7,0	5,9	7,0
21,83	49,99	7,0	5,9	7,0
21,85	49,99	7,0	5,9	7,0
21,88	49,99	7,0	5,9	7,0
21,90	49,99	7,0	5,9	7,0
21,92	49,99	7,0	5,9	7,0
21,95	49,99	7,0	5,9	7,0
21,97	49,99	7,0	5,9	7,0
22,00	49,99	7,0	5,9	7,0
22,02	49,99	7,0	5,9	7,0
22,05	49,99	7,0	5,9	7,0
22,07	49,99	7,0	5,9	7,0
22,10	49,99	7,0	5,9	7,0
22,12	49,99	7,0	5,9	7,0
22,14	49,99	7,0	5,9	7,0
22,17	49,99	7,0	5,9	7,0
22,19	49,99	7,0	5,9	7,0
22,22	49,99	7,0	5,9	7,0
22,24	49,99	7,0	5,9	7,0
22,27	49,99	7,0	5,9	7,0
22,29	49,99	7,0	5,9	7,0
22,31	49,99	7,0	5,9	7,0
22,34	49,99	7,0	5,9	7,0
22,36	49,99	7,0	5,9	7,0
22,39	49,99	7,0	5,9	7,0
22,41	49,99	7,0	5,9	7,0
22,44	49,99	7,0	5,9	7,0
22,46	49,99	7,0	5,9	7,0
22,49	49,99	7,0	5,9	7,0
22,51	49,99	7,0	5,9	7,0
22,53	49,99	7,0	5,9	7,0
22,56	49,99	7,0	5,9	7,0
22,58	49,99	7,0	5,9	7,0
22,61	49,99	7,0	5,9	7,0
22,63	49,99	7,0	5,9	7,0
22,66	49,99	7,0	5,9	7,0
22,68	49,99	7,0	5,9	7,0
22,71	49,99	7,0	5,9	7,0
22,73	49,99	7,0	5,9	7,0
22,75	49,99	7,0	5,9	7,0
22,78	49,99	7,0	5,9	7,0
22,80	49,99	7,0	5,9	7,0
22,83	49,99	7,0	5,9	7,0
22,85	49,99	7,0	5,9	7,0
22,88	49,99	7,0	5,9	7,0
22,90	49,99	7,0	5,9	7,0
22,93	49,99	7,0	5,9	7,0
22,95	49,99	7,0	5,9	7,0
22,97	49,99	7,0	5,9	7,0
23,00	49,99	7,0	5,9	7,0
23,02	49,99	7,0	5,9	7,0
23,05	49,99	7,0	5,9	7,0
23,07	49,99	7,0	5,9	7,0
23,10	49,99	7,0	5,9	7,0
23,12	49,99	7,0	5,9	7,0
23,15	49,99	7,0	5,9	7,0
23,17	49,99	7,0	5,9	7,0
23,19	49,99	7,0	5,9	7,0
23,22	49,99	7,0	5,9	7,0
23,24	49,99	7,0	5,9	7,0
23,27	49,99	7,0	5,9	7,0
23,29	49,99	7,0	5,9	7,0
23,32	49,99	7,0	5,9	7,0
23,34	49,99	7,0	5,9	7,0
23,36	49,99	7,0	5,9	7,0
23,39	49,99	7,0	5,9	7,0
23,41	49,99	7,0	5,9	7,0
23,44	49,99	7,0	5,9	7,0
23,46	49,99	7,0	5,9	7,0
23,49	49,99	7,0	5,9	7,0
23,51	49,99	7,0	5,9	7,0
23,54	49,99	7,0	5,9	7,0
23,56	49,99	7,0	5,9	7,0
23,58	49,99	7,0	5,9	7,0
23,61	49,99	7,0	5,9	7,0
23,63	49,99	7,0	5,9	7,0
23,66	49,99	7,0	5,9	7,0
23,68	49,99	7,0	5,9	7,0
23,71	49,99	7,0	5,9	7,0
23,73	49,99	7,0	5,9	7,0
23,76	49,99	7,0	5,9	7,0
23,78	49,99	7,0	5,9	7,0
23,80	49,99	7,0	5,9	7,0
23,83	49,99	7,0	5,9	7,0
23,85	49,99	7,0	5,9	7,0
23,88	49,99	7,0	5,9	7,0
23,90	49,99	7,0	5,9	7,0
23,93	49,99	7,0	5,9	7,0
23,95	49,99	7,0	5,9	7,0
23,98	49,99	7,0	5,9	7,0
24,00	49,99	7,0	5,9	7,0
24,02	49,99	7,0	5,9	7,0
24,05	49,99	7,0	5,9	7,0
24,07	49,99	7,0	5,9	7,0
24,10	49,99	7,0	5,9	7,0
24,12	49,99	7,0	5,9	7,0
24,15	49,99	7,0	5,9	7,0
24,17	49,99	7,0	5,9	7,0
24,20	49,99	7,0	5,9	7,0
24,22	49,99	7,0	5,9	7,0
24,24	49,99	7,0	5,9	7,0
24,27	49,99	7,0	5,9	7,0
24,29	49,99	7,0	5,9	7,0
24,32	49,99	7,0	5,9	7,0
24,34	49,99	7,0	5,9	7,0
24,37	49,99	7,0	5,9	7,0
24,39	49,99	7,0	5,9	7,0
24,42	49,99	7,0	5,9	7,0
24,44	49,99	7,0	5,9	7,0
24,46	49,99	7,0	5,9	7,0
24,49	49,99	7,0	5,9	7,0
24,51	49,99	7,0	5,9	7,0
24,54	49,99	7,0	5,9	7,0
24,56	49,99	7,0	5,9	7,0
24,59	49,99	7,0	5,9	7,0
24,61	49,99	7,0	5,9	7,0
24,63	49,99	7,0	5,9	7,0
24,66	49,99	7,0	5,9	7,0
24,68	49,99	7,0	5,9	7,0
24,71	49,99	7,0	5,9	7,0
24,73	49,99	7,0	5,9	7,0
24,76	49,99	7,0	5,9	7,0
24,78	49,99	7,0	5,9	7,0
24,81	49,99	7,0	5,9	7,0
24,83	49,99	7,0	5,9	7,0
24,85	49,99	7,0	5,9	7,0
24,88	49,99	7,0	5,9	7,0
24,90	49,99	7,0	5,9	7,0
24,93	49,99	7,0	5,9	7,0
24,95	49,99	7,0	5,9	7,0
24,98	49,99	7,0	5,9	7,0
25,00	49,99	7,0	5,9	7,0
25,03	49,99	7,0	5,9	7,0
25,05	49,99	7,0	5,9	7,0
25,07	49,99	7,0	5,9	7,0
25,10	49,99	7,0	5,9	7,0
25,12	49,99	7,0	5,9	7,0
25,15	49,99	7,0	5,9	7,0
25,17	49,99	7,0	5,9	7,0
25,20	49,99	7,0	5,9	7,0
25,22	49,99	7,0	5,9	7,0
25,25	49,99	7,0	5,9	7,0
25,27	49,99	7,0	5,9	7,0
25,29	49,99	7,0	5,9	7,0
25,32	49,99	7,0	5,9	7,0
25,34	49,99	7,0	5,9	7,0
25,37	49,99	7,0	5,9	7,0
25,39	49,99	7,0	5,9	7,0
25,42	49,99	7,0	5,9	7,0
25,44	49,99	7,0	5,9	7,0
25,47	49,99	7,0	5,9	7,0
25,49	49,99	7,0	5,9	7,0
25,51	49,99	7,0	5,9	7,0
25,54	49,99	7,0	5,9	7,0
25,56	49,99	7,0	5,9	7,0
25,59	49,99	7,0	5,9	7,0
25,61	49,99	7,0	5,9	7,0
25,64	49,99	7,0	5,9	7,0
25,66	49,99	7,0	5,9	7,0
25,68	49,99	7,0	5,9	7,0
25,71	49,99	7,0	5,9	7,0
25,73	49,99	7,0	5,9	7,0
25,76	49,99	7,0	5,9	7,0
25,78	49,99	7,0	5,9	7,0
25,81	49,99	7,0	5,9	7,0
25,83	49,99	7,0	5,9	7,0
25,86	49,99	7,0	5,9	7,0
25,88	49,99	7,0	5,9	7,0
25,90	49,99	7,0	5,9	7,0
25,93	49,99	7,0	5,9	7,0
25,95	49,99	7,0	5,9	7,0
25,98	49,99	7,0	5,9	7,0
26,00	49,99	7,0	5,9	7,0
26,03	49,99	7,0	5,9	7,0
26,05	49,99	7,0	5,9	7,0
26,08	49,99	7,0	5,9	7,0
26,10	49,99	7,0	5,9	7,0
26,12	49,99	7,0	5,9	7,0
26,15	49,99	7,0	5,9	7,0
26,17	49,99	7,0	5,9	7,0
26,20	49,99	7,0	5,9	7,0
26,22	49,99	7,0	5,9	7,0
26,25	49,99	7,0	5,9	7,0
26,27	49,99	7,0	5,9	7,0
26,30	49,99	7,0	5,9	7,0
26,32	49,99	7,0	5,9	7,0
26,34	49,99	7,0	5,9	7,0
26,37	49,99	7,0	5,9	7,0
26,39	49,99	7,0	5,9	7,0
26,42	49,99	7,0	5,9	7,0
26,44	49,99	7,0	5,9	7,0
26,47	49,99	7,0	5,9	7,0
26,49	49,99	7,0	5,9	7,0
26,52	49,99	7,0	5,9	7,0
26,54	49,99	7,0	5,9	7,0
26,56	49,99	7,0	5,9	7,0
26,59	49,99	7,0	5,9	7,0
26,61	49,99	7,0	5,9	7,0
26,64	49,99	7,0	5,9	7,0
26,66	49,99	7,0	5,9	7,0
26,69	49,99	7,0	5,9	7,0
26,71	49,99	7,0	5,9	7,0
26,73	49,99	7,0	5,9	7,0
26,76	49,99	7,0	5,9	7,0
26,78	49,99	7,0	5,9	7,0
26,81	49,99	7,0	5,9	7,0
26,83	49,99	7,0	5,9	7,0
26,86	49,99	7,0	5,9	7,0
26,88	49,99	7,0	5,9	7,0
26,91	49,99	7,0	5,9	7,0
26,93	49,99	7,0	5,9	7,0
26,95	49,99	7,0	5,9	7,0
26,98	49,99	7,0	5,9	7,0
27,00	49,99	7,0	5,9	7,0
27,03	49,99	7,0	5,9	7,0
27,05	49,99	7,0	5,9	7,0
27,08	49,99	7,0	5,9	7,0
27,10	49,99	7,0	5,9	7,0
27,13	49,99	7,0	5,9	7,0
27,15	49,99	7,0	5,9	7,0
27,17	49,99	7,0	5,9	7,0
27,20	49,99	7,0	5,9	7,0
27,22	49,99	7,0	5,9	7,0
27,25	49,99	7,0	5,9	7,0
27,27	49,99	7,0	5,9	7,0
27,30	49,99	7,0	5,9	7,0
27,32	49,99	7,0	5,9	7,0
27,35	49,99	7,0	5,9	7,0
27,37	49,99	7,0	5,9	7,0
27,39	49,99	7,0	5,9	7,0
27,42	49,99	7,0	5,9	7,0
27,44	49,99	7,0	5,9	7,0
27,47	49,99	7,0	5,9	7,0
27,49	49,99	7,0	5,9	7,0
27,52	49,99	7,0	5,9	7,0
27,54	49,99	7,0	5,9	7,0
27,57	49,99	7,0	5,9	7,0
27,59	49,99	7,0	5,9	7,0
27,61	49,99	7,0	5,9	7,0
27,64	49,99	7,0	5,9	7,0
27,66	49,99	7,0	5,9	7,0
27,69	49,99	7,0	5,9	7,0
27,71	49,99	7,0	5,9	7,0
27,74	49,99	7,0	5,9	7,0
27,76	49,99	7,0	5,9	7,0
27,78	49,99	7,0	5,9	7,0
27,81	49,99	7,0	5,9	7,0
27,83	49,99	7,0	5,9	7,0
27,86	49,99	7,0	5,9	7,0
27,88	49,99	7,0	5,9	7,0
27,91	49,99	7,0	5,9	7,0
27,93	49,99	7,0	5,9	7,0
27,96	49,99	7,0	5,9	7,0
27,98	49,99	7,0	5,9	7,0
28,00	49,99	7,0	5,9	7,0
28,03	49,99	7,0	5,9	7,0
28,05	49,99	7,0	5,9	7,0
28,08	49,99	7,0	5,9	7,0
28,10	49,99	7,0	5,9	7,0
28,13	49,99	7,0	5,9	7,0
28,15	49,99	7,0	5,9	7,0
28,18	49,99	7,0	5,9	7,0
28,20	49,99	7,0	5,9	7,0
28,22	49,99	7,0	5,9	7,0
28,25	49,99	7,0	5,9	7,0
28,27	49,99	7,0	5,9	7,0
28,30	49,99	7,0	5,9	7,0
28,32	49,99	7,0	5,9	7,0
28,35	49,99	7,0	5,9	7,0
28,37	49,99	7,0	5,9	7,0
28,40	49,99	7,0	5,9	7,0
28,42	49,99	7,0	5,9	7,0
28,44	49,99	7,0	5,9	7,0
28,47	49,99	7,0	5,9	7,0
28,49	49,99	7,0	5,9	7,0
28,52	49,99	7,0	5,9	7,0
28,54	49,99	7,0	5,9	7,0
28,57	49,99	7,0	5,9	7,0
28,59	49,99	7,0	5,9	7,0
28,62	49,99	7,0	5,9	7,0
28,64	49,99	7,0	5,9	7,0
28,66	49,99	7,0	5,9	7,0
28,69	49,99	7,0	5,9	7,0
28,71	49,99	7,0	5,9	7,0
28,74	49,99	7,0	5,9	7,0
28,76	49,99	7,0	5,9	7,0
28,79	49,99	7,0	5,9	7,0
28,81	49,99	7,0	5,9	7,0
28,84	49,99	7,0	5,9	7,0
28,86	49,99	7,0	5,9	7,0
28,88	49,99	7,0	5,9	7,0
28,91	49,99	7,0	5,9	7,0
28,93	49,99	7,0	5,9	7,0
28,96	49,99	7,0	5,9	7,0
28,98	49,99	7,0	5,9	7,0
29,01	49,99	7,0	5,9	7,0
29,03	49,99	7,0	5,9	7,0
29,05	49,99	7,0	5,9	7,0
29,08	49,99	7,0	5,9	7,0
29,10	49,99	7,0	5,9	7,0
29,13	49,99	7,0	5,9	7,0
29,15	49,99	7,0	5,9	7,0
29,18	49,99	7,0	5,9	7,0
29,20	49,99	7,0	5,9	7,0
29,23	49,99	7,0	5,9	7,0
29,25	49,99	7,0	5,9	7,0
29,27	49,99	7,0	5,9	7,0
29,30	49,99	7,0	5,9	7,0
29,32	49,99	7,0	5,9	7,0
29,35	49,99	7,0	5,9	7,0
29,37	49,99	7,0	5,9	7,0
29,40	49,99	7,0	5,9	7,0
29,42	49,99	7,0	5,9	7,0
29,45	49,99	7,0	5,9	7,0
29,47	49,99	7,0	5,9	7,0
29,49	49,99	7,0	5,9	7,0
29,52	49,99	7,0	5,9	7,0
29,54	49,99	7,0	5,9	7,0
29,57	49,99	7,0	5,9	7,0
29,59	49,99	7,0	5,9	7,0
29,62	49,99	7,0	5,9	7,0
29,64	49,99	7,0	5,9	7,0
29,67	49,99	7,0	5,9	7,0
29,69	49,99	7,0	5,9	7,0
29,71	49,99	7,0	5,9	7,0
29,74	49,99	7,0	5,9	7,0
29,76	49,99	7,0	5,9	7,0
29,79	49,99	7,0	5,9	7,0
29,81	49,99	7,0	5,9	7,0
29,84	49,99	7,0	5,9	7,0
29,86	49,99	7,0	5,9	7,0
29,89	49,99	7,0	5,9	7,0
29,91	49,99	7,0	5,9	7,0
29,93	49,99	7,0	5,9	7,0
29,96	49,99	7,0	5,9	7,0
29,98	49,99	7,0	5,9	7,0
30,01	49,99	7,0	5,9	7,0
30,03	49,99	7,0	5,9	7,0
30,06	49,99	7,0	5,9	7,0
30,08	49,99	7,0	5,9	7,0
30,10	49,99	7,0	5,9	7,0
30,13	49,99	7,0	5,9	7,0
30,15	49,99	7,0	5,9	7,0
30,18	49,99	7,0	5,9	7,0
30,20	49,99	7,0	5,9	7,0
30,23	49,99	7,0	5,9	7,0
30,25	49,99	7,0	5,9	7,0
30,28	49,99	7,0	5,9	7,0
30,30	49,99	7,0	5,9	7,0
30,32	49,99	7,0	5,9	7,0
30,35	49,99	7,0	5,9	7,0
30,37	49,99	7,0	5,9	7,0
30,40	49,99	7,0	5,9	7,0
30,42	49,99	7,0	5,9	7,0
30,45	49,99	7,0	5,9	7,0
30,47	49,99	7,0	5,9	7,0
30,50	49,99	7,0	5,9	7,0
30,52	49,99	7,0	5,9	7,0
30,54	49,99	7,0	5,9	7,0
30,57	49,99	7,0	5,9	7,0
30,59	49,99	7,0	5,9	7,0
30,62	49,99	7,0	5,9	7,0
30,64	49,99	7,0	5,9	7,0
30,67	49,99	7,0	5,9	7,0
30,69	49,99	7,0	5,9	7,0
30,72	49,99	7,0	5,9	7,0
30,74	49,99	7,0	5,9	7,0
30,76	49,99	7,0	5,9	7,0
30,79	49,99	7,0	5,9	7,0
30,81	49,99	7,0	5,9	7,0
30,84	49,99	7,0	5,9	7,0
30,86	49,99	7,0	5,9	7,0
30,89	49,99	7,0	5,9	7,0
30,91	49,99	7,0	5,9	7,0
30,94	49,99	7,0	5,9	7,0
30,96	49,99	7,0	5,9	7,0
30,98	49,99	7,0	5,9	7,0
31,01	49,99	7,0	5,9	7,0
31,03	49,99	7,0	5,9	7,0
31,06	49,99	7,0	5,9	7,0
31,08	49,99	7,0	5,9	7,0
31,11	49,99	7,0	5,9	7,0
31,13	49,99	7,0	5,9	7,0
31,15	49,99	7,0	5,9	7,0
31,18	49,99	7,0	5,9	7,0
31,20	49,99	7,0	5,9	7,0
31,23	49,99	7,0	5,9	7,0
31,25	49,99	7,0	5,9	7,0
31,28	49,99	7,0	5,9	7,0
31,30	49,99	7,0	5,9	7,0
31,33	49,99	7,0	5,9	7,0
31,35	49,99	7,0	5,9	7,0
31,37	49,99	7,0	5,9	7,0
31,40	49,99	7,0	5,9	7,0
31,42	49,99	7,0	5,9	7,0
31,45	49,99	7,0	5,9	7,0
31,47	49,99	7,0	5,9	7,0
31,50	49,99	7,0	5,9	7,0
31,52	49,99	7,0	5,9	7,0
31,55	49,99	7,0	5,9	7,0
31,57	49,99	7,0	5,9	7,0
31,59	49,99	7,0	5,9	7,0
31,62	49,99	7,0	5,9	7,0
31,64	49,99	7,0	5,9	7,0
31,67	49,99	7,0	5,9	7,0
31,69	49,99	7,0	5,9	7,0
31,72	49,99	7,0	5,9	7,0
31,74	49,99	7,0	5,9	7,0
31,77	49,99	7,0	5,9	7,0
31,79	49,99	7,0	5,9	7,0
31,81	49,99	7,0	5,9	7,0
31,84	49,99	7,0	5,9	7,0
31,86	49,99	7,0	5,9	7,0
31,89	49,99	7,0	5,9	7,0
31,91	49,99	7,0	5,9	7,0
31,94	49,99	7,0	5,9	7,0
31,96	49,99	7,0	5,9	7,0
31,99	49,99	7,0	5,9	7,0
32,01	49,99	7,0	5,9	7,0
32,03	49,99	7,0	5,9	7,0
32,06	49,99	7,0	5,9	7,0
32,08	49,99	7,0	5,9	7,0
32,11	49,99	7,0	5,9	7,0
32,13	49,99	7,0	5,9	7,0
32,16	49,99	7,0	5,9	7,0
32,18	49,99	7,0	5,9	7,0
32,20	49,99	7,0	5,9	7,0
32,23	49,99	7,0	5,9	7,0
32,25	49,99	7,0	5,9	7,0
32,28	49,99	7,0	5,9	7,0
32,30	49,99	7,0	5,9	7,0
32,33	49,99	7,0	5,9	7,0
32,35	49,99	7,0	5,9	7,0
32,38	49,99	7,0	5,9	7,0
32,40	49,99	7,0	5,9	7,0
32,42	49,99	7,0	5,9	7,0
32,45	49,99	7,0	5,9	7,0
32,47	49,99	7,0	5,9	7,0
32,50	49,99	7,0	5,9	7,0
32,52	49,99	7,0	5,9	7,0
32,55	49,99	7,0	5,9	7,0
32,57	49,99	7,0	5,9	7,0
32,60	49,99	7,0	5,9	7,0
32,62	49,99	7,0	5,9	7,0
32,64	49,99	7,0	5,9	7,0
32,67	49,99	7,0	5,9	7,0
32,69	49,99	7,0	5,9	7,0
32,72	49,99	7,0	5,9	7,0
32,74	49,99	7,0	5,9	7,0
32,77	49,99	7,0	5,9	7,0
32,79	49,99	7,0	5,9	7,0
32,82	49,99	7,0	5,9	7,0
32,84	49,99	7,0	5,9	7,0
32,86	49,99	7,0	5,9	7,0
32,89	49,99	7,0	5,9	7,0
32,91	49,99	7,0	5,9	7,0
32,94	49,99	7,0	5,9	7,0
32,96	49,99	7,0	5,9	7,0
32,99	49,99	7,0	5,9	7,0
33,01	49,99	7,0	5,9	7,0
33,04	49,99	7,0	5,9	7,0
33,06	49,99	7,0	5,9	7,0
33,08	49,99	7,0	5,9	7,0
33,11	49,99	7,0	5,9	7,0
33,13	49,99	7,0	5,9	7,0
33,16	49,99	7,0	5,9	7,0
33,18	49,99	7,0	5,9	7,0
33,21	49,99	7,0	5,9	7,0
33,23	49,99	7,0	5,9	7,0
33,26	49,99	7,0	5,9	7,0
33,28	49,99	7,0	5,9	7,0
33,30	49,99	7,0	5,9	7,0
33,33	49,99	7,0	5,9	7,0
33,35	49,99	7,0	5,9	7,0
33,38	49,99	7,0	5,9	7,0
33,40	49,99	7,0	5,9	7,0
33,43	49,99	7,0	5,9	7,0
33,45	49,99	7,0	5,9	7,0
33,47	49,99	7,0	5,9	7,0
33,50	49,99	7,0	5,9	7,0
33,52	49,99	7,0	5,9	7,0
33,55	49,99	7,0	5,9	7,0
33,57	49,99	7,0	5,9	7,0
33,60	49,99	7,0	5,9	7,0
33,62	49,99	7,0	5,9	7,0
33,65	49,99	7,0	5,9	7,0
33,67	49,99	7,0	5,9	7,0
33,69	49,99	7,0	5,9	7,0
33,72	49,99	7,0	5,9	7,0
33,74	49,99	7,0	5,9	7,0
33,77	49,99	7,0	5,9	7,0
33,79	49,99	7,0	5,9	7,0
33,82	49,99	7,0	5,9	7,0
33,84	49,99	7,0	5,9	7,0
33,87	49,99	7,0	5,9	7,0
33,89	49,99	7,0	5,9	7,0
33,91	49,99	7,0	5,9	7,0
33,94	49,99	7,0	5,9	7,0
33,96	49,99	7,0	5,9	7,0
33,99	49,99	7,0	5,9	7,0
34,01	49,99	7,0	5,9	7,0
34,04	49,99	7,0	5,9	7,0
34,06	49,99	7,0	5,9	7,0
34,09	49,99	7,0	5,9	7,0
34,11	49,99	7,0	5,9	7,0
34,13	49,99	7,0	5,9	7,0
34,16	49,99	7,0	5,9	7,0
34,18	49,99	7,0	5,9	7,0
34,21	49,99	7,0	5,9	7,0
34,23	49,99	7,0	5,9	7,0
34,26	49,99	7,0	5,9	7,0
34,28	49,99	7,0	5,9	7,0
34,31	49,99	7,0	5,9	7,0
34,33	49,99	7,0	5,9	7,0
34,35	49,99	7,0	5,9	7,0
34,38	49,99	7,0	5,9	7,0
34,40	49,99	7,0	5,9	7,0
34,43	49,99	7,0	5,9	7,0
34,45	49,99	7,0	5,9	7,0
34,48	49,99	7,0	5,9	7,0
34,50	49,99	7,0	5,9	7,0
34,52	49,99	7,0	5,9	7,0
34,55	49,99	7,0	5,9	7,0
34,57	49,99	7,0	5,9	7,0
34,60	49,99	7,0	5,9	7,0
34,62	49,99	7,0	5,9	7,0
34,65	49,99	7,0	5,9	7,0
34,67	49,99	7,0	5,9	7,0
34,70	49,99	7,0	5,9	7,0
34,72	49,99	7,0	5,9	7,0
34,74	49,99	7,0	5,9	7,0
34,77	49,99	7,0	5,9	7,0
34,79	49,99	7,0	5,9	7,0
34,82	49,99	7,0	5,9	7,0
34,84	49,99	7,0	5,9	7,0
34,87	49,99	7,0	5,9	7,0
34,89	49,99	7,0	5,9	7,0
34,92	49,99	7,0	5,9	7,0
34,94	49,99	7,0	5,9	7,0
34,96	49,99	7,0	5,9	7,0
34,99	49,99	7,0	5,9	7,0
35,01	49,99	7,0	5,9	7,0
35,04	49,99	7,0	5,9	7,0
35,06	49,99	7,0	5,9	7,0
35,09	49,99	7,0	5,9	7,0
35,11	49,99	7,0	5,9	7,0
35,14	49,99	7,0	5,9	7,0
35,16	49,99	7,0	5,9	7,0
35,18	49,99	7,0	5,9	7,0
35,21	49,99	7,0	5,9	7,0
35,23	49,99	7,0	5,9	7,0
35,26	49,99	7,0	5,9	7,0
35,28	49,99	7,0	5,9	7,0
35,31	49,99	7,0	5,9	7,0
35,33	49,99	7,0	5,9	7,0
35,36	49,99	7,0	5,9	7,0
35,38	49,99	7,0	5,9	7,0
35,40	49,99	7,0	5,9	7,0
35,43	49,99	7,0	5,9	7,0
35,45	49,99	7,0	5,9	7,0
35,48	49,99	7,0	5,9	7,0
35,50	49,99	7,0	5,9	7,0
35,53	49,99	7,0	5,9	7,0
35,55	49,99	7,0	5,9	7,0
35,57	49,99	7,0	5,9	7,0
35,60	49,99	7,0	5,9	7,0
35,62	49,99	7,0	5,9	7,0
35,65	49,99	7,0	5,9	7,0
35,67	49,99	7,0	5,9	7,0
35,70	49,99	7,0	5,9	7,0
35,72	49,99	7,0	5,9	7,0
35,75	49,99	7,0	5,9	7,0
35,77	49,99	7,0	5,9	7,0
35,79	49,99	7,0	5,9	7,0
35,82	49,99	7,0	5,9	7,0
35,84	49,99	7,0	5,9	7,0
35,87	49,99	7,0	5,9	7,0
35,89	49,99	7,0	5,9	7,0
35,92	49,99	7,0	5,9	7,0
35,94	49,99	7,0	5,9	7,0
35,97	49,99	7,0	5,9	7,0
35,99	49,99	7,0	5,9	7,0
36,01	49,99	7,0	5,9	7,0
36,04	49,99	7,0	5,9	7,0
36,06	49,99	7,0	5,9	7,0
36,09	49,99	7,0	5,9	7,0
36,11	49,99	7,0	5,9	7,0
36,14	49,99	7,0	5,9	7,0
36,16	49,99	7,0	5,9	7,0
36,19	49,99	7,0	5,9	7,0
36,21	49,99	7,0	5,9	7,0
36,23	49,99	7,0	5,9	7,0
36,26	49,99	7,0	5,9	7,0
36,28	49,99	7,0	5,9	7,0
36,31	49,99	7,0	5,9	7,0
36,33	49,99	7,0	5,9	7,0
36,36	49,99	7,0	5,9	7,0
36,38	49,99	7,0	5,9	7,0
36,41	49,99	7,0	5,9	7,0
36,43	49,99	7,0	5,9	7,0
36,45	49,99	7,0	5,9	7,0
36,48	49,99	7,0	5,9	7,0
36,50	49,99	7,0	5,9	7,0
36,53	49,99	7,0	5,9	7,0
36,55	49,99	7,0	5,9	7,0
36,58	49,99	7,0	5,9	7,0
36,60	49,99	7,0	5,9	7,0
36,62	49,99	7,0	5,9	7,0
36,65	49,99	7,0	5,9	7,0
36,67	49,99	7,0	5,9	7,0
36,70	49,99	7,0	5,9	7,0
36,72	49,99	7,0	5,9	7,0
36,75	49,99	7,0	5,9	7,0
36,77	49,99	7,0	5,9	7,0
36,80	49,99	7,0	5,9	7,0
36,82	49,99	7,0	5,9	7,0
36,84	49,99	7,0	5,9	7,0
36,87	49,99	7,0	5,9	7,0
36,89	49,99	7,0	5,9	7,0
36,92	49,99	7,0	5,9	7,0
36,94	49,99	7,0	5,9	7,0
36,97	49,99	7,0	5,9	7,0
36,99	49,99	7,0	5,9	7,0
37,02	49,99	7,0	5,9	7,0
37,04	49,99	7,0	5,9	7,0
37,06	49,99	7,0	5,9	7,0
37,09	49,99	7,0	5,9	7,0
37,11	49,99	7,0	5,9	7,0
37,14	49,99	7,0	5,9	7,0
37,16	49,99	7,0	5,9	7,0
37,19	49,99	7,0	5,9	7,0
37,21	49,99	7,0	5,9	7,0
37,24	49,99	7,0	5,9	7,0
37,26	49,99	7,0	5,9	7,0
37,28	49,99	7,0	5,9	7,0
37,31	49,99	7,0	5,9	7,0
37,33	49,99	7,0	5,9	7,0
37,36	49,99	7,0	5,9	7,0
37,38	49,99	7,0	5,9	7,0
37,41	49,99	7,0	5,9	7,0
37,43	49,99	7,0	5,9	7,0
37,46	49,99	7,0	5,9	7,0
37,48	49,99	7,0	5,9	7,0
37,50	49,99	7,0	5,9	7,0
37,53	49,99	7,0	5,9	7,0
37,55	49,99	7,0	5,9	7,0
37,58	49,99	7,0	5,9	7,0
37,60	49,99	7,0	5,9	7,0
37,63	49,99	7,0	5,9	7,0
37,65	49,99	7,0	5,9	7,0
37,68	49,99	7,0	5,9	7,0
37,70	49,99	7,0	5,9	7,0
37,72	49,99	7,0	5,9	7,0
37,75	49,99	7,0	5,9	7,0
37,77	49,99	7,0	5,9	7,0
37,80	49,99	7,0	5,9	7,0
37,82	49,99	7,0	5,9	7,0
37,85	49,99	7,0	5,9	7,0
37,87	49,99	7,0	5,9	7,0
37,89	49,99	7,0	5,9	7,0
37,92	49,99	7,0	5,9	7,0
37,94	49,99	7,0	5,9	7,0
37,97	49,99	7,0	5,9	7,0
37,99	49,99	7,0	5,9	7,0
38,02	49,99	7,0	5,9	7,0
38,04	49,99	7,0	5,9	7,0
38,07	49,99	7,0	5,9	7,0
38,09	49,99	7,0	5,9	7,0
38,11	49,99	7,0	5,9	7,0
38,14	49,99	7,0	5,9	7,0
38,16	49,99	7,0	5,9	7,0
38,19	49,99	7,0	5,9	7,0
38,21	49,99	7,0	5,9	7,0
38,24	49,99	7,0	5,9	7,0
38,26	49,99	7,0	5,9	7,0
38,29	49,99	7,0	5,9	7,0
38,31	49,99	7,0	5,9	7,0
38,33	49,99	7,0	5,9	7,0
38,36	49,99	7,0	5,9	7,0
38,38	49,99	7,0	5,9	7,0
38,41	49,99	7,0	5,9	7,0
38,43	49,99	7,0	5,9	7,0
38,46	49,99	7,0	5,9	7,0
38,48	49,99	7,0	5,9	7,0
38,51	49,99	7,0	5,9	7,0
38,53	49,99	7,0	5,9	7,0
38,55	49,99	7,0	5,9	7,0
38,58	49,99	7,0	5,9	7,0
38,60	49,99	7,0	5,9	7,0
38,63	49,99	7,0	5,9	7,0
38,65	49,99	7,0	5,9	7,0
38,68	49,99	7,0	5,9	7,0
38,70	49,99	7,0	5,9	7,0
38,73	49,99	7,0	5,9	7,0
38,75	49,99	7,0	5,9	7,0
38,77	49,99	7,0	5,9	7,0
38,80	49,99	7,0	5,9	7,0
38,82	49,99	7,0	5,9	7,0
38,85	49,99	7,0	5,9	7,0
38,87	49,99	7,0	5,9	7,0
38,90	49,99	7,0	5,9	7,0
38,92	49,99	7,0	5,9	7,0
38,94	49,99	7,0	5,9	7,0
38,97	49,99	7,0	5,9	7,0
38,99	49,99	7,0	5,9	7,0
39,02	49,99	7,0	5,9	7,0
39,04	49,99	7,0	5,9	7,0
39,07	49,99	7,0	5,9	7,0
39,09	49,99	7,0	5,9	7,0
39,12	49,99	7,0	5,9	7,0
39,14	49,99	7,0	5,9	7,0
39,16	49,99	7,0	5,9	7,0
39,19	49,99	7,0	5,9	7,0
39,21	49,99	7,0	5,9	7,0
39,24	49,99	7,0	5,9	7,0
39,26	49,99	7,0	5,9	7,0
39,29	49,99	7,0	5,9	7,0
39,31	49,99	7,0	5,9	7,0
39,34	49,99	7,0	5,9	7,0
39,36	49,99	7,0	5,9	7,0
39,38	49,99	7,0	5,9	7,0
39,41	49,99	7,0	5,9	7,0
39,43	49,99	7,0	5,9	7,0
39,46	49,99	7,0	5,9	7,0
39,48	49,99	7,0	5,9	7,0
39,51	49,99	7,0	5,9	7,0
39,53	49,99	7,0	5,9	7,0
39,56	49,99	7,0	5,9	7,0
39,58	49,99	7,0	5,9	7,0
39,60	49,99	7,0	5,9	7,0
39,63	49,99	7,0	5,9	7,0
39,65	49,99	7,0	5,9	7,0
39,68	49,99	7,0	5,9	7,0
39,70	49,99	7,0	5,9	7,0
39,73	49,99	7,0	5,9	7,0
39,75	49,99	7,0	5,9	7,0
39,78	49,99	7,0	5,9	7,0
39,80	49,99	7,0	5,9	7,0
39,82	49,99	7,0	5,9	7,0
39,85	49,99	7,0	5,9	7,0
39,87	49,99	7,0	5,9	7,0
39,90	49,99	7,0	5,9	7,0
39,92	49,99	7,0	5,9	7,0
39,95	49,99	7,0	5,9	7,0
39,97	49,99	7,0	5,9	7,0
39,99	49,99	7,0	5,9	7,0
40,02	49,99	7,0	5,9	7,0
40,04	49,99	7,0	5,9	7,0
40,07	49,99	7,0	5,9	7,0
40,09	49,99	7,0	5,9	7,0
40,12	49,99	7,0	5,9	7,0
40,14	49,99	7,0	5,9	7,0
40,17	49,99	7,0	5,9	7,0
40,19	49,99	7,0	5,9	7,0
40,21	49,99	7,0	5,9	7,0
40,24	49,99	7,0	5,9	7,0
40,26	49,99	7,0	5,9	7,0
40,29	49,99	7,0	5,9	7,0
40,31	49,99	7,0	5,9	7,0
40,34	49,99	7,0	5,9	7,0
40,36	49,99	7,0	5,9	7,0
40,39	49,99	7,0	5,9	7,0
40,41	49,99	7,0	5,9	7,0
40,43	49,99	7,0	5,9	7,0
40,46	49,99	7,0	5,9	7,0
40,48	49,99	7,0	5,9	7,0
40,51	49,99	7,0	5,9	7,0
40,53	49,99	7,0	5,9	7,0
40,56	49,99	7,0	5,9	7,0
40,58	49,99	7,0	5,9	7,0
40,61	49,99	7,0	5,9	7,0
40,63	49,99	7,0	5,9	7,0
40,65	49,99	7,0	5,9	7,0
40,68	49,99	7,0	5,9	7,0
40,70	49,99	7,0	5,9	7,0
40,73	49,99	7,0	5,9	7,0
40,75	49,99	7,0	5,9	7,0
40,78	49,99	7,0	5,9	7,0
40,80	49,99	7,0	5,9	7,0
40,83	49,99	7,0	5,9	7,0
40,85	49,99	7,0	5,9	7,0
40,87	49,99	7,0	5,9	7,0
40,90	49,99	7,0	5,9	7,0
40,92	49,99	7,0	5,9	7,0
40,95	49,99	7,0	5,9	7,0
40,97	49,99	7,0	5,9	7,0
41,00	49,99	7,0	5,9	7,0
41,02	49,99	7,0	5,9	7,0
41,05	49,99	7,0	5,9	7,0
41,07	49,99	7,0	5,9	7,0
41,09	49,99	7,0	5,9	7,0
41,12	49,99	7,0	5,9	7,0
41,14	49,99	7,0	5,9	7,0
41,17	49,99	7,0	5,9	7,0
41,19	49,99	7,0	5,9	7,0
41,22	49,99	7,0	5,9	7,0
41,24	49,99	7,0	5,9	7,0
41,26	49,99	7,0	5,9	7,0
41,29	49,99	7,0	5,9	7,0
41,31	49,99	7,0	5,9	7,0
41,34	49,99	7,0	5,9	7,0
41,36	49,99	7,0	5,9	7,0
41,39	49,99	7,0	5,9	7,0
41,41	49,99	7,0	5,9	7,0
41,44	49,99	7,0	5,9	7,0
41,46	49,99	7,0	5,9	7,0
41,48	49,99	7,0	5,9	7,0
41,51	49,99	7,0	5,9	7,0
41,53	49,99	7,0	5,9	7,0
41,56	49,99	7,0	5,9	7,0
41,58	49,99	7,0	5,9	7,0
41,61	49,99	7,0	5,9	7,0
41,63	49,99	7,0	5,9	7,0
41,66	49,99	7,0	5,9	7,0
41,68	49,99	7,0	5,9	7,0
41,70	49,99	7,0	5,9	7,0
41,73	49,99	7,0	5,9	7,0
41,75	49,99	7,0	5,9	7,0
41,78	49,99	7,0	5,9	7,0
41,80	49,99	7,0	5,9	7,0
41,83	49,99	7,0	5,9	7,0
41,85	49,99	7,0	5,9	7,0
41,88	49,99	7,0	5,9	7,0
41,90	49,99	7,0	5,9	7,0
41,92	49,99	7,0	5,9	7,0
41,95	49,99	7,0	5,9	7,0
41,97	49,99	7,0	5,9	7,0
42,00	49,99	7,0	5,9	7,0
42,02	49,99	7,0	5,9	7,0
42,05	49,99	7,0	5,9	7,0
42,07	49,99	7,0	5,9	7,0
42,10	49,99	7,0	5,9	7,0
42,12	49,99	7,0	5,9	7,0
42,14	49,99	7,0	5,9	7,0
42,17	49,99	7,0	5,9	7,0
42,19	49,99	7,0	5,9	7,0
42,22	49,99	7,0	5,9	7,0
42,24	49,99	7,0	5,9	7,0
42,27	49,99	7,0	5,9	7,0
42,29	49,99	7,0	5,9	7,0
42,31	49,99	7,0	5,9	7,0
42,34	49,99	7,0	5,9	7,0
42,36	49,99	7,0	5,9	7,0
42,39	49,99	7,0	5,9	7,0
42,41	49,99	7,0	5,9	7,0
42,44	49,99	7,0	5,9	7,0
42,46	49,99	7,0	5,9	7,0
42,49	49,99	7,0	5,9	7,0
42,51	49,99	7,0	5,9	7,0
42,53	49,99	7,0	5,9	7,0
42,56	49,99	7,0	5,9	7,0
42,58	49,99	7,0	5,9	7,0
42,61	49,99	7,0	5,9	7,0
42,63	49,99	7,0	5,9	7,0
42,66	49,99	7,0	5,9	7,0
42,68	49,99	7,0	5,9	7,0
42,71	49,99	7,0	5,9	7,0
42,73	49,99	7,0	5,9	7,0
42,75	49,99	7,0	5,9	7,0
42,78	49,99	7,0	5,9	7,0
42,80	49,99	7,0	5,9	7,0
42,83	49,99	7,0	5,9	7,0
42,85	49,99	7,0	5,9	7,0
42,88	49,99	7,0	5,9	7,0
42,90	49,99	7,0	5,9	7,0
42,93	49,99	7,0	5,9	7,0
42,95	49,99	7,0	5,9	7,0
42,97	49,99	7,0	5,9	7,0
43,00	49,99	7,0	5,9	7,0
43,02	49,99	7,0	5,9	7,0
43,05	49,99	7,0	5,9	7,0
43,07	49,99	7,0	5,9	7,0
43,10	49,99	7,0	5,9	7,0
43,12	49,99	7,0	5,9	7,0
43,15	49,99	7,0	5,9	7,0
43,17	49,99	7,0	5,9	7,0
43,19	49,99	7,0	5,9	7,0
43,22	49,99	7,0	5,9	7,0
43,24	49,99	7,0	5,9	7,0
43,27	49,99	7,0	5,9	7,0
43,29	49,99	7,0	5,9	7,0
43,32	49,99	7,0	5,9	7,0
43,34	49,99	7,0	5,9	7,0
43,36	49,99	7,0	5,9	7,0
43,39	49,99	7,0	5,9	7,0
43,41	49,99	7,0	5,9	7,0
43,44	49,99	7,0	5,9	7,0
43,46	49,99	7,0	5,9	7,0
43,49	49,99	7,0	5,9	7,0
43,51	49,99	7,0	5,9	7,0
43,54	49,99	7,0	5,9	7,0
43,56	49,99	7,0	5,9	7,0
43,58	49,99	7,0	5,9	7,0
43,61	49,99	7,0	5,9	7,0
43,63	49,99	7,0	5,9	7,0
43,66	49,99	7,0	5,9	7,0
43,68	49,99	7,0	5,9	7,0
43,71	49,99	7,0	5,9	7,0
43,73	49,99	7,0	5,9	7,0
43,76	49,99	7,0	5,9	7,0
43,78	49,99	7,0	5,9	7,0
43,80	49,99	7,0	5,9	7,0
43,83	49,99	7,0	5,9	7,0
43,85	49,99	7,0	5,9	7,0
43,88	49,99	7,0	5,9	7,0
43,90	49,99	7,0	5,9	7,0
43,93	49,99	7,0	5,9	7,0
43,95	49,99	7,0	5,9	7,0
43,98	49,99	7,0	5,9	7,0
44,00	49,99	7,0	5,9	7,0
44,02	49,99	7,0	5,9	7,0
44,05	49,99	7,0	5,9	7,0
44,07	49,99	7,0	5,9	7,0
44,10	49,99	7,0	5,9	7,0
44,12	49,99	7,0	5,9	7,0
44,15	49,99	7,0	5,9	7,0
44,17	49,99	7,0	5,9	7,0
44,20	49,99	7,0	5,9	7,0
44,22	49,99	7,0	5,9	7,0
44,24	49,99	7,0	5,9	7,0
44,27	49,99	7,0	5,9	7,0
44,29	49,99	7,0	5,9	7,0
44,32	49,99	7,0	5,9	7,0
44,34	49,99	7,0	5,9	7,0
44,37	49,99	7,0	5,9	7,0
44,39	49,99	7,0	5,9	7,0
44,41	49,99	7,0	5,9	7,0
44,44	49,99	7,0	5,9	7,0
44,46	49,99	7,0	5,9	7,0
44,49	49,99	7,0	5,9	7,0
44,51	49,99	7,0	5,9	7,0
44,54	49,99	7,0	5,9	7,0
44,56	49,99	7,0	5,9	7,0
44,59	49,99	7,0	5,9	7,0
44,61	49,99	7,0	5,9	7,0
44,63	49,99	7,0	5,9	7,0
44,66	49,99	7,0	5,9	7,0
44,68	49,99	7,0	5,9	7,0
44,71	49,99	7,0	5,9	7,0
44,73	49,99	7,0	5,9	7,0
44,76	49,99	7,0	5,9	7,0
44,78	49,99	7,0	5,9	7,0
44,81	49,99	7,0	5,9	7,0
44,83	49,99	7,0	5,9	7,0
44,85	49,99	7,0	5,9	7,0
44,88	49,99	7,0	5,9	7,0
44,90	49,99	7,0	5,9	7,0
44,93	49,99	7,0	5,9	7,0
44,95	49,99	7,0	5,9	7,0
44,98	49,99	7,0	5,9	7,0
45,00	49,99	7,0	5,9	7,0
45,03	49,99	7,0	5,9	7,0
45,05	49,99	7,0	5,9	7,0
45,07	49,99	7,0	5,9	7,0
45,10	49,99	7,0	5,9	7,0
45,12	49,99	7,0	5,9	7,0
45,15	49,99	7,0	5,9	7,0
45,17	49,99	7,0	5,9	7,0
45,20	49,99	7,0	5,9	7,0
45,22	49,99	7,0	5,9	7,0
45,25	49,99	7,0	5,9	7,0
45,27	49,99	7,0	5,9	7,0
45,29	49,99	7,0	5,9	7,0
45,32	49,99	7,0	5,9	7,0
45,34	49,99	7,0	5,9	7,0
45,37	49,99	7,0	5,9	7,0
45,39	49,99	7,0	5,9	7,0
45,42	49,99	7,0	5,9	7,0
45,44	49,99	7,0	5,9	7,0
45,47	49,99	7,0	5,9	7,0
45,49	49,99	7,0	5,9	7,0
45,51	49,99	7,0	5,9	7,0
45,54	49,99	7,0	5,9	7,0
45,56	49,99	7,0	5,9	7,0
45,59	49,99	7,0	5,9	7,0
45,61	49,99	7,0	5,9	7,0
45,64	49,99	7,0	5,9	7,0
45,66	49,99	7,0	5,9	7,0
45,68	49,99	7,0	5,9	7,0
45,71	49,99	7,0	5,9	7,0
45,73	49,99	7,0	5,9	7,0
45,76	49,99	7,0	5,9	7,0
45,78	49,99	7,0	5,9	7,0
45,81	49,99	7,0	5,9	7,0
45,83	49,99	7,0	5,9	7,0
45,86	49,99	7,0	5,9	7,0
45,88	49,99	7,0	5,9	7,0
45,90	49,99	7,0	5,9	7,0
45,93	49,99	7,0	5,9	7,0
45,95	49,99	7,0	5,9	7,0
45,98	49,99	7,0	5,9	7,0
46,00	49,99	7,0	5,9	7,0
46,03	49,99	7,0	5,9	7,0
46,05	49,99	7,0	5,9	7,0
46,08	49,99	7,0	5,9	7,0
46,10	49,99	7,0	5,9	7,0
46,12	49,99	7,0	5,9	7,0
46,15	49,99	7,0	5,9	7,0
46,17	49,99	7,0	5,9	7,0
46,20	49,99	7,0	5,9	7,0
46,22	49,99	7,0	5,9	7,0
46,25	49,99	7,0	5,9	7,0
46,27	49,99	7,0	5,9	7,0
46,30	49,99	7,0	5,9	7,0
46,32	49,99	7,0	5,9	7,0
46,34	49,99	7,0	5,9	7,0
46,37	49,99	7,0	5,9	7,0
46,39	49,99	7,0	5,9	7,0
46,42	49,99	7,0	5,9	7,0
46,44	49,99	7,0	5,9	7,0
46,47	49,99	7,0	5,9	7,0
46,49	49,99	7,0	5,9	7,0
46,52	49,99	7,0	5,9	7,0
46,54	49,99	7,0	5,9	7,0
46,56	49,99	7,0	5,9	7,0
46,59	49,99	7,0	5,9	7,0
46,61	49,99	7,0	5,9	7,0
46,64	49,99	7,0	5,9	7,0
46,66	49,99	7,0	5,9	7,0
46,69	49,99	7,0	5,9	7,0
46,71	49,99	7,0	5,9	7,0
46,73	49,99	7,0	5,9	7,0
46,76	49,99	7,0	5,9	7,0
46,78	49,99	7,0	5,9	7,0
46,81	49,99	7,0	5,9	7,0
46,83	49,99	7,0	5,9	7,0
46,86	49,99	7,0	5,9	7,0
46,88	49,99	7,0	5,9	7,0
46,91	49,99	7,0	5,9	7,0
46,93	49,99	7,0	5,9	7,0
46,95	49,99	7,0	5,9	7,0
46,98	49,99	7,0	5,9	7,0
47,00	49,99	7,0	5,9	7,0
47,03	49,99	7,0	5,9	7,0
47,05	49,99	7,0	5,9	7,0
47,08	49,99	7,0	5,9	7,0
47,10	49,99	7,0	5,9	7,0
47,13	49,99	7,0	5,9	7,0
47,15	49,99	7,0	5,9	7,0
47,17	49,99	7,0	5,9	7,0
47,20	49,99	7,0	5,9	7,0
47,22	49,99	7,0	5,9	7,0
47,25	49,99	7,0	5,9	7,0
47,27	49,99	7,0	5,9	7,0
47,30	49,99	7,0	5,9	7,0
47,32	49,99	7,0	5,9	7,0
47,35	49,99	7,0	5,9	7,0
47,37	49,99	7,0	5,9	7,0
47,39	49,99	7,0	5,9	7,0
47,42	49,99	7,0	5,9	7,0
47,44	49,99	7,0	5,9	7,0
47,47	49,99	7,0	5,9	7,0
47,49	49,99	7,0	5,9	7,0
47,52	49,99	7,0	5,9	7,0
47,54	49,99	7,0	5,9	7,0
47,57	49,99	7,0	5,9	7,0
47,59	49,99	7,0	5,9	7,0
47,61	49,99	7,0	5,9	7,0
47,64	49,99	7,0	5,9	7,0
47,66	49,99	7,0	5,9	7,0
47,69	49,99	7,0	5,9	7,0
47,71	49,99	7,0	5,9	7,0
47,74	49,99	7,0	5,9	7,0
47,76	49,99	7,0	5,9	7,0
47,78	49,99	7,0	5,9	7,0
47,81	49,99	7,0	5,9	7,0
47,83	49,99	7,0	5,9	7,0
47,86	49,99	7,0	5,9	7,0
47,88	49,99	7,0	5,9	7,0
47,91	49,99	7,0	5,9	7,0
47,93	49,99	7,0	5,9	7,0
47,96	49,99	7,0	5,9	7,0
47,98	49,99	7,0	5,9	7,0
48,00	49,99	7,0	5,9	7,0
48,03	49,99	7,0	5,9	7,0
48,05	49,99	7,0	5,9	7,0
48,08	49,99	7,0	5,9	7,0
48,10	49,99	7,0	5,9	7,0
48,13	49,99	7,0	5,9	7,0
48,15	49,99	7,0	5,9	7,0
48,18	49,99	7,0	5,9	7,0
48,20	49,99	7,0	5,9	7,0
48,22	49,99	7,0	5,9	7,0
48,25	49,99	7,0	5,9	7,0
48,27	49,99	7,0	5,9	7,0
48,30	49,99	7,0	5,9	7,0
48,32	49,99	7,0	5,9	7,0
48,35	49,99	7,0	5,9	7,0
48,37	49,99	7,0	5,9	7,0
48,40	49,99	7,0	5,9	7,0
48,42	49,99	7,0	5,9	7,0
48,44	49,99	7,0	5,9	7,0
48,47	49,99	7,0	5,9	7,0
48,49	49,99	7,0	5,9	7,0
48,52	49,99	7,0	5,9	7,0
48,54	49,99	7,0	5,9	7,0
48,57	49,99	7,0	5,9	7,0
48,59	49,99	7,0	5,9	7,0
48,62	49,99	7,0	5,9	7,0
48,64	49,99	7,0	5,9	7,0
48,66	49,99	7,0	5,9	7,0
48,69	49,99	7,0	5,9	7,0
48,71	49,99	7,0	5,9	7,0
48,74	49,99	7,0	5,9	7,0
48,76	49,99	7,0	5,9	7,0
48,79	49,99	7,0	5,9	7,0
48,81	49,99	7,0	5,9	7,0
48,84	49,99	7,0	5,9	7,0
48,86	49,99	7,0	5,9	7,0
48,88	49,99	7,0	5,9	7,0
48,91	49,99	7,0	5,9	7,0
48,93	49,99	7,0	5,9	7,0
48,96	49,99	7,0	5,9	7,0
48,98	49,99	7,0	5,9	7,0
49,01	49,99	7,0	5,9	7,0
49,03	49,99	7,0	5,9	7,0
49,05	49,99	7,0	5,9	7,0
49,08	49,99	7,0	5,9	7,0
49,10	49,99	7,0	5,9	7,0
49,13	49,99	7,0	5,9	7,0
49,15	49,99	7,0	5,9	7,0
49,18	49,99	7,0	5,9	7,0
49,20	49,99	7,0	5,9	7,0
49,23	49,99	7,0	5,9	7,0
49,25	49,99	7,0	5,9	7,0
49,27	49,99	7,0	5,9	7,0
49,30	49,99	7,0	5,9	7,0
49,32	49,99	7,0	5,9	7,0
49,35	49,99	7,0	5,9	7,0
49,37	49,99	7,0	5,9	7,0
49,40	49,99	7,0	5,9	7,0
49,42	49,99	7,0	5,9	7,0
49,45	49,99	7,0	5,9	7,0
49,47	49,99	7,0	5,9	7,0
49,49	49,99	7,0	5,9	7,0
49,52	49,99	7,0	5,9	7,0
49,54	49,99	7,0	5,9	7,0
49,57	49,99	7,0	5,9	7,0
49,59	49,99	7,0	5,9	7,0
49,62	49,99	7,0	5,9	7,0
49,64	49,99	7,0	5,9	7,0
49,67	49,99	7,0	5,9	7,0
49,69	49,99	7,0	5,9	7,0
49,71	49,99	7,0	5,9	7,0
49,74	49,99	7,0	5,9	7,0
49,76	49,99	7,0	5,9	7,0
49,79	49,99	7,0	5,9	7,0
49,81	49,99	7,0	5,9	7,0
49,84	49,99	7,0	5,9	7,0
49,86	49,99	7,0	5,9	7,0
49,89	49,99	7,0	5,9	7,0
49,91	49,99	7,0	5,9	7,0
49,93	49,99	7,0	5,9	7,0
49,96	49,99	7,0	5,9	7,0
49,98	49,99	7,0	5,9	7,0
50,01	49,99	7,0	5,9	7,0
50,03	49,99	7,0	5,9	7,0
50,06	49,99	7,0	5,9	7,0
50,08	49,99	7,0	5,9	7,0
50,10	49,99	7,0	5,9	7,0
50,13	49,99	7,0	5,9	7,0
50,15	49,99	7,0	5,9	7,0
50,18	49,99	7,0	5,9	7,0
50,20	49,99	7,0	5,9	7,0
50,23	49,99	7,0	5,9	7,0
50,25	49,99	7,0	5,9	7,0
50,28	49,99	7,0	5,9	7,0
50,30	49,99	7,0	5,9	7,0
50,32	49,99	7,0	5,9	7,0
50,35	49,99	7,0	5,9	7,0
50,37	49,99	7,0	5,9	7,0
50,40	49,99	7,0	5,9	7,0
50,42	49,99	7,0	5,9	7,0
50,45	49,99	7,0	5,9	7,0
50,47	49,99	7,0	5,9	7,0
50,50	49,99	7,0	5,9	7,0
50,52	49,99	7,0	5,9	7,0
50,54	49,99	7,0	5,9	7,0
50,57	49,99	7,0	5,9	7,0
50,59	49,99	7,0	5,9	7,0
50,62	49,99	7,0	5,9	7,0
50,64	49,99	7,0	5,9	7,0
50,67	49,99	7,0	5,9	7,0
50,69	49,99	7,0	5,9	7,0
50,72	49,99	7,0	5,9	7,0
50,74	49,99	7,0	5,9	7,0
50,76	49,99	7,0	5,9	7,0
50,79	49,99	7,0	5,9	7,0
50,81	49,99	7,0	5,9	7,0
50,84	49,99	7,0	5,9	7,0
50,86	49,99	7,0	5,9	7,0
50,89	49,99	7,0	5,9	7,0
50,91	49,99	7,0	5,9	7,0
50,94	49,99	7,0	5,9	7,0
50,96	49,99	7,0	5,9	7,0
50,98	49,99	7,0	5,9	7,0
51,01	49,99	7,0	5,9	7,0
51,03	49,99	7,0	5,9	7,0
51,06	49,99	7,0	5,9	7,0
51,08	49,99	7,0	5,9	7,0
51,11	49,99	7,0	5,9	7,0
51,13	49,99	7,0	5,9	7,0
51,15	49,99	7,0	5,9	7,0
51,18	49,99	7,0	5,9	7,0
51,20	49,99	7,0	5,9	7,0
51,23	49,99	7,0	5,9	7,0
51,25	49,99	7,0	5,9	7,0
51,28	49,99	7,0	5,9	7,0
51,30	49,99	7,0	5,9	7,0
51,33	49,99	7,0	5,9	7,0
51,35	49,99	7,0	5,9	7,0
51,37	49,99	7,0	5,9	7,0
51,40	49,99	7,0	5,9	7,0
51,42	49,99	7,0	5,9	7,0
51,45	49,99	7,0	5,9	7,0
51,47	49,99	7,0	5,9	7,0
51,50	49,99	7,0	5,9	7,0
51,52	49,99	7,0	5,9	7,0
51,55	49,99	7,0	5,9	7,0
51,57	49,99	7,0	5,9	7,0
51,59	49,99	7,0	5,9	7,0
51,62	49,99	7,0	5,9	7,0
51,64	49,99	7,0	5,9	7,0
51,67	49,99	7,0	5,9	7,0
51,69	49,99	7,0	5,9	7,0
51,72	49,99	7,0	5,9	7,0
51,74	49,99	7,0	5,9	7,0
51,77	49,99	7,0	5,9	7,0
51,79	49,99	7,0	5,9	7,0
51,81	49,99	7,0	5,9	7,0
51,84	49,99	7,0	5,9	7,0
51,86	49,99	7,0	5,9	7,0
51,89	49,99	7,0	5,9	7,0
51,91	49,99	7,0	5,9	7,0
51,94	49,99	7,0	5,9	7,0
51,96	49,99	7,0	5,9	7,0
51,99	49,99	7,0	5,9	7,0
52,01	49,99	7,0	5,9	7,0
52,03	49,99	7,0	5,9	7,0
52,06	49,99	7,0	5,9	7,0
52,08	49,99	7,0	5,9	7,0
52,11	49,99	7,0	5,9	7,0
52,13	49,99	7,0	5,9	7,0
52,16	49,99	7,0	5,9	7,0
52,18	49,99	7,0	5,9	7,0
52,20	49,99	7,0	5,9	7,0
52,23	49,99	7,0	5,9	7,0
52,25	49,99	7,0	5,9	7,0
52,28	49,99	7,0	5,9	7,0
52,30	49,99	7,0	5,9	7,0
52,33	49,99	7,0	5,9	7,0
52,35	49,99	7,0	5,9	7,0
52,38	49,99	7,0	5,9	7,0
52,40	49,99	7,0	5,9	7,0
52,42	49,99	7,0	5,9	7,0
52,45	49,99	7,0	5,9	7,0
52,47	49,99	7,0	5,9	7,0
52,50	49,99	7,0	5,9	7,0
52,52	49,99	7,0	5,9	7,0
52,55	49,99	7,0	5,9	7,0
52,57	49,99	7,0	5,9	7,0
52,60	49,99	7,0	5,9	7,0
52,62	49,99	7,0	5,9	7,0
52,64	49,99	7,0	5,9	7,0
52,67	49,99	7,0	5,9	7,0
52,69	49,99	7,0	5,9	7,0
52,72	49,99	7,0	5,9	7,0
52,74	49,99	7,0	5,9	7,0
52,77	49,99	7,0	5,9	7,0
52,79	49,99	7,0	5,9	7,0
52,82	49,99	7,0	5,9	7,0
52,84	49,99	7,0	5,9	7,0
52,86	49,99	7,0	5,9	7,0
52,89	49,99	7,0	5,9	7,0
52,91	49,99	7,0	5,9	7,0
52,94	49,99	7,0	5,9	7,0
52,96	49,99	7,0	5,9	7,0
52,99	49,99	7,0	5,9	7,0
53,01	49,99	7,0	5,9	7,0
53,04	49,99	7,0	5,9	7,0
53,06	49,99	7,0	5,9	7,0
53,08	49,99	7,0	5,9	7,0
53,11	49,99	7,0	5,9	7,0
53,13	49,99	7,0	5,9	7,0
53,16	49,99	7,0	5,9	7,0
53,18	49,99	7,0	5,9	7,0
53,21	49,99	7,0	5,9	7,0
53,23	49,99	7,0	5,9	7,0
53,26	49,99	7,0	5,9	7,0
53,28	49,99	7,0	5,9	7,0
53,30	49,99	7,0	5,9	7,0
53,33	49,99	7,0	5,9	7,0
53,35	49,99	7,0	5,9	7,0
53,38	49,99	7,0	5,9	7,0
53,40	49,99	7,0	5,9	7,0
53,43	49,99	7,0	5,9	7,0
53,45	49,99	7,0	5,9	7,0
53,47	49,99	7,0	5,9	7,0
53,50	49,99	7,0	5,9	7,0
53,52	49,99	7,0	5,9	7,0
53,55	49,99	7,0	5,9	7,0
53,57	49,99	7,0	5,9	7,0
53,60	49,99	7,0	5,9	7,0
53,62	49,99	7,0	5,9	7,0
53,65	49,99	7,0	5,9	7,0
53,67	49,99	7,0	5,9	7,0
53,69	49,99	7,0	5,9	7,0
53,72	49,99	7,0	5,9	7,0
53,74	49,99	7,0	5,9	7,0
53,77	49,99	7,0	5,9	7,0
53,79	49,99	7,0	5,9	7,0
53,82	49,99	7,0	5,9	7,0
53,84	49,99	7,0	5,9	7,0
53,87	49,99	7,0	5,9	7,0
53,89	49,99	7,0	5,9	7,0
53,91	49,99	7,0	5,9	7,0
53,94	49,99	7,0	5,9	7,0
53,96	49,99	7,0	5,9	7,0
53,99	49,99	7,0	5,9	7,0
54,01	49,99	7,0	5,9	7,0
54,04	49,99	7,0	5,9	7,0
54,06	49,99	7,0	5,9	7,0
54,09	49,99	7,0	5,9	7,0
54,11	49,99	7,0	5,9	7,0
54,13	49,99	7,0	5,9	7,0
54,16	49,99	7,0	5,9	7,0
54,18	49,99	7,0	5,9	7,0
54,21	49,99	7,0	5,9	7,0
54,23	49,99	7,0	5,9	7,0
54,26	49,99	7,0	5,9	7,0
54,28	49,99	7,0	5,9	7,0
54,31	49,99	7,0	5,9	7,0
54,33	49,99	7,0	5,9	7,0
54,35	49,99	7,0	5,9	7,0
54,38	49,99	7,0	5,9	7,0
54,40	49,99	7,0	5,9	7,0
54,43	49,99	7,0	5,9	7,0
54,45	49,99	7,0	5,9	7,0
54,48	49,99	7,0	5,9	7,0
54,50	49,99	7,0	5,9	7,0
54,52	49,99	7,0	5,9	7,0
54,55	49,99	7,0	5,9	7,0
54,57	49,99	7,0	5,9	7,0
54,60	49,99	7,0	5,9	7,0
54,62	49,99	7,0	5,9	7,0
54,65	49,99	7,0	5,9	7,0
54,67	49,99	7,0	5,9	7,0
54,70	49,99	7,0	5,9	7,0
54,72	49,99	7,0	5,9	7,0
54,74	49,99	7,0	5,9	7,0
54,77	49,99	7,0	5,9	7,0
54,79	49,99	7,0	5,9	7,0
54,82	49,99	7,0	5,9	7,0
54,84	49,99	7,0	5,9	7,0
