Voltage U1	Corriente IA	Voltage U2	Voltage U3	Voltage UH
U1/V	IA/nA	U2/V	U3/V	UH/V

0,02	9,86	1,0	5,9	7,0
0,04	9,88	1,0	5,9	7,0
0,07	9,92	1,0	5,9	7,0
0,09	9,92	1,0	5,9	7,0
0,12	9,93	1,0	5,9	7,0
0,14	9,98	1,0	5,9	7,0
0,17	10,03	1,0	5,9	7,0
0,19	10,06	1,0	5,9	7,0
0,21	10,13	1,0	5,9	7,0
0,24	10,24	1,0	5,9	7,0
0,26	10,32	1,0	5,9	7,0
0,29	10,35	1,0	5,9	7,0
0,31	10,42	1,0	5,9	7,0
0,34	10,53	1,0	5,9	7,0
0,36	10,59	1,0	5,9	7,0
0,39	10,62	1,0	5,9	7,0
0,41	10,68	1,0	5,9	7,0
0,43	10,79	1,0	5,9	7,0
0,46	10,85	1,0	5,9	7,0
0,48	10,88	1,0	5,9	7,0
0,51	10,95	1,0	5,9	7,0
0,53	11,06	1,0	5,9	7,0
0,56	11,12	1,0	5,9	7,0
0,58	11,14	1,0	5,9	7,0
0,61	11,21	1,0	5,9	7,0
0,63	11,32	1,0	5,9	7,0
0,65	11,38	1,0	5,9	7,0
0,68	11,41	1,0	5,9	7,0
0,70	11,49	1,0	5,9	7,0
0,73	11,60	1,0	5,9	7,0
0,75	11,67	1,0	5,9	7,0
0,78	11,70	1,0	5,9	7,0
0,80	11,79	1,0	5,9	7,0
0,83	11,89	1,0	5,9	7,0
0,85	11,94	1,0	5,9	7,0
0,87	11,98	1,0	5,9	7,0
0,90	12,07	1,0	5,9	7,0
0,92	12,17	1,0	5,9	7,0
0,95	12,22	1,0	5,9	7,0
0,97	12,25	1,0	5,9	7,0
1,00	12,35	1,0	5,9	7,0
1,02	12,45	1,0	5,9	7,0
1,05	12,49	1,0	5,9	7,0
1,07	12,51	1,0	5,9	7,0
1,09	12,61	1,0	5,9	7,0
1,12	12,71	1,0	5,9	7,0
1,14	12,74	1,0	5,9	7,0
1,17	12,78	1,0	5,9	7,0
1,19	12,88	1,0	5,9	7,0
1,22	12,97	1,0	5,9	7,0
1,24	13,01	1,0	5,9	7,0
1,26	13,04	1,0	5,9	7,0
1,29	13,15	1,0	5,9	7,0
1,31	13,24	1,0	5,9	7,0
1,34	13,26	1,0	5,9	7,0
1,36	13,31	1,0	5,9	7,0
1,39	13,41	1,0	5,9	7,0
1,41	13,49	1,0	5,9	7,0
1,44	13,51	1,0	5,9	7,0
1,46	13,57	1,0	5,9	7,0
1,48	13,67	1,0	5,9	7,0
1,51	13,75	1,0	5,9	7,0
1,53	13,77	1,0	5,9	7,0
1,56	13,83	1,0	5,9	7,0
1,58	13,93	1,0	5,9	7,0
1,61	14,01	1,0	5,9	7,0
1,63	14,02	1,0	5,9	7,0
1,66	14,08	1,0	5,9	7,0
1,68	14,19	1,0	5,9	7,0
1,70	14,26	1,0	5,9	7,0
1,73	14,28	1,0	5,9	7,0
1,75	14,35	1,0	5,9	7,0
1,78	14,44	1,0	5,9	7,0
1,80	14,51	1,0	5,9	7,0
1,83	14,52	1,0	5,9	7,0
1,85	14,58	1,0	5,9	7,0
1,88	14,69	1,0	5,9	7,0
1,90	14,76	1,0	5,9	7,0
1,92	14,77	1,0	5,9	7,0
1,95	14,86	1,0	5,9	7,0
1,97	14,97	1,0	5,9	7,0
2,00	15,03	1,0	5,9	7,0
2,02	15,03	1,0	5,9	7,0
2,05	15,11	1,0	5,9	7,0
2,07	15,21	1,0	5,9	7,0
2,10	15,26	1,0	5,9	7,0
2,12	15,28	1,0	5,9	7,0
2,14	15,35	1,0	5,9	7,0
2,17	15,46	1,0	5,9	7,0
2,19	15,51	1,0	5,9	7,0
2,22	15,52	1,0	5,9	7,0
2,24	15,59	1,0	5,9	7,0
2,27	15,70	1,0	5,9	7,0
2,29	15,73	1,0	5,9	7,0
2,31	15,76	1,0	5,9	7,0
2,34	15,88	1,0	5,9	7,0
2,36	15,95	1,0	5,9	7,0
2,39	15,95	1,0	5,9	7,0
2,41	16,00	1,0	5,9	7,0
2,44	16,11	1,0	5,9	7,0
2,46	16,19	1,0	5,9	7,0
2,49	16,18	1,0	5,9	7,0
2,51	16,23	1,0	5,9	7,0
2,53	16,35	1,0	5,9	7,0
2,56	16,42	1,0	5,9	7,0
2,58	16,41	1,0	5,9	7,0
2,61	16,46	1,0	5,9	7,0
2,63	16,56	1,0	5,9	7,0
2,66	16,59	1,0	5,9	7,0
2,68	16,62	1,0	5,9	7,0
2,71	16,71	1,0	5,9	7,0
2,73	16,80	1,0	5,9	7,0
2,75	16,81	1,0	5,9	7,0
2,78	16,84	1,0	5,9	7,0
2,80	16,93	1,0	5,9	7,0
2,83	17,00	1,0	5,9	7,0
2,85	17,01	1,0	5,9	7,0
2,88	17,04	1,0	5,9	7,0
2,90	17,14	1,0	5,9	7,0
2,93	17,22	1,0	5,9	7,0
2,95	17,23	1,0	5,9	7,0
2,97	17,24	1,0	5,9	7,0
3,00	17,34	1,0	5,9	7,0
3,02	17,41	1,0	5,9	7,0
3,05	17,42	1,0	5,9	7,0
3,07	17,45	1,0	5,9	7,0
3,10	17,55	1,0	5,9	7,0
3,12	17,61	1,0	5,9	7,0
3,15	17,64	1,0	5,9	7,0
3,17	17,68	1,0	5,9	7,0
3,19	17,78	1,0	5,9	7,0
3,22	17,84	1,0	5,9	7,0
3,24	17,85	1,0	5,9	7,0
3,27	17,89	1,0	5,9	7,0
3,29	18,00	1,0	5,9	7,0
3,32	18,06	1,0	5,9	7,0
3,34	18,06	1,0	5,9	7,0
3,36	18,11	1,0	5,9	7,0
3,39	18,21	1,0	5,9	7,0
3,41	18,27	1,0	5,9	7,0
3,44	18,27	1,0	5,9	7,0
3,46	18,32	1,0	5,9	7,0
3,49	18,40	1,0	5,9	7,0
3,51	18,44	1,0	5,9	7,0
3,54	18,43	1,0	5,9	7,0
3,56	18,49	1,0	5,9	7,0
3,58	18,59	1,0	5,9	7,0
3,61	18,63	1,0	5,9	7,0
3,63	18,63	1,0	5,9	7,0
3,66	18,69	1,0	5,9	7,0
3,68	18,78	1,0	5,9	7,0
3,71	18,82	1,0	5,9	7,0
3,73	18,82	1,0	5,9	7,0
3,76	18,88	1,0	5,9	7,0
3,78	18,98	1,0	5,9	7,0
3,80	19,01	1,0	5,9	7,0
3,83	19,01	1,0	5,9	7,0
3,85	19,09	1,0	5,9	7,0
3,88	19,19	1,0	5,9	7,0
3,90	19,22	1,0	5,9	7,0
3,93	19,22	1,0	5,9	7,0
3,95	19,29	1,0	5,9	7,0
3,98	19,38	1,0	5,9	7,0
4,00	19,39	1,0	5,9	7,0
4,02	19,39	1,0	5,9	7,0
4,05	19,45	1,0	5,9	7,0
4,07	19,56	1,0	5,9	7,0
4,10	19,57	1,0	5,9	7,0
4,12	19,57	1,0	5,9	7,0
4,15	19,65	1,0	5,9	7,0
4,17	19,74	1,0	5,9	7,0
4,20	19,74	1,0	5,9	7,0
4,22	19,75	1,0	5,9	7,0
4,24	19,83	1,0	5,9	7,0
4,27	19,90	1,0	5,9	7,0
4,29	19,92	1,0	5,9	7,0
4,32	19,94	1,0	5,9	7,0
4,34	20,02	1,0	5,9	7,0
4,37	20,12	1,0	5,9	7,0
4,39	20,12	1,0	5,9	7,0
4,42	20,14	1,0	5,9	7,0
4,44	20,23	1,0	5,9	7,0
4,46	20,30	1,0	5,9	7,0
4,49	20,30	1,0	5,9	7,0
4,51	20,32	1,0	5,9	7,0
4,54	20,42	1,0	5,9	7,0
4,56	20,48	1,0	5,9	7,0
4,59	20,50	1,0	5,9	7,0
4,61	20,51	1,0	5,9	7,0
4,63	20,62	1,0	5,9	7,0
4,66	20,69	1,0	5,9	7,0
4,68	20,68	1,0	5,9	7,0
4,71	20,69	1,0	5,9	7,0
4,73	20,79	1,0	5,9	7,0
4,76	20,83	1,0	5,9	7,0
4,78	20,83	1,0	5,9	7,0
4,81	20,90	1,0	5,9	7,0
4,83	21,00	1,0	5,9	7,0
4,85	21,00	1,0	5,9	7,0
4,88	21,02	1,0	5,9	7,0
4,90	21,09	1,0	5,9	7,0
4,93	21,19	1,0	5,9	7,0
4,95	21,20	1,0	5,9	7,0
4,98	21,20	1,0	5,9	7,0
5,00	21,29	1,0	5,9	7,0
5,03	21,40	1,0	5,9	7,0
5,05	21,40	1,0	5,9	7,0
5,07	21,43	1,0	5,9	7,0
5,10	21,53	1,0	5,9	7,0
5,12	21,58	1,0	5,9	7,0
5,15	21,58	1,0	5,9	7,0
5,17	21,64	1,0	5,9	7,0
5,20	21,73	1,0	5,9	7,0
5,22	21,78	1,0	5,9	7,0
5,25	21,77	1,0	5,9	7,0
5,27	21,83	1,0	5,9	7,0
5,29	21,94	1,0	5,9	7,0
5,32	21,98	1,0	5,9	7,0
5,34	21,98	1,0	5,9	7,0
5,37	22,04	1,0	5,9	7,0
5,39	22,13	1,0	5,9	7,0
5,42	22,16	1,0	5,9	7,0
5,44	22,16	1,0	5,9	7,0
5,47	22,22	1,0	5,9	7,0
5,49	22,32	1,0	5,9	7,0
5,51	22,36	1,0	5,9	7,0
5,54	22,35	1,0	5,9	7,0
5,56	22,43	1,0	5,9	7,0
5,59	22,54	1,0	5,9	7,0
5,61	22,56	1,0	5,9	7,0
5,64	22,56	1,0	5,9	7,0
5,66	22,64	1,0	5,9	7,0
5,68	22,75	1,0	5,9	7,0
5,71	22,77	1,0	5,9	7,0
5,73	22,79	1,0	5,9	7,0
5,76	22,89	1,0	5,9	7,0
5,78	23,00	1,0	5,9	7,0
5,81	23,02	1,0	5,9	7,0
5,83	23,03	1,0	5,9	7,0
5,86	23,13	1,0	5,9	7,0
5,88	23,23	1,0	5,9	7,0
5,90	23,24	1,0	5,9	7,0
5,93	23,25	1,0	5,9	7,0
5,95	23,34	1,0	5,9	7,0
5,98	23,45	1,0	5,9	7,0
6,00	23,46	1,0	5,9	7,0
6,03	23,48	1,0	5,9	7,0
6,05	23,57	1,0	5,9	7,0
6,08	23,66	1,0	5,9	7,0
6,10	23,66	1,0	5,9	7,0
6,12	23,68	1,0	5,9	7,0
6,15	23,79	1,0	5,9	7,0
6,17	23,88	1,0	5,9	7,0
6,20	23,89	1,0	5,9	7,0
6,22	23,92	1,0	5,9	7,0
6,25	24,02	1,0	5,9	7,0
6,27	24,12	1,0	5,9	7,0
6,30	24,13	1,0	5,9	7,0
6,32	24,16	1,0	5,9	7,0
6,34	24,27	1,0	5,9	7,0
6,37	24,35	1,0	5,9	7,0
6,39	24,35	1,0	5,9	7,0
6,42	24,39	1,0	5,9	7,0
6,44	24,51	1,0	5,9	7,0
6,47	24,57	1,0	5,9	7,0
6,49	24,57	1,0	5,9	7,0
6,52	24,62	1,0	5,9	7,0
6,54	24,72	1,0	5,9	7,0
6,56	24,77	1,0	5,9	7,0
6,59	24,77	1,0	5,9	7,0
6,61	24,81	1,0	5,9	7,0
6,64	24,93	1,0	5,9	7,0
6,66	24,98	1,0	5,9	7,0
6,69	24,98	1,0	5,9	7,0
6,71	25,04	1,0	5,9	7,0
6,73	25,15	1,0	5,9	7,0
6,76	25,21	1,0	5,9	7,0
6,78	25,22	1,0	5,9	7,0
6,81	25,28	1,0	5,9	7,0
6,83	25,39	1,0	5,9	7,0
6,86	25,45	1,0	5,9	7,0
6,88	25,47	1,0	5,9	7,0
6,91	25,53	1,0	5,9	7,0
6,93	25,64	1,0	5,9	7,0
6,95	25,69	1,0	5,9	7,0
6,98	25,70	1,0	5,9	7,0
7,00	25,77	1,0	5,9	7,0
7,03	25,88	1,0	5,9	7,0
7,05	25,93	1,0	5,9	7,0
7,08	25,93	1,0	5,9	7,0
7,10	26,00	1,0	5,9	7,0
7,13	26,12	1,0	5,9	7,0
7,15	26,15	1,0	5,9	7,0
7,17	26,15	1,0	5,9	7,0
7,20	26,24	1,0	5,9	7,0
7,22	26,33	1,0	5,9	7,0
7,25	26,31	1,0	5,9	7,0
7,27	26,35	1,0	5,9	7,0
7,30	26,48	1,0	5,9	7,0
7,32	26,55	1,0	5,9	7,0
7,35	26,53	1,0	5,9	7,0
7,37	26,57	1,0	5,9	7,0
7,39	26,70	1,0	5,9	7,0
7,42	26,77	1,0	5,9	7,0
7,44	26,76	1,0	5,9	7,0
7,47	26,81	1,0	5,9	7,0
7,49	26,96	1,0	5,9	7,0
7,52	27,00	1,0	5,9	7,0
7,54	27,01	1,0	5,9	7,0
7,57	27,11	1,0	5,9	7,0
7,59	27,21	1,0	5,9	7,0
7,61	27,22	1,0	5,9	7,0
7,64	27,23	1,0	5,9	7,0
7,66	27,33	1,0	5,9	7,0
7,69	27,44	1,0	5,9	7,0
7,71	27,45	1,0	5,9	7,0
7,74	27,47	1,0	5,9	7,0
7,76	27,56	1,0	5,9	7,0
7,78	27,65	1,0	5,9	7,0
7,81	27,65	1,0	5,9	7,0
7,83	27,68	1,0	5,9	7,0
7,86	27,78	1,0	5,9	7,0
7,88	27,87	1,0	5,9	7,0
7,91	27,87	1,0	5,9	7,0
7,93	27,91	1,0	5,9	7,0
7,96	28,03	1,0	5,9	7,0
7,98	28,11	1,0	5,9	7,0
8,00	28,10	1,0	5,9	7,0
8,03	28,14	1,0	5,9	7,0
8,05	28,25	1,0	5,9	7,0
8,08	28,32	1,0	5,9	7,0
8,10	28,32	1,0	5,9	7,0
8,13	28,35	1,0	5,9	7,0
8,15	28,46	1,0	5,9	7,0
8,18	28,54	1,0	5,9	7,0
8,20	28,54	1,0	5,9	7,0
8,22	28,59	1,0	5,9	7,0
8,25	28,70	1,0	5,9	7,0
8,27	28,76	1,0	5,9	7,0
8,30	28,76	1,0	5,9	7,0
8,32	28,81	1,0	5,9	7,0
8,35	28,93	1,0	5,9	7,0
8,37	28,99	1,0	5,9	7,0
8,40	28,99	1,0	5,9	7,0
8,42	29,05	1,0	5,9	7,0
8,44	29,16	1,0	5,9	7,0
8,47	29,21	1,0	5,9	7,0
8,49	29,21	1,0	5,9	7,0
8,52	29,27	1,0	5,9	7,0
8,54	29,38	1,0	5,9	7,0
8,57	29,42	1,0	5,9	7,0
8,59	29,40	1,0	5,9	7,0
8,62	29,48	1,0	5,9	7,0
8,64	29,60	1,0	5,9	7,0
8,66	29,63	1,0	5,9	7,0
8,69	29,63	1,0	5,9	7,0
8,71	29,71	1,0	5,9	7,0
8,74	29,82	1,0	5,9	7,0
8,76	29,86	1,0	5,9	7,0
8,79	29,85	1,0	5,9	7,0
8,81	29,92	1,0	5,9	7,0
8,84	30,03	1,0	5,9	7,0
8,86	30,06	1,0	5,9	7,0
8,88	30,07	1,0	5,9	7,0
8,91	30,16	1,0	5,9	7,0
8,93	30,27	1,0	5,9	7,0
8,96	30,30	1,0	5,9	7,0
8,98	30,31	1,0	5,9	7,0
9,01	30,39	1,0	5,9	7,0
9,03	30,50	1,0	5,9	7,0
9,05	30,53	1,0	5,9	7,0
9,08	30,52	1,0	5,9	7,0
9,10	30,62	1,0	5,9	7,0
9,13	30,73	1,0	5,9	7,0
9,15	30,75	1,0	5,9	7,0
9,18	30,76	1,0	5,9	7,0
9,20	30,86	1,0	5,9	7,0
9,23	30,96	1,0	5,9	7,0
9,25	30,97	1,0	5,9	7,0
9,27	30,98	1,0	5,9	7,0
9,30	31,08	1,0	5,9	7,0
9,32	31,18	1,0	5,9	7,0
9,35	31,18	1,0	5,9	7,0
9,37	31,20	1,0	5,9	7,0
9,40	31,32	1,0	5,9	7,0
9,42	31,42	1,0	5,9	7,0
9,45	31,42	1,0	5,9	7,0
9,47	31,44	1,0	5,9	7,0
9,49	31,56	1,0	5,9	7,0
9,52	31,65	1,0	5,9	7,0
9,54	31,65	1,0	5,9	7,0
9,57	31,67	1,0	5,9	7,0
9,59	31,78	1,0	5,9	7,0
9,62	31,88	1,0	5,9	7,0
9,64	31,88	1,0	5,9	7,0
9,67	31,97	1,0	5,9	7,0
9,69	32,11	1,0	5,9	7,0
9,71	32,13	1,0	5,9	7,0
9,74	32,11	1,0	5,9	7,0
9,76	32,21	1,0	5,9	7,0
9,79	32,34	1,0	5,9	7,0
9,81	32,36	1,0	5,9	7,0
9,84	32,35	1,0	5,9	7,0
9,86	32,46	1,0	5,9	7,0
9,89	32,60	1,0	5,9	7,0
9,91	32,63	1,0	5,9	7,0
9,93	32,61	1,0	5,9	7,0
9,96	32,74	1,0	5,9	7,0
9,98	32,80	1,0	5,9	7,0
10,01	32,80	1,0	5,9	7,0
10,03	32,86	1,0	5,9	7,0
10,06	32,99	1,0	5,9	7,0
10,08	33,06	1,0	5,9	7,0
10,10	33,06	1,0	5,9	7,0
10,13	33,12	1,0	5,9	7,0
10,15	33,25	1,0	5,9	7,0
10,18	33,30	1,0	5,9	7,0
10,20	33,30	1,0	5,9	7,0
10,23	33,38	1,0	5,9	7,0
10,25	33,51	1,0	5,9	7,0
10,28	33,56	1,0	5,9	7,0
10,30	33,57	1,0	5,9	7,0
10,32	33,65	1,0	5,9	7,0
10,35	33,77	1,0	5,9	7,0
10,37	33,83	1,0	5,9	7,0
10,40	33,83	1,0	5,9	7,0
10,42	33,91	1,0	5,9	7,0
10,45	34,06	1,0	5,9	7,0
10,47	34,09	1,0	5,9	7,0
10,50	34,10	1,0	5,9	7,0
10,52	34,19	1,0	5,9	7,0
10,54	34,31	1,0	5,9	7,0
10,57	34,35	1,0	5,9	7,0
10,59	34,36	1,0	5,9	7,0
10,62	34,46	1,0	5,9	7,0
10,64	34,59	1,0	5,9	7,0
10,67	34,62	1,0	5,9	7,0
10,69	34,63	1,0	5,9	7,0
10,72	34,74	1,0	5,9	7,0
10,74	34,86	1,0	5,9	7,0
10,76	34,90	1,0	5,9	7,0
10,79	34,90	1,0	5,9	7,0
10,81	35,01	1,0	5,9	7,0
10,84	35,13	1,0	5,9	7,0
10,86	35,16	1,0	5,9	7,0
10,89	35,18	1,0	5,9	7,0
10,91	35,30	1,0	5,9	7,0
10,94	35,41	1,0	5,9	7,0
10,96	35,44	1,0	5,9	7,0
10,98	35,47	1,0	5,9	7,0
11,01	35,59	1,0	5,9	7,0
11,03	35,71	1,0	5,9	7,0
11,06	35,73	1,0	5,9	7,0
11,08	35,77	1,0	5,9	7,0
11,11	35,92	1,0	5,9	7,0
11,13	36,03	1,0	5,9	7,0
11,15	36,05	1,0	5,9	7,0
11,18	36,08	1,0	5,9	7,0
11,20	36,21	1,0	5,9	7,0
11,23	36,33	1,0	5,9	7,0
11,25	36,35	1,0	5,9	7,0
11,28	36,39	1,0	5,9	7,0
11,30	36,55	1,0	5,9	7,0
11,33	36,67	1,0	5,9	7,0
11,35	36,67	1,0	5,9	7,0
11,37	36,73	1,0	5,9	7,0
11,40	36,87	1,0	5,9	7,0
11,42	36,97	1,0	5,9	7,0
11,45	36,98	1,0	5,9	7,0
11,47	37,04	1,0	5,9	7,0
11,50	37,19	1,0	5,9	7,0
11,52	37,30	1,0	5,9	7,0
11,55	37,30	1,0	5,9	7,0
11,57	37,37	1,0	5,9	7,0
11,59	37,53	1,0	5,9	7,0
11,62	37,62	1,0	5,9	7,0
11,64	37,61	1,0	5,9	7,0
11,67	37,70	1,0	5,9	7,0
11,69	37,85	1,0	5,9	7,0
11,72	37,93	1,0	5,9	7,0
11,74	37,95	1,0	5,9	7,0
11,77	38,05	1,0	5,9	7,0
11,79	38,21	1,0	5,9	7,0
11,81	38,30	1,0	5,9	7,0
11,84	38,32	1,0	5,9	7,0
11,86	38,41	1,0	5,9	7,0
11,89	38,57	1,0	5,9	7,0
11,91	38,63	1,0	5,9	7,0
11,94	38,66	1,0	5,9	7,0
11,96	38,78	1,0	5,9	7,0
11,99	38,96	1,0	5,9	7,0
12,01	39,03	1,0	5,9	7,0
12,03	39,07	1,0	5,9	7,0
12,06	39,19	1,0	5,9	7,0
12,08	39,35	1,0	5,9	7,0
12,11	39,36	1,0	5,9	7,0
12,13	39,42	1,0	5,9	7,0
12,16	39,60	1,0	5,9	7,0
12,18	39,73	1,0	5,9	7,0
12,21	39,76	1,0	5,9	7,0
12,23	39,85	1,0	5,9	7,0
12,25	40,02	1,0	5,9	7,0
12,28	40,14	1,0	5,9	7,0
12,30	40,15	1,0	5,9	7,0
12,33	40,24	1,0	5,9	7,0
12,35	40,43	1,0	5,9	7,0
12,38	40,55	1,0	5,9	7,0
12,40	40,57	1,0	5,9	7,0
12,42	40,73	1,0	5,9	7,0
12,45	40,89	1,0	5,9	7,0
12,47	40,96	1,0	5,9	7,0
12,50	41,02	1,0	5,9	7,0
12,52	41,19	1,0	5,9	7,0
12,55	41,34	1,0	5,9	7,0
12,57	41,40	1,0	5,9	7,0
12,60	41,48	1,0	5,9	7,0
12,62	41,64	1,0	5,9	7,0
12,64	41,82	1,0	5,9	7,0
12,67	41,89	1,0	5,9	7,0
12,69	41,95	1,0	5,9	7,0
12,72	42,13	1,0	5,9	7,0
12,74	42,29	1,0	5,9	7,0
12,77	42,37	1,0	5,9	7,0
12,79	42,45	1,0	5,9	7,0
12,82	42,64	1,0	5,9	7,0
12,84	42,78	1,0	5,9	7,0
12,86	42,86	1,0	5,9	7,0
12,89	42,95	1,0	5,9	7,0
12,91	43,13	1,0	5,9	7,0
12,94	43,30	1,0	5,9	7,0
12,96	43,36	1,0	5,9	7,0
12,99	43,47	1,0	5,9	7,0
13,01	43,68	1,0	5,9	7,0
13,04	43,85	1,0	5,9	7,0
13,06	43,92	1,0	5,9	7,0
13,08	44,04	1,0	5,9	7,0
13,11	44,25	1,0	5,9	7,0
13,13	44,40	1,0	5,9	7,0
13,16	44,47	1,0	5,9	7,0
13,18	44,61	1,0	5,9	7,0
13,21	44,79	1,0	5,9	7,0
13,23	44,95	1,0	5,9	7,0
13,26	45,00	1,0	5,9	7,0
13,28	45,11	1,0	5,9	7,0
13,30	45,28	1,0	5,9	7,0
13,33	45,40	1,0	5,9	7,0
13,35	45,43	1,0	5,9	7,0
13,38	45,52	1,0	5,9	7,0
13,40	45,66	1,0	5,9	7,0
13,43	45,76	1,0	5,9	7,0
13,45	45,81	1,0	5,9	7,0
13,47	45,91	1,0	5,9	7,0
13,50	46,02	1,0	5,9	7,0
13,52	46,13	1,0	5,9	7,0
13,55	46,15	1,0	5,9	7,0
13,57	46,24	1,0	5,9	7,0
13,60	46,38	1,0	5,9	7,0
13,62	46,47	1,0	5,9	7,0
13,65	46,56	1,0	5,9	7,0
13,67	46,74	1,0	5,9	7,0
13,69	46,97	1,0	5,9	7,0
13,72	47,20	1,0	5,9	7,0
13,74	47,41	1,0	5,9	7,0
13,77	47,70	1,0	5,9	7,0
13,79	48,00	1,0	5,9	7,0
13,82	48,25	1,0	5,9	7,0
13,84	48,48	1,0	5,9	7,0
13,87	48,76	1,0	5,9	7,0
13,89	49,02	1,0	5,9	7,0
13,91	49,24	1,0	5,9	7,0
13,94	49,44	1,0	5,9	7,0
13,96	49,64	1,0	5,9	7,0
13,99	49,80	1,0	5,9	7,0
14,01	49,89	1,0	5,9	7,0
14,04	49,95	1,0	5,9	7,0
14,06	49,98	1,0	5,9	7,0
14,09	49,99	1,0	5,9	7,0
14,11	49,99	1,0	5,9	7,0
14,13	49,99	1,0	5,9	7,0
14,16	49,99	1,0	5,9	7,0
14,18	49,99	1,0	5,9	7,0
14,21	49,99	1,0	5,9	7,0
14,23	49,99	1,0	5,9	7,0
14,26	49,99	1,0	5,9	7,0
14,28	49,99	1,0	5,9	7,0
14,31	49,99	1,0	5,9	7,0
14,33	49,99	1,0	5,9	7,0
14,35	49,99	1,0	5,9	7,0
14,38	49,99	1,0	5,9	7,0
14,40	49,99	1,0	5,9	7,0
14,43	49,99	1,0	5,9	7,0
14,45	49,99	1,0	5,9	7,0
14,48	49,99	1,0	5,9	7,0
14,50	49,99	1,0	5,9	7,0
14,52	49,99	1,0	5,9	7,0
14,55	49,99	1,0	5,9	7,0
14,57	49,99	1,0	5,9	7,0
14,60	49,99	1,0	5,9	7,0
14,62	49,99	1,0	5,9	7,0
14,65	49,99	1,0	5,9	7,0
14,67	49,99	1,0	5,9	7,0
14,70	49,99	1,0	5,9	7,0
14,72	49,99	1,0	5,9	7,0
14,74	49,99	1,0	5,9	7,0
14,77	49,99	1,0	5,9	7,0
14,79	49,99	1,0	5,9	7,0
14,82	49,99	1,0	5,9	7,0
14,84	49,99	1,0	5,9	7,0
14,87	49,99	1,0	5,9	7,0
14,89	49,99	1,0	5,9	7,0
14,92	49,99	1,0	5,9	7,0
14,94	49,99	1,0	5,9	7,0
14,96	49,99	1,0	5,9	7,0
14,99	49,99	1,0	5,9	7,0
15,01	49,99	1,0	5,9	7,0
15,04	49,99	1,0	5,9	7,0
15,06	49,99	1,0	5,9	7,0
15,09	49,99	1,0	5,9	7,0
15,11	49,99	1,0	5,9	7,0
15,14	49,99	1,0	5,9	7,0
15,16	49,99	1,0	5,9	7,0
15,18	49,99	1,0	5,9	7,0
15,21	49,99	1,0	5,9	7,0
15,23	49,99	1,0	5,9	7,0
15,26	49,99	1,0	5,9	7,0
15,28	49,99	1,0	5,9	7,0
15,31	49,99	1,0	5,9	7,0
15,33	49,99	1,0	5,9	7,0
15,36	49,99	1,0	5,9	7,0
15,38	49,99	1,0	5,9	7,0
15,40	49,99	1,0	5,9	7,0
15,43	49,99	1,0	5,9	7,0
15,45	49,99	1,0	5,9	7,0
15,48	49,99	1,0	5,9	7,0
15,50	49,99	1,0	5,9	7,0
15,53	49,99	1,0	5,9	7,0
15,55	49,99	1,0	5,9	7,0
15,57	49,99	1,0	5,9	7,0
15,60	49,99	1,0	5,9	7,0
15,62	49,99	1,0	5,9	7,0
15,65	49,99	1,0	5,9	7,0
15,67	49,99	1,0	5,9	7,0
15,70	49,99	1,0	5,9	7,0
15,72	49,99	1,0	5,9	7,0
15,75	49,99	1,0	5,9	7,0
15,77	49,99	1,0	5,9	7,0
15,79	49,99	1,0	5,9	7,0
15,82	49,99	1,0	5,9	7,0
15,84	49,99	1,0	5,9	7,0
15,87	49,99	1,0	5,9	7,0
15,89	49,99	1,0	5,9	7,0
15,92	49,99	1,0	5,9	7,0
15,94	49,99	1,0	5,9	7,0
15,97	49,99	1,0	5,9	7,0
15,99	49,99	1,0	5,9	7,0
16,01	49,99	1,0	5,9	7,0
16,04	49,99	1,0	5,9	7,0
16,06	49,99	1,0	5,9	7,0
16,09	49,99	1,0	5,9	7,0
16,11	49,99	1,0	5,9	7,0
16,14	49,99	1,0	5,9	7,0
16,16	49,99	1,0	5,9	7,0
16,19	49,99	1,0	5,9	7,0
16,21	49,99	1,0	5,9	7,0
16,23	49,99	1,0	5,9	7,0
16,26	49,99	1,0	5,9	7,0
16,28	49,99	1,0	5,9	7,0
16,31	49,99	1,0	5,9	7,0
16,33	49,99	1,0	5,9	7,0
16,36	49,99	1,0	5,9	7,0
16,38	49,99	1,0	5,9	7,0
16,41	49,99	1,0	5,9	7,0
16,43	49,99	1,0	5,9	7,0
16,45	49,99	1,0	5,9	7,0
16,48	49,99	1,0	5,9	7,0
16,50	49,99	1,0	5,9	7,0
16,53	49,99	1,0	5,9	7,0
16,55	49,99	1,0	5,9	7,0
16,58	49,99	1,0	5,9	7,0
16,60	49,99	1,0	5,9	7,0
16,63	49,99	1,0	5,9	7,0
16,65	49,99	1,0	5,9	7,0
16,67	49,99	1,0	5,9	7,0
16,70	49,99	1,0	5,9	7,0
16,72	49,99	1,0	5,9	7,0
16,75	49,99	1,0	5,9	7,0
16,77	49,99	1,0	5,9	7,0
16,80	49,99	1,0	5,9	7,0
16,82	49,99	1,0	5,9	7,0
16,84	49,99	1,0	5,9	7,0
16,87	49,99	1,0	5,9	7,0
16,89	49,99	1,0	5,9	7,0
16,92	49,99	1,0	5,9	7,0
16,94	49,99	1,0	5,9	7,0
16,97	49,99	1,0	5,9	7,0
16,99	49,99	1,0	5,9	7,0
17,02	49,99	1,0	5,9	7,0
17,04	49,99	1,0	5,9	7,0
17,06	49,99	1,0	5,9	7,0
17,09	49,99	1,0	5,9	7,0
17,11	49,99	1,0	5,9	7,0
17,14	49,99	1,0	5,9	7,0
17,16	49,99	1,0	5,9	7,0
17,19	49,99	1,0	5,9	7,0
17,21	49,99	1,0	5,9	7,0
17,24	49,99	1,0	5,9	7,0
17,26	49,99	1,0	5,9	7,0
17,28	49,99	1,0	5,9	7,0
17,31	49,99	1,0	5,9	7,0
17,33	49,99	1,0	5,9	7,0
17,36	49,99	1,0	5,9	7,0
17,38	49,99	1,0	5,9	7,0
17,41	49,99	1,0	5,9	7,0
17,43	49,99	1,0	5,9	7,0
17,46	49,99	1,0	5,9	7,0
17,48	49,99	1,0	5,9	7,0
17,50	49,99	1,0	5,9	7,0
17,53	49,99	1,0	5,9	7,0
17,55	49,99	1,0	5,9	7,0
17,58	49,99	1,0	5,9	7,0
17,60	49,99	1,0	5,9	7,0
17,63	49,99	1,0	5,9	7,0
17,65	49,99	1,0	5,9	7,0
17,68	49,99	1,0	5,9	7,0
17,70	49,99	1,0	5,9	7,0
17,72	49,99	1,0	5,9	7,0
17,75	49,99	1,0	5,9	7,0
17,77	49,99	1,0	5,9	7,0
17,80	49,99	1,0	5,9	7,0
17,82	49,99	1,0	5,9	7,0
17,85	49,99	1,0	5,9	7,0
17,87	49,99	1,0	5,9	7,0
17,89	49,99	1,0	5,9	7,0
17,92	49,99	1,0	5,9	7,0
17,94	49,99	1,0	5,9	7,0
17,97	49,99	1,0	5,9	7,0
17,99	49,99	1,0	5,9	7,0
18,02	49,99	1,0	5,9	7,0
18,04	49,99	1,0	5,9	7,0
18,07	49,99	1,0	5,9	7,0
18,09	49,99	1,0	5,9	7,0
18,11	49,99	1,0	5,9	7,0
18,14	49,99	1,0	5,9	7,0
18,16	49,99	1,0	5,9	7,0
18,19	49,99	1,0	5,9	7,0
18,21	49,99	1,0	5,9	7,0
18,24	49,99	1,0	5,9	7,0
18,26	49,99	1,0	5,9	7,0
18,29	49,99	1,0	5,9	7,0
18,31	49,99	1,0	5,9	7,0
18,33	49,99	1,0	5,9	7,0
18,36	49,99	1,0	5,9	7,0
18,38	49,99	1,0	5,9	7,0
18,41	49,99	1,0	5,9	7,0
18,43	49,99	1,0	5,9	7,0
18,46	49,99	1,0	5,9	7,0
18,48	49,99	1,0	5,9	7,0
18,51	49,99	1,0	5,9	7,0
18,53	49,99	1,0	5,9	7,0
18,55	49,99	1,0	5,9	7,0
18,58	49,99	1,0	5,9	7,0
18,60	49,99	1,0	5,9	7,0
18,63	49,99	1,0	5,9	7,0
18,65	49,99	1,0	5,9	7,0
18,68	49,99	1,0	5,9	7,0
18,70	49,99	1,0	5,9	7,0
18,73	49,99	1,0	5,9	7,0
18,75	49,99	1,0	5,9	7,0
18,77	49,99	1,0	5,9	7,0
18,80	49,99	1,0	5,9	7,0
18,82	49,99	1,0	5,9	7,0
18,85	49,99	1,0	5,9	7,0
18,87	49,99	1,0	5,9	7,0
18,90	49,99	1,0	5,9	7,0
18,92	49,99	1,0	5,9	7,0
18,94	49,99	1,0	5,9	7,0
18,97	49,99	1,0	5,9	7,0
18,99	49,99	1,0	5,9	7,0
19,02	49,99	1,0	5,9	7,0
19,04	49,99	1,0	5,9	7,0
19,07	49,99	1,0	5,9	7,0
19,09	49,99	1,0	5,9	7,0
19,12	49,99	1,0	5,9	7,0
19,14	49,99	1,0	5,9	7,0
19,16	49,99	1,0	5,9	7,0
19,19	49,99	1,0	5,9	7,0
19,21	49,99	1,0	5,9	7,0
19,24	49,99	1,0	5,9	7,0
19,26	49,99	1,0	5,9	7,0
19,29	49,99	1,0	5,9	7,0
19,31	49,99	1,0	5,9	7,0
19,34	49,99	1,0	5,9	7,0
19,36	49,99	1,0	5,9	7,0
19,38	49,99	1,0	5,9	7,0
19,41	49,99	1,0	5,9	7,0
19,43	49,99	1,0	5,9	7,0
19,46	49,99	1,0	5,9	7,0
19,48	49,99	1,0	5,9	7,0
19,51	49,99	1,0	5,9	7,0
19,53	49,99	1,0	5,9	7,0
19,56	49,99	1,0	5,9	7,0
19,58	49,99	1,0	5,9	7,0
19,60	49,99	1,0	5,9	7,0
19,63	49,99	1,0	5,9	7,0
19,65	49,99	1,0	5,9	7,0
19,68	49,99	1,0	5,9	7,0
19,70	49,99	1,0	5,9	7,0
19,73	49,99	1,0	5,9	7,0
19,75	49,99	1,0	5,9	7,0
19,78	49,99	1,0	5,9	7,0
19,80	49,99	1,0	5,9	7,0
19,82	49,99	1,0	5,9	7,0
19,85	49,99	1,0	5,9	7,0
19,87	49,99	1,0	5,9	7,0
19,90	49,99	1,0	5,9	7,0
19,92	49,99	1,0	5,9	7,0
19,95	49,99	1,0	5,9	7,0
19,97	49,99	1,0	5,9	7,0
19,99	49,99	1,0	5,9	7,0
20,02	49,99	1,0	5,9	7,0
20,04	49,99	1,0	5,9	7,0
20,07	49,99	1,0	5,9	7,0
20,09	49,99	1,0	5,9	7,0
20,12	49,99	1,0	5,9	7,0
20,14	49,99	1,0	5,9	7,0
20,17	49,99	1,0	5,9	7,0
20,19	49,99	1,0	5,9	7,0
20,21	49,99	1,0	5,9	7,0
20,24	49,99	1,0	5,9	7,0
20,26	49,99	1,0	5,9	7,0
20,29	49,99	1,0	5,9	7,0
20,31	49,99	1,0	5,9	7,0
20,34	49,99	1,0	5,9	7,0
20,36	49,99	1,0	5,9	7,0
20,39	49,99	1,0	5,9	7,0
20,41	49,99	1,0	5,9	7,0
20,43	49,99	1,0	5,9	7,0
20,46	49,99	1,0	5,9	7,0
20,48	49,99	1,0	5,9	7,0
20,51	49,99	1,0	5,9	7,0
20,53	49,99	1,0	5,9	7,0
20,56	49,99	1,0	5,9	7,0
20,58	49,99	1,0	5,9	7,0
20,61	49,99	1,0	5,9	7,0
20,63	49,99	1,0	5,9	7,0
20,65	49,99	1,0	5,9	7,0
20,68	49,99	1,0	5,9	7,0
20,70	49,99	1,0	5,9	7,0
20,73	49,99	1,0	5,9	7,0
20,75	49,99	1,0	5,9	7,0
20,78	49,99	1,0	5,9	7,0
20,80	49,99	1,0	5,9	7,0
20,83	49,99	1,0	5,9	7,0
20,85	49,99	1,0	5,9	7,0
20,87	49,99	1,0	5,9	7,0
20,90	49,99	1,0	5,9	7,0
20,92	49,99	1,0	5,9	7,0
20,95	49,99	1,0	5,9	7,0
20,97	49,99	1,0	5,9	7,0
21,00	49,99	1,0	5,9	7,0
21,02	49,99	1,0	5,9	7,0
21,05	49,99	1,0	5,9	7,0
21,07	49,99	1,0	5,9	7,0
21,09	49,99	1,0	5,9	7,0
21,12	49,99	1,0	5,9	7,0
21,14	49,99	1,0	5,9	7,0
21,17	49,99	1,0	5,9	7,0
21,19	49,99	1,0	5,9	7,0
21,22	49,99	1,0	5,9	7,0
21,24	49,99	1,0	5,9	7,0
21,26	49,99	1,0	5,9	7,0
21,29	49,99	1,0	5,9	7,0
21,31	49,99	1,0	5,9	7,0
21,34	49,99	1,0	5,9	7,0
21,36	49,99	1,0	5,9	7,0
21,39	49,99	1,0	5,9	7,0
21,41	49,99	1,0	5,9	7,0
21,44	49,99	1,0	5,9	7,0
21,46	49,99	1,0	5,9	7,0
21,48	49,99	1,0	5,9	7,0
21,51	49,99	1,0	5,9	7,0
21,53	49,99	1,0	5,9	7,0
21,56	49,99	1,0	5,9	7,0
21,58	49,99	1,0	5,9	7,0
21,61	49,99	1,0	5,9	7,0
21,63	49,99	1,0	5,9	7,0
21,66	49,99	1,0	5,9	7,0
21,68	49,99	1,0	5,9	7,0
21,70	49,99	1,0	5,9	7,0
21,73	49,99	1,0	5,9	7,0
21,75	49,99	1,0	5,9	7,0
21,78	49,99	1,0	5,9	7,0
21,80	49,99	1,0	5,9	7,0
21,83	49,99	1,0	5,9	7,0
21,85	49,99	1,0	5,9	7,0
21,88	49,99	1,0	5,9	7,0
21,90	49,99	1,0	5,9	7,0
21,92	49,99	1,0	5,9	7,0
21,95	49,99	1,0	5,9	7,0
21,97	49,99	1,0	5,9	7,0
22,00	49,99	1,0	5,9	7,0
22,02	49,99	1,0	5,9	7,0
22,05	49,99	1,0	5,9	7,0
22,07	49,99	1,0	5,9	7,0
22,10	49,99	1,0	5,9	7,0
22,12	49,99	1,0	5,9	7,0
22,14	49,99	1,0	5,9	7,0
22,17	49,99	1,0	5,9	7,0
22,19	49,99	1,0	5,9	7,0
22,22	49,99	1,0	5,9	7,0
22,24	49,99	1,0	5,9	7,0
22,27	49,99	1,0	5,9	7,0
22,29	49,99	1,0	5,9	7,0
22,31	49,99	1,0	5,9	7,0
22,34	49,99	1,0	5,9	7,0
22,36	49,99	1,0	5,9	7,0
22,39	49,99	1,0	5,9	7,0
22,41	49,99	1,0	5,9	7,0
22,44	49,99	1,0	5,9	7,0
22,46	49,99	1,0	5,9	7,0
22,49	49,99	1,0	5,9	7,0
22,51	49,99	1,0	5,9	7,0
22,53	49,99	1,0	5,9	7,0
22,56	49,99	1,0	5,9	7,0
22,58	49,99	1,0	5,9	7,0
22,61	49,99	1,0	5,9	7,0
22,63	49,99	1,0	5,9	7,0
22,66	49,99	1,0	5,9	7,0
22,68	49,99	1,0	5,9	7,0
22,71	49,99	1,0	5,9	7,0
22,73	49,99	1,0	5,9	7,0
22,75	49,99	1,0	5,9	7,0
22,78	49,99	1,0	5,9	7,0
22,80	49,99	1,0	5,9	7,0
22,83	49,99	1,0	5,9	7,0
22,85	49,99	1,0	5,9	7,0
22,88	49,99	1,0	5,9	7,0
22,90	49,99	1,0	5,9	7,0
22,93	49,99	1,0	5,9	7,0
22,95	49,99	1,0	5,9	7,0
22,97	49,99	1,0	5,9	7,0
23,00	49,99	1,0	5,9	7,0
23,02	49,99	1,0	5,9	7,0
23,05	49,99	1,0	5,9	7,0
23,07	49,99	1,0	5,9	7,0
23,10	49,99	1,0	5,9	7,0
23,12	49,99	1,0	5,9	7,0
23,15	49,99	1,0	5,9	7,0
23,17	49,99	1,0	5,9	7,0
23,19	49,99	1,0	5,9	7,0
23,22	49,99	1,0	5,9	7,0
23,24	49,99	1,0	5,9	7,0
23,27	49,99	1,0	5,9	7,0
23,29	49,99	1,0	5,9	7,0
23,32	49,99	1,0	5,9	7,0
23,34	49,99	1,0	5,9	7,0
23,36	49,99	1,0	5,9	7,0
23,39	49,99	1,0	5,9	7,0
23,41	49,99	1,0	5,9	7,0
23,44	49,99	1,0	5,9	7,0
23,46	49,99	1,0	5,9	7,0
23,49	49,99	1,0	5,9	7,0
23,51	49,99	1,0	5,9	7,0
23,54	49,99	1,0	5,9	7,0
23,56	49,99	1,0	5,9	7,0
23,58	49,99	1,0	5,9	7,0
23,61	49,99	1,0	5,9	7,0
23,63	49,99	1,0	5,9	7,0
23,66	49,99	1,0	5,9	7,0
23,68	49,99	1,0	5,9	7,0
23,71	49,99	1,0	5,9	7,0
23,73	49,99	1,0	5,9	7,0
23,76	49,99	1,0	5,9	7,0
23,78	49,99	1,0	5,9	7,0
23,80	49,99	1,0	5,9	7,0
23,83	49,99	1,0	5,9	7,0
23,85	49,99	1,0	5,9	7,0
23,88	49,99	1,0	5,9	7,0
23,90	49,99	1,0	5,9	7,0
23,93	49,99	1,0	5,9	7,0
23,95	49,99	1,0	5,9	7,0
23,98	49,99	1,0	5,9	7,0
24,00	49,99	1,0	5,9	7,0
24,02	49,99	1,0	5,9	7,0
24,05	49,99	1,0	5,9	7,0
24,07	49,99	1,0	5,9	7,0
24,10	49,99	1,0	5,9	7,0
24,12	49,99	1,0	5,9	7,0
24,15	49,99	1,0	5,9	7,0
24,17	49,99	1,0	5,9	7,0
24,20	49,99	1,0	5,9	7,0
24,22	49,99	1,0	5,9	7,0
24,24	49,99	1,0	5,9	7,0
24,27	49,99	1,0	5,9	7,0
24,29	49,99	1,0	5,9	7,0
24,32	49,99	1,0	5,9	7,0
24,34	49,99	1,0	5,9	7,0
24,37	49,99	1,0	5,9	7,0
24,39	49,99	1,0	5,9	7,0
24,42	49,99	1,0	5,9	7,0
24,44	49,99	1,0	5,9	7,0
24,46	49,99	1,0	5,9	7,0
24,49	49,99	1,0	5,9	7,0
24,51	49,99	1,0	5,9	7,0
24,54	49,99	1,0	5,9	7,0
24,56	49,99	1,0	5,9	7,0
24,59	49,99	1,0	5,9	7,0
24,61	49,99	1,0	5,9	7,0
24,63	49,99	1,0	5,9	7,0
24,66	49,99	1,0	5,9	7,0
24,68	49,99	1,0	5,9	7,0
24,71	49,99	1,0	5,9	7,0
24,73	49,99	1,0	5,9	7,0
24,76	49,99	1,0	5,9	7,0
24,78	49,99	1,0	5,9	7,0
24,81	49,99	1,0	5,9	7,0
24,83	49,99	1,0	5,9	7,0
24,85	49,99	1,0	5,9	7,0
24,88	49,99	1,0	5,9	7,0
24,90	49,99	1,0	5,9	7,0
24,93	49,99	1,0	5,9	7,0
24,95	49,99	1,0	5,9	7,0
24,98	49,99	1,0	5,9	7,0
25,00	49,99	1,0	5,9	7,0
25,03	49,99	1,0	5,9	7,0
25,05	49,99	1,0	5,9	7,0
25,07	49,99	1,0	5,9	7,0
25,10	49,99	1,0	5,9	7,0
25,12	49,99	1,0	5,9	7,0
25,15	49,99	1,0	5,9	7,0
25,17	49,99	1,0	5,9	7,0
25,20	49,99	1,0	5,9	7,0
25,22	49,99	1,0	5,9	7,0
25,25	49,99	1,0	5,9	7,0
25,27	49,99	1,0	5,9	7,0
25,29	49,99	1,0	5,9	7,0
25,32	49,99	1,0	5,9	7,0
25,34	49,99	1,0	5,9	7,0
25,37	49,99	1,0	5,9	7,0
25,39	49,99	1,0	5,9	7,0
25,42	49,99	1,0	5,9	7,0
25,44	49,99	1,0	5,9	7,0
25,47	49,99	1,0	5,9	7,0
25,49	49,99	1,0	5,9	7,0
25,51	49,99	1,0	5,9	7,0
25,54	49,99	1,0	5,9	7,0
25,56	49,99	1,0	5,9	7,0
25,59	49,99	1,0	5,9	7,0
25,61	49,99	1,0	5,9	7,0
25,64	49,99	1,0	5,9	7,0
25,66	49,99	1,0	5,9	7,0
25,68	49,99	1,0	5,9	7,0
25,71	49,99	1,0	5,9	7,0
25,73	49,99	1,0	5,9	7,0
25,76	49,99	1,0	5,9	7,0
25,78	49,99	1,0	5,9	7,0
25,81	49,99	1,0	5,9	7,0
25,83	49,99	1,0	5,9	7,0
25,86	49,99	1,0	5,9	7,0
25,88	49,99	1,0	5,9	7,0
25,90	49,99	1,0	5,9	7,0
25,93	49,99	1,0	5,9	7,0
25,95	49,99	1,0	5,9	7,0
25,98	49,99	1,0	5,9	7,0
26,00	49,99	1,0	5,9	7,0
26,03	49,99	1,0	5,9	7,0
26,05	49,99	1,0	5,9	7,0
26,08	49,99	1,0	5,9	7,0
26,10	49,99	1,0	5,9	7,0
26,12	49,99	1,0	5,9	7,0
26,15	49,99	1,0	5,9	7,0
26,17	49,99	1,0	5,9	7,0
26,20	49,99	1,0	5,9	7,0
26,22	49,99	1,0	5,9	7,0
26,25	49,99	1,0	5,9	7,0
26,27	49,99	1,0	5,9	7,0
26,30	49,99	1,0	5,9	7,0
26,32	49,99	1,0	5,9	7,0
26,34	49,99	1,0	5,9	7,0
26,37	49,99	1,0	5,9	7,0
26,39	49,99	1,0	5,9	7,0
26,42	49,99	1,0	5,9	7,0
26,44	49,99	1,0	5,9	7,0
26,47	49,99	1,0	5,9	7,0
26,49	49,99	1,0	5,9	7,0
26,52	49,99	1,0	5,9	7,0
26,54	49,99	1,0	5,9	7,0
26,56	49,99	1,0	5,9	7,0
26,59	49,99	1,0	5,9	7,0
26,61	49,99	1,0	5,9	7,0
26,64	49,99	1,0	5,9	7,0
26,66	49,99	1,0	5,9	7,0
26,69	49,99	1,0	5,9	7,0
26,71	49,99	1,0	5,9	7,0
26,73	49,99	1,0	5,9	7,0
26,76	49,99	1,0	5,9	7,0
26,78	49,99	1,0	5,9	7,0
26,81	49,99	1,0	5,9	7,0
26,83	49,99	1,0	5,9	7,0
26,86	49,99	1,0	5,9	7,0
26,88	49,99	1,0	5,9	7,0
26,91	49,99	1,0	5,9	7,0
26,93	49,99	1,0	5,9	7,0
26,95	49,99	1,0	5,9	7,0
26,98	49,99	1,0	5,9	7,0
27,00	49,99	1,0	5,9	7,0
27,03	49,99	1,0	5,9	7,0
27,05	49,99	1,0	5,9	7,0
27,08	49,99	1,0	5,9	7,0
27,10	49,99	1,0	5,9	7,0
27,13	49,99	1,0	5,9	7,0
27,15	49,99	1,0	5,9	7,0
27,17	49,99	1,0	5,9	7,0
27,20	49,99	1,0	5,9	7,0
27,22	49,99	1,0	5,9	7,0
27,25	49,99	1,0	5,9	7,0
27,27	49,99	1,0	5,9	7,0
27,30	49,99	1,0	5,9	7,0
27,32	49,99	1,0	5,9	7,0
27,35	49,99	1,0	5,9	7,0
27,37	49,99	1,0	5,9	7,0
27,39	49,99	1,0	5,9	7,0
27,42	49,99	1,0	5,9	7,0
27,44	49,99	1,0	5,9	7,0
27,47	49,99	1,0	5,9	7,0
27,49	49,99	1,0	5,9	7,0
27,52	49,99	1,0	5,9	7,0
27,54	49,99	1,0	5,9	7,0
27,57	49,99	1,0	5,9	7,0
27,59	49,99	1,0	5,9	7,0
27,61	49,99	1,0	5,9	7,0
27,64	49,99	1,0	5,9	7,0
27,66	49,99	1,0	5,9	7,0
27,69	49,99	1,0	5,9	7,0
27,71	49,99	1,0	5,9	7,0
27,74	49,99	1,0	5,9	7,0
27,76	49,99	1,0	5,9	7,0
27,78	49,99	1,0	5,9	7,0
27,81	49,99	1,0	5,9	7,0
27,83	49,99	1,0	5,9	7,0
27,86	49,99	1,0	5,9	7,0
27,88	49,99	1,0	5,9	7,0
27,91	49,99	1,0	5,9	7,0
27,93	49,99	1,0	5,9	7,0
27,96	49,99	1,0	5,9	7,0
27,98	49,99	1,0	5,9	7,0
28,00	49,99	1,0	5,9	7,0
28,03	49,99	1,0	5,9	7,0
28,05	49,99	1,0	5,9	7,0
28,08	49,99	1,0	5,9	7,0
28,10	49,99	1,0	5,9	7,0
28,13	49,99	1,0	5,9	7,0
28,15	49,99	1,0	5,9	7,0
28,18	49,99	1,0	5,9	7,0
28,20	49,99	1,0	5,9	7,0
28,22	49,99	1,0	5,9	7,0
28,25	49,99	1,0	5,9	7,0
28,27	49,99	1,0	5,9	7,0
28,30	49,99	1,0	5,9	7,0
28,32	49,99	1,0	5,9	7,0
28,35	49,99	1,0	5,9	7,0
28,37	49,99	1,0	5,9	7,0
28,40	49,99	1,0	5,9	7,0
28,42	49,99	1,0	5,9	7,0
28,44	49,99	1,0	5,9	7,0
28,47	49,99	1,0	5,9	7,0
28,49	49,99	1,0	5,9	7,0
28,52	49,99	1,0	5,9	7,0
28,54	49,99	1,0	5,9	7,0
28,57	49,99	1,0	5,9	7,0
28,59	49,99	1,0	5,9	7,0
28,62	49,99	1,0	5,9	7,0
28,64	49,99	1,0	5,9	7,0
28,66	49,99	1,0	5,9	7,0
28,69	49,99	1,0	5,9	7,0
28,71	49,99	1,0	5,9	7,0
28,74	49,99	1,0	5,9	7,0
28,76	49,99	1,0	5,9	7,0
28,79	49,99	1,0	5,9	7,0
28,81	49,99	1,0	5,9	7,0
28,84	49,99	1,0	5,9	7,0
28,86	49,99	1,0	5,9	7,0
28,88	49,99	1,0	5,9	7,0
28,91	50,00	1,0	5,9	7,0
28,93	49,99	1,0	5,9	7,0
28,96	49,99	1,0	5,9	7,0
28,98	49,99	1,0	5,9	7,0
29,01	49,99	1,0	5,9	7,0
29,03	49,99	1,0	5,9	7,0
29,05	49,99	1,0	5,9	7,0
29,08	49,99	1,0	5,9	7,0
29,10	49,99	1,0	5,9	7,0
29,13	49,99	1,0	5,9	7,0
29,15	49,99	1,0	5,9	7,0
29,18	49,99	1,0	5,9	7,0
29,20	49,99	1,0	5,9	7,0
29,23	49,99	1,0	5,9	7,0
29,25	49,99	1,0	5,9	7,0
29,27	49,99	1,0	5,9	7,0
29,30	49,99	1,0	5,9	7,0
29,32	49,99	1,0	5,9	7,0
29,35	49,99	1,0	5,9	7,0
29,37	49,99	1,0	5,9	7,0
29,40	49,99	1,0	5,9	7,0
29,42	49,99	1,0	5,9	7,0
29,45	49,99	1,0	5,9	7,0
29,47	49,99	1,0	5,9	7,0
29,49	49,99	1,0	5,9	7,0
29,52	49,99	1,0	5,9	7,0
29,54	49,99	1,0	5,9	7,0
29,57	49,99	1,0	5,9	7,0
29,59	49,99	1,0	5,9	7,0
29,62	49,99	1,0	5,9	7,0
29,64	49,99	1,0	5,9	7,0
29,67	49,99	1,0	5,9	7,0
29,69	49,99	1,0	5,9	7,0
29,71	49,99	1,0	5,9	7,0
29,74	49,99	1,0	5,9	7,0
29,76	49,99	1,0	5,9	7,0
29,79	49,99	1,0	5,9	7,0
29,81	49,99	1,0	5,9	7,0
29,84	49,99	1,0	5,9	7,0
29,86	49,99	1,0	5,9	7,0
29,89	49,99	1,0	5,9	7,0
29,91	49,99	1,0	5,9	7,0
29,93	49,99	1,0	5,9	7,0
29,96	49,99	1,0	5,9	7,0
29,98	49,99	1,0	5,9	7,0
30,01	49,99	1,0	5,9	7,0
30,03	49,99	1,0	5,9	7,0
30,06	49,99	1,0	5,9	7,0
30,08	49,99	1,0	5,9	7,0
30,10	49,99	1,0	5,9	7,0
30,13	49,99	1,0	5,9	7,0
30,15	49,99	1,0	5,9	7,0
30,18	49,99	1,0	5,9	7,0
30,20	49,99	1,0	5,9	7,0
30,23	49,99	1,0	5,9	7,0
30,25	49,99	1,0	5,9	7,0
30,28	49,99	1,0	5,9	7,0
30,30	49,99	1,0	5,9	7,0
30,32	49,99	1,0	5,9	7,0
30,35	49,99	1,0	5,9	7,0
30,37	49,99	1,0	5,9	7,0
30,40	49,99	1,0	5,9	7,0
30,42	49,99	1,0	5,9	7,0
30,45	49,99	1,0	5,9	7,0
30,47	49,99	1,0	5,9	7,0
30,50	49,99	1,0	5,9	7,0
30,52	49,99	1,0	5,9	7,0
30,54	49,99	1,0	5,9	7,0
30,57	49,99	1,0	5,9	7,0
30,59	49,99	1,0	5,9	7,0
30,62	49,99	1,0	5,9	7,0
30,64	49,99	1,0	5,9	7,0
30,67	49,99	1,0	5,9	7,0
30,69	49,99	1,0	5,9	7,0
30,72	49,99	1,0	5,9	7,0
30,74	49,99	1,0	5,9	7,0
30,76	49,99	1,0	5,9	7,0
30,79	49,99	1,0	5,9	7,0
30,81	49,99	1,0	5,9	7,0
30,84	49,99	1,0	5,9	7,0
30,86	49,99	1,0	5,9	7,0
30,89	49,99	1,0	5,9	7,0
30,91	49,99	1,0	5,9	7,0
30,94	49,99	1,0	5,9	7,0
30,96	49,99	1,0	5,9	7,0
30,98	49,99	1,0	5,9	7,0
31,01	49,99	1,0	5,9	7,0
31,03	49,99	1,0	5,9	7,0
31,06	49,99	1,0	5,9	7,0
31,08	49,99	1,0	5,9	7,0
31,11	49,99	1,0	5,9	7,0
31,13	49,99	1,0	5,9	7,0
31,15	49,99	1,0	5,9	7,0
31,18	49,99	1,0	5,9	7,0
31,20	49,99	1,0	5,9	7,0
31,23	49,99	1,0	5,9	7,0
31,25	49,99	1,0	5,9	7,0
31,28	49,99	1,0	5,9	7,0
31,30	49,99	1,0	5,9	7,0
31,33	49,99	1,0	5,9	7,0
31,35	49,99	1,0	5,9	7,0
31,37	49,99	1,0	5,9	7,0
31,40	49,99	1,0	5,9	7,0
31,42	49,99	1,0	5,9	7,0
31,45	49,99	1,0	5,9	7,0
31,47	49,99	1,0	5,9	7,0
31,50	49,99	1,0	5,9	7,0
31,52	49,99	1,0	5,9	7,0
31,55	49,99	1,0	5,9	7,0
31,57	49,99	1,0	5,9	7,0
31,59	49,99	1,0	5,9	7,0
31,62	49,99	1,0	5,9	7,0
31,64	49,99	1,0	5,9	7,0
31,67	49,99	1,0	5,9	7,0
31,69	49,99	1,0	5,9	7,0
31,72	49,99	1,0	5,9	7,0
31,74	49,99	1,0	5,9	7,0
31,77	49,99	1,0	5,9	7,0
31,79	49,99	1,0	5,9	7,0
31,81	49,99	1,0	5,9	7,0
31,84	49,99	1,0	5,9	7,0
31,86	49,99	1,0	5,9	7,0
31,89	49,99	1,0	5,9	7,0
31,91	49,99	1,0	5,9	7,0
31,94	49,99	1,0	5,9	7,0
31,96	49,99	1,0	5,9	7,0
31,99	49,99	1,0	5,9	7,0
32,01	49,99	1,0	5,9	7,0
32,03	49,99	1,0	5,9	7,0
32,06	49,99	1,0	5,9	7,0
32,08	49,99	1,0	5,9	7,0
32,11	49,99	1,0	5,9	7,0
32,13	49,99	1,0	5,9	7,0
32,16	49,99	1,0	5,9	7,0
32,18	49,99	1,0	5,9	7,0
32,20	49,99	1,0	5,9	7,0
32,23	49,99	1,0	5,9	7,0
32,25	49,99	1,0	5,9	7,0
32,28	49,99	1,0	5,9	7,0
32,30	49,99	1,0	5,9	7,0
32,33	49,99	1,0	5,9	7,0
32,35	49,99	1,0	5,9	7,0
32,38	49,99	1,0	5,9	7,0
32,40	49,99	1,0	5,9	7,0
32,42	49,99	1,0	5,9	7,0
32,45	49,99	1,0	5,9	7,0
32,47	49,99	1,0	5,9	7,0
32,50	49,99	1,0	5,9	7,0
32,52	49,99	1,0	5,9	7,0
32,55	49,99	1,0	5,9	7,0
32,57	49,99	1,0	5,9	7,0
32,60	49,99	1,0	5,9	7,0
32,62	49,99	1,0	5,9	7,0
32,64	49,99	1,0	5,9	7,0
32,67	49,99	1,0	5,9	7,0
32,69	49,99	1,0	5,9	7,0
32,72	49,99	1,0	5,9	7,0
32,74	49,99	1,0	5,9	7,0
32,77	49,99	1,0	5,9	7,0
32,79	49,99	1,0	5,9	7,0
32,82	49,99	1,0	5,9	7,0
32,84	49,99	1,0	5,9	7,0
32,86	49,99	1,0	5,9	7,0
32,89	49,99	1,0	5,9	7,0
32,91	49,99	1,0	5,9	7,0
32,94	49,99	1,0	5,9	7,0
32,96	49,99	1,0	5,9	7,0
32,99	49,99	1,0	5,9	7,0
33,01	49,99	1,0	5,9	7,0
33,04	49,99	1,0	5,9	7,0
33,06	49,99	1,0	5,9	7,0
33,08	49,99	1,0	5,9	7,0
33,11	49,99	1,0	5,9	7,0
33,13	49,99	1,0	5,9	7,0
33,16	49,99	1,0	5,9	7,0
33,18	49,99	1,0	5,9	7,0
33,21	49,99	1,0	5,9	7,0
33,23	49,99	1,0	5,9	7,0
33,26	49,99	1,0	5,9	7,0
33,28	49,99	1,0	5,9	7,0
33,30	49,99	1,0	5,9	7,0
33,33	49,99	1,0	5,9	7,0
33,35	49,99	1,0	5,9	7,0
33,38	49,99	1,0	5,9	7,0
33,40	49,99	1,0	5,9	7,0
33,43	49,99	1,0	5,9	7,0
33,45	49,99	1,0	5,9	7,0
33,47	49,99	1,0	5,9	7,0
33,50	49,99	1,0	5,9	7,0
33,52	49,99	1,0	5,9	7,0
33,55	49,99	1,0	5,9	7,0
33,57	49,99	1,0	5,9	7,0
33,60	49,99	1,0	5,9	7,0
33,62	49,99	1,0	5,9	7,0
33,65	49,99	1,0	5,9	7,0
33,67	49,99	1,0	5,9	7,0
33,69	49,99	1,0	5,9	7,0
33,72	49,99	1,0	5,9	7,0
33,74	49,99	1,0	5,9	7,0
33,77	49,99	1,0	5,9	7,0
33,79	49,99	1,0	5,9	7,0
33,82	49,99	1,0	5,9	7,0
33,84	49,99	1,0	5,9	7,0
33,87	49,99	1,0	5,9	7,0
33,89	49,99	1,0	5,9	7,0
33,91	49,99	1,0	5,9	7,0
33,94	49,99	1,0	5,9	7,0
33,96	49,99	1,0	5,9	7,0
33,99	49,99	1,0	5,9	7,0
34,01	49,99	1,0	5,9	7,0
34,04	49,99	1,0	5,9	7,0
34,06	49,99	1,0	5,9	7,0
34,09	49,99	1,0	5,9	7,0
34,11	49,99	1,0	5,9	7,0
34,13	49,99	1,0	5,9	7,0
34,16	49,99	1,0	5,9	7,0
34,18	49,99	1,0	5,9	7,0
34,21	49,99	1,0	5,9	7,0
34,23	49,99	1,0	5,9	7,0
34,26	49,99	1,0	5,9	7,0
34,28	49,99	1,0	5,9	7,0
34,31	49,99	1,0	5,9	7,0
34,33	49,99	1,0	5,9	7,0
34,35	49,99	1,0	5,9	7,0
34,38	49,99	1,0	5,9	7,0
34,40	49,99	1,0	5,9	7,0
34,43	49,99	1,0	5,9	7,0
34,45	49,99	1,0	5,9	7,0
34,48	49,99	1,0	5,9	7,0
34,50	49,99	1,0	5,9	7,0
34,52	49,99	1,0	5,9	7,0
34,55	49,99	1,0	5,9	7,0
34,57	49,99	1,0	5,9	7,0
34,60	49,99	1,0	5,9	7,0
34,62	49,99	1,0	5,9	7,0
34,65	50,00	1,0	5,9	7,0
34,67	49,99	1,0	5,9	7,0
34,70	49,99	1,0	5,9	7,0
34,72	49,99	1,0	5,9	7,0
34,74	49,99	1,0	5,9	7,0
34,77	49,99	1,0	5,9	7,0
34,79	49,99	1,0	5,9	7,0
34,82	49,99	1,0	5,9	7,0
34,84	49,99	1,0	5,9	7,0
34,87	49,99	1,0	5,9	7,0
34,89	49,99	1,0	5,9	7,0
34,92	49,99	1,0	5,9	7,0
34,94	49,99	1,0	5,9	7,0
34,96	49,99	1,0	5,9	7,0
34,99	49,99	1,0	5,9	7,0
35,01	49,99	1,0	5,9	7,0
35,04	49,99	1,0	5,9	7,0
35,06	49,99	1,0	5,9	7,0
35,09	49,99	1,0	5,9	7,0
35,11	49,99	1,0	5,9	7,0
35,14	49,99	1,0	5,9	7,0
35,16	49,99	1,0	5,9	7,0
35,18	49,99	1,0	5,9	7,0
35,21	49,99	1,0	5,9	7,0
35,23	49,99	1,0	5,9	7,0
35,26	49,99	1,0	5,9	7,0
35,28	49,99	1,0	5,9	7,0
35,31	49,99	1,0	5,9	7,0
35,33	49,99	1,0	5,9	7,0
35,36	49,99	1,0	5,9	7,0
35,38	49,99	1,0	5,9	7,0
35,40	49,99	1,0	5,9	7,0
35,43	49,99	1,0	5,9	7,0
35,45	49,99	1,0	5,9	7,0
35,48	49,99	1,0	5,9	7,0
35,50	49,99	1,0	5,9	7,0
35,53	49,99	1,0	5,9	7,0
35,55	49,99	1,0	5,9	7,0
35,57	49,99	1,0	5,9	7,0
35,60	49,99	1,0	5,9	7,0
35,62	49,99	1,0	5,9	7,0
35,65	49,99	1,0	5,9	7,0
35,67	49,99	1,0	5,9	7,0
35,70	49,99	1,0	5,9	7,0
35,72	49,99	1,0	5,9	7,0
35,75	49,99	1,0	5,9	7,0
35,77	49,99	1,0	5,9	7,0
35,79	49,99	1,0	5,9	7,0
35,82	49,99	1,0	5,9	7,0
35,84	49,99	1,0	5,9	7,0
35,87	49,99	1,0	5,9	7,0
35,89	49,99	1,0	5,9	7,0
35,92	49,99	1,0	5,9	7,0
35,94	49,99	1,0	5,9	7,0
35,97	49,99	1,0	5,9	7,0
35,99	49,99	1,0	5,9	7,0
36,01	49,99	1,0	5,9	7,0
36,04	49,99	1,0	5,9	7,0
36,06	49,99	1,0	5,9	7,0
36,09	49,99	1,0	5,9	7,0
36,11	49,99	1,0	5,9	7,0
36,14	49,99	1,0	5,9	7,0
36,16	49,99	1,0	5,9	7,0
36,19	49,99	1,0	5,9	7,0
36,21	49,99	1,0	5,9	7,0
36,23	49,99	1,0	5,9	7,0
36,26	49,99	1,0	5,9	7,0
36,28	49,99	1,0	5,9	7,0
36,31	49,99	1,0	5,9	7,0
36,33	49,99	1,0	5,9	7,0
36,36	49,99	1,0	5,9	7,0
36,38	49,99	1,0	5,9	7,0
36,41	49,99	1,0	5,9	7,0
36,43	49,99	1,0	5,9	7,0
36,45	49,99	1,0	5,9	7,0
36,48	49,99	1,0	5,9	7,0
36,50	49,99	1,0	5,9	7,0
36,53	49,99	1,0	5,9	7,0
36,55	49,99	1,0	5,9	7,0
36,58	49,99	1,0	5,9	7,0
36,60	49,99	1,0	5,9	7,0
36,62	49,99	1,0	5,9	7,0
36,65	49,99	1,0	5,9	7,0
36,67	49,99	1,0	5,9	7,0
36,70	49,99	1,0	5,9	7,0
36,72	49,99	1,0	5,9	7,0
36,75	49,99	1,0	5,9	7,0
36,77	49,99	1,0	5,9	7,0
36,80	49,99	1,0	5,9	7,0
36,82	49,99	1,0	5,9	7,0
36,84	49,99	1,0	5,9	7,0
36,87	49,99	1,0	5,9	7,0
36,89	49,99	1,0	5,9	7,0
36,92	49,99	1,0	5,9	7,0
36,94	49,99	1,0	5,9	7,0
36,97	49,99	1,0	5,9	7,0
36,99	49,99	1,0	5,9	7,0
37,02	49,99	1,0	5,9	7,0
37,04	49,99	1,0	5,9	7,0
37,06	49,99	1,0	5,9	7,0
37,09	49,99	1,0	5,9	7,0
37,11	49,99	1,0	5,9	7,0
37,14	49,99	1,0	5,9	7,0
37,16	49,99	1,0	5,9	7,0
37,19	49,99	1,0	5,9	7,0
37,21	49,99	1,0	5,9	7,0
37,24	49,99	1,0	5,9	7,0
37,26	49,99	1,0	5,9	7,0
37,28	49,99	1,0	5,9	7,0
37,31	49,99	1,0	5,9	7,0
37,33	49,99	1,0	5,9	7,0
37,36	49,99	1,0	5,9	7,0
37,38	49,99	1,0	5,9	7,0
37,41	49,99	1,0	5,9	7,0
37,43	49,99	1,0	5,9	7,0
37,46	49,99	1,0	5,9	7,0
37,48	49,99	1,0	5,9	7,0
37,50	49,99	1,0	5,9	7,0
37,53	49,99	1,0	5,9	7,0
37,55	49,99	1,0	5,9	7,0
37,58	49,99	1,0	5,9	7,0
37,60	49,99	1,0	5,9	7,0
37,63	49,99	1,0	5,9	7,0
37,65	49,99	1,0	5,9	7,0
37,68	49,99	1,0	5,9	7,0
37,70	49,99	1,0	5,9	7,0
37,72	49,99	1,0	5,9	7,0
37,75	49,99	1,0	5,9	7,0
37,77	49,99	1,0	5,9	7,0
37,80	49,99	1,0	5,9	7,0
37,82	49,99	1,0	5,9	7,0
37,85	49,99	1,0	5,9	7,0
37,87	49,99	1,0	5,9	7,0
37,89	49,99	1,0	5,9	7,0
37,92	49,99	1,0	5,9	7,0
37,94	49,99	1,0	5,9	7,0
37,97	49,99	1,0	5,9	7,0
37,99	49,99	1,0	5,9	7,0
38,02	49,99	1,0	5,9	7,0
38,04	49,99	1,0	5,9	7,0
38,07	49,99	1,0	5,9	7,0
38,09	49,99	1,0	5,9	7,0
38,11	49,99	1,0	5,9	7,0
38,14	49,99	1,0	5,9	7,0
38,16	49,99	1,0	5,9	7,0
38,19	49,99	1,0	5,9	7,0
38,21	49,99	1,0	5,9	7,0
38,24	49,99	1,0	5,9	7,0
38,26	49,99	1,0	5,9	7,0
38,29	49,99	1,0	5,9	7,0
38,31	49,99	1,0	5,9	7,0
38,33	49,99	1,0	5,9	7,0
38,36	49,99	1,0	5,9	7,0
38,38	49,99	1,0	5,9	7,0
38,41	49,99	1,0	5,9	7,0
38,43	49,99	1,0	5,9	7,0
38,46	49,99	1,0	5,9	7,0
38,48	49,99	1,0	5,9	7,0
38,51	49,99	1,0	5,9	7,0
38,53	49,99	1,0	5,9	7,0
38,55	49,99	1,0	5,9	7,0
38,58	49,99	1,0	5,9	7,0
38,60	49,99	1,0	5,9	7,0
38,63	49,99	1,0	5,9	7,0
38,65	49,99	1,0	5,9	7,0
38,68	49,99	1,0	5,9	7,0
38,70	49,99	1,0	5,9	7,0
38,73	49,99	1,0	5,9	7,0
38,75	49,99	1,0	5,9	7,0
38,77	49,99	1,0	5,9	7,0
38,80	49,99	1,0	5,9	7,0
38,82	49,99	1,0	5,9	7,0
38,85	49,99	1,0	5,9	7,0
38,87	49,99	1,0	5,9	7,0
38,90	49,99	1,0	5,9	7,0
38,92	49,99	1,0	5,9	7,0
38,94	49,99	1,0	5,9	7,0
38,97	49,99	1,0	5,9	7,0
38,99	49,99	1,0	5,9	7,0
39,02	49,99	1,0	5,9	7,0
39,04	49,99	1,0	5,9	7,0
39,07	49,99	1,0	5,9	7,0
39,09	49,99	1,0	5,9	7,0
39,12	49,99	1,0	5,9	7,0
39,14	49,99	1,0	5,9	7,0
39,16	49,99	1,0	5,9	7,0
39,19	49,99	1,0	5,9	7,0
39,21	49,99	1,0	5,9	7,0
39,24	49,99	1,0	5,9	7,0
39,26	49,99	1,0	5,9	7,0
39,29	49,99	1,0	5,9	7,0
39,31	49,99	1,0	5,9	7,0
39,34	49,99	1,0	5,9	7,0
39,36	49,99	1,0	5,9	7,0
39,38	49,99	1,0	5,9	7,0
39,41	49,99	1,0	5,9	7,0
39,43	49,99	1,0	5,9	7,0
39,46	49,99	1,0	5,9	7,0
39,48	49,99	1,0	5,9	7,0
39,51	49,99	1,0	5,9	7,0
39,53	49,99	1,0	5,9	7,0
39,56	49,99	1,0	5,9	7,0
39,58	49,99	1,0	5,9	7,0
39,60	49,99	1,0	5,9	7,0
39,63	49,99	1,0	5,9	7,0
39,65	49,99	1,0	5,9	7,0
39,68	49,99	1,0	5,9	7,0
39,70	49,99	1,0	5,9	7,0
39,73	49,99	1,0	5,9	7,0
39,75	49,99	1,0	5,9	7,0
39,78	49,99	1,0	5,9	7,0
39,80	49,99	1,0	5,9	7,0
39,82	49,99	1,0	5,9	7,0
39,85	49,99	1,0	5,9	7,0
39,87	49,99	1,0	5,9	7,0
39,90	49,99	1,0	5,9	7,0
39,92	49,99	1,0	5,9	7,0
39,95	49,99	1,0	5,9	7,0
39,97	49,99	1,0	5,9	7,0
39,99	49,99	1,0	5,9	7,0
40,02	49,99	1,0	5,9	7,0
40,04	49,99	1,0	5,9	7,0
40,07	49,99	1,0	5,9	7,0
40,09	49,99	1,0	5,9	7,0
40,12	49,99	1,0	5,9	7,0
40,14	49,99	1,0	5,9	7,0
40,17	49,99	1,0	5,9	7,0
40,19	49,99	1,0	5,9	7,0
40,21	49,99	1,0	5,9	7,0
40,24	49,99	1,0	5,9	7,0
40,26	49,99	1,0	5,9	7,0
40,29	49,99	1,0	5,9	7,0
40,31	49,99	1,0	5,9	7,0
40,34	49,99	1,0	5,9	7,0
40,36	49,99	1,0	5,9	7,0
40,39	49,99	1,0	5,9	7,0
40,41	49,99	1,0	5,9	7,0
40,43	49,99	1,0	5,9	7,0
40,46	49,99	1,0	5,9	7,0
40,48	49,99	1,0	5,9	7,0
40,51	49,99	1,0	5,9	7,0
40,53	49,99	1,0	5,9	7,0
40,56	49,99	1,0	5,9	7,0
40,58	49,99	1,0	5,9	7,0
40,61	49,99	1,0	5,9	7,0
40,63	49,99	1,0	5,9	7,0
40,65	49,99	1,0	5,9	7,0
40,68	49,99	1,0	5,9	7,0
40,70	49,99	1,0	5,9	7,0
40,73	49,99	1,0	5,9	7,0
40,75	49,99	1,0	5,9	7,0
40,78	49,99	1,0	5,9	7,0
40,80	49,99	1,0	5,9	7,0
40,83	49,99	1,0	5,9	7,0
40,85	49,99	1,0	5,9	7,0
40,87	49,99	1,0	5,9	7,0
40,90	49,99	1,0	5,9	7,0
40,92	49,99	1,0	5,9	7,0
40,95	49,99	1,0	5,9	7,0
40,97	49,99	1,0	5,9	7,0
41,00	49,99	1,0	5,9	7,0
41,02	49,99	1,0	5,9	7,0
41,05	49,99	1,0	5,9	7,0
41,07	49,99	1,0	5,9	7,0
41,09	49,99	1,0	5,9	7,0
41,12	49,99	1,0	5,9	7,0
41,14	49,99	1,0	5,9	7,0
41,17	49,99	1,0	5,9	7,0
41,19	49,99	1,0	5,9	7,0
41,22	49,99	1,0	5,9	7,0
41,24	49,99	1,0	5,9	7,0
41,26	49,99	1,0	5,9	7,0
41,29	49,99	1,0	5,9	7,0
41,31	49,99	1,0	5,9	7,0
41,34	49,99	1,0	5,9	7,0
41,36	49,99	1,0	5,9	7,0
41,39	49,99	1,0	5,9	7,0
41,41	49,99	1,0	5,9	7,0
41,44	49,99	1,0	5,9	7,0
41,46	49,99	1,0	5,9	7,0
41,48	49,99	1,0	5,9	7,0
41,51	49,99	1,0	5,9	7,0
41,53	49,99	1,0	5,9	7,0
41,56	49,99	1,0	5,9	7,0
41,58	49,99	1,0	5,9	7,0
41,61	49,99	1,0	5,9	7,0
41,63	49,99	1,0	5,9	7,0
41,66	49,99	1,0	5,9	7,0
41,68	49,99	1,0	5,9	7,0
41,70	49,99	1,0	5,9	7,0
41,73	49,99	1,0	5,9	7,0
41,75	49,99	1,0	5,9	7,0
41,78	49,99	1,0	5,9	7,0
41,80	49,99	1,0	5,9	7,0
41,83	49,99	1,0	5,9	7,0
41,85	49,99	1,0	5,9	7,0
41,88	49,99	1,0	5,9	7,0
41,90	49,99	1,0	5,9	7,0
41,92	49,99	1,0	5,9	7,0
41,95	49,99	1,0	5,9	7,0
41,97	49,99	1,0	5,9	7,0
42,00	49,99	1,0	5,9	7,0
42,02	49,99	1,0	5,9	7,0
42,05	49,99	1,0	5,9	7,0
42,07	49,99	1,0	5,9	7,0
42,10	49,99	1,0	5,9	7,0
42,12	49,99	1,0	5,9	7,0
42,14	49,99	1,0	5,9	7,0
42,17	49,99	1,0	5,9	7,0
42,19	49,99	1,0	5,9	7,0
42,22	49,99	1,0	5,9	7,0
42,24	49,99	1,0	5,9	7,0
42,27	49,99	1,0	5,9	7,0
42,29	49,99	1,0	5,9	7,0
42,31	49,99	1,0	5,9	7,0
42,34	49,99	1,0	5,9	7,0
42,36	49,99	1,0	5,9	7,0
42,39	49,99	1,0	5,9	7,0
42,41	49,99	1,0	5,9	7,0
42,44	49,99	1,0	5,9	7,0
42,46	49,99	1,0	5,9	7,0
42,49	49,99	1,0	5,9	7,0
42,51	49,99	1,0	5,9	7,0
42,53	49,99	1,0	5,9	7,0
42,56	49,99	1,0	5,9	7,0
42,58	49,99	1,0	5,9	7,0
42,61	49,99	1,0	5,9	7,0
42,63	49,99	1,0	5,9	7,0
42,66	49,99	1,0	5,9	7,0
42,68	49,99	1,0	5,9	7,0
42,71	49,99	1,0	5,9	7,0
42,73	49,99	1,0	5,9	7,0
42,75	49,99	1,0	5,9	7,0
42,78	49,99	1,0	5,9	7,0
42,80	49,99	1,0	5,9	7,0
42,83	49,99	1,0	5,9	7,0
42,85	49,99	1,0	5,9	7,0
42,88	49,99	1,0	5,9	7,0
42,90	49,99	1,0	5,9	7,0
42,93	49,99	1,0	5,9	7,0
42,95	49,99	1,0	5,9	7,0
42,97	49,99	1,0	5,9	7,0
43,00	49,99	1,0	5,9	7,0
43,02	49,99	1,0	5,9	7,0
43,05	49,99	1,0	5,9	7,0
43,07	49,99	1,0	5,9	7,0
43,10	49,99	1,0	5,9	7,0
43,12	49,99	1,0	5,9	7,0
43,15	49,99	1,0	5,9	7,0
43,17	49,99	1,0	5,9	7,0
43,19	49,99	1,0	5,9	7,0
43,22	49,99	1,0	5,9	7,0
43,24	49,99	1,0	5,9	7,0
43,27	49,99	1,0	5,9	7,0
43,29	49,99	1,0	5,9	7,0
43,32	49,99	1,0	5,9	7,0
43,34	49,99	1,0	5,9	7,0
43,36	49,99	1,0	5,9	7,0
43,39	49,99	1,0	5,9	7,0
43,41	49,99	1,0	5,9	7,0
43,44	49,99	1,0	5,9	7,0
43,46	49,99	1,0	5,9	7,0
43,49	49,99	1,0	5,9	7,0
43,51	49,99	1,0	5,9	7,0
43,54	49,99	1,0	5,9	7,0
43,56	49,99	1,0	5,9	7,0
43,58	49,99	1,0	5,9	7,0
43,61	49,99	1,0	5,9	7,0
43,63	49,99	1,0	5,9	7,0
43,66	49,99	1,0	5,9	7,0
43,68	49,99	1,0	5,9	7,0
43,71	49,99	1,0	5,9	7,0
43,73	49,99	1,0	5,9	7,0
43,76	49,99	1,0	5,9	7,0
43,78	49,99	1,0	5,9	7,0
43,80	49,99	1,0	5,9	7,0
43,83	49,99	1,0	5,9	7,0
43,85	49,99	1,0	5,9	7,0
43,88	49,99	1,0	5,9	7,0
43,90	49,99	1,0	5,9	7,0
43,93	49,99	1,0	5,9	7,0
43,95	49,99	1,0	5,9	7,0
43,98	49,99	1,0	5,9	7,0
44,00	49,99	1,0	5,9	7,0
44,02	49,99	1,0	5,9	7,0
44,05	49,99	1,0	5,9	7,0
44,07	49,99	1,0	5,9	7,0
44,10	49,99	1,0	5,9	7,0
44,12	49,99	1,0	5,9	7,0
44,15	49,99	1,0	5,9	7,0
44,17	49,99	1,0	5,9	7,0
44,20	49,99	1,0	5,9	7,0
44,22	49,99	1,0	5,9	7,0
44,24	49,99	1,0	5,9	7,0
44,27	49,99	1,0	5,9	7,0
44,29	49,99	1,0	5,9	7,0
44,32	49,99	1,0	5,9	7,0
44,34	49,99	1,0	5,9	7,0
44,37	49,99	1,0	5,9	7,0
44,39	49,99	1,0	5,9	7,0
44,41	49,99	1,0	5,9	7,0
44,44	49,99	1,0	5,9	7,0
44,46	49,99	1,0	5,9	7,0
44,49	49,99	1,0	5,9	7,0
44,51	49,99	1,0	5,9	7,0
44,54	49,99	1,0	5,9	7,0
44,56	49,99	1,0	5,9	7,0
44,59	49,99	1,0	5,9	7,0
44,61	49,99	1,0	5,9	7,0
44,63	49,99	1,0	5,9	7,0
44,66	49,99	1,0	5,9	7,0
44,68	49,99	1,0	5,9	7,0
44,71	49,99	1,0	5,9	7,0
44,73	49,99	1,0	5,9	7,0
44,76	49,99	1,0	5,9	7,0
44,78	49,99	1,0	5,9	7,0
44,81	49,99	1,0	5,9	7,0
44,83	49,99	1,0	5,9	7,0
44,85	49,99	1,0	5,9	7,0
44,88	49,99	1,0	5,9	7,0
44,90	49,99	1,0	5,9	7,0
44,93	49,99	1,0	5,9	7,0
44,95	49,99	1,0	5,9	7,0
44,98	49,99	1,0	5,9	7,0
45,00	49,99	1,0	5,9	7,0
45,03	49,99	1,0	5,9	7,0
45,05	49,99	1,0	5,9	7,0
45,07	49,99	1,0	5,9	7,0
45,10	49,99	1,0	5,9	7,0
45,12	49,99	1,0	5,9	7,0
45,15	49,99	1,0	5,9	7,0
45,17	49,99	1,0	5,9	7,0
45,20	49,99	1,0	5,9	7,0
45,22	49,99	1,0	5,9	7,0
45,25	49,99	1,0	5,9	7,0
45,27	49,99	1,0	5,9	7,0
45,29	49,99	1,0	5,9	7,0
45,32	49,99	1,0	5,9	7,0
45,34	49,99	1,0	5,9	7,0
45,37	49,99	1,0	5,9	7,0
45,39	49,99	1,0	5,9	7,0
45,42	49,99	1,0	5,9	7,0
45,44	49,99	1,0	5,9	7,0
45,47	49,99	1,0	5,9	7,0
45,49	49,99	1,0	5,9	7,0
45,51	49,99	1,0	5,9	7,0
45,54	49,99	1,0	5,9	7,0
45,56	49,99	1,0	5,9	7,0
45,59	49,99	1,0	5,9	7,0
45,61	49,99	1,0	5,9	7,0
45,64	49,99	1,0	5,9	7,0
45,66	49,99	1,0	5,9	7,0
45,68	49,99	1,0	5,9	7,0
45,71	49,99	1,0	5,9	7,0
45,73	49,99	1,0	5,9	7,0
45,76	49,99	1,0	5,9	7,0
45,78	49,99	1,0	5,9	7,0
45,81	49,99	1,0	5,9	7,0
45,83	49,99	1,0	5,9	7,0
45,86	49,99	1,0	5,9	7,0
45,88	49,99	1,0	5,9	7,0
45,90	49,99	1,0	5,9	7,0
45,93	49,99	1,0	5,9	7,0
45,95	49,99	1,0	5,9	7,0
45,98	49,99	1,0	5,9	7,0
46,00	49,99	1,0	5,9	7,0
46,03	49,99	1,0	5,9	7,0
46,05	49,99	1,0	5,9	7,0
46,08	49,99	1,0	5,9	7,0
46,10	49,99	1,0	5,9	7,0
46,12	49,99	1,0	5,9	7,0
46,15	49,99	1,0	5,9	7,0
46,17	49,99	1,0	5,9	7,0
46,20	49,99	1,0	5,9	7,0
46,22	49,99	1,0	5,9	7,0
46,25	49,99	1,0	5,9	7,0
46,27	49,99	1,0	5,9	7,0
46,30	49,99	1,0	5,9	7,0
46,32	49,99	1,0	5,9	7,0
46,34	49,99	1,0	5,9	7,0
46,37	49,99	1,0	5,9	7,0
46,39	49,99	1,0	5,9	7,0
46,42	49,99	1,0	5,9	7,0
46,44	49,99	1,0	5,9	7,0
46,47	49,99	1,0	5,9	7,0
46,49	49,99	1,0	5,9	7,0
46,52	49,99	1,0	5,9	7,0
46,54	49,99	1,0	5,9	7,0
46,56	49,99	1,0	5,9	7,0
46,59	49,99	1,0	5,9	7,0
46,61	49,99	1,0	5,9	7,0
46,64	49,99	1,0	5,9	7,0
46,66	49,99	1,0	5,9	7,0
46,69	49,99	1,0	5,9	7,0
46,71	49,99	1,0	5,9	7,0
46,73	49,99	1,0	5,9	7,0
46,76	49,99	1,0	5,9	7,0
46,78	49,99	1,0	5,9	7,0
46,81	49,99	1,0	5,9	7,0
46,83	49,99	1,0	5,9	7,0
46,86	49,99	1,0	5,9	7,0
46,88	49,99	1,0	5,9	7,0
46,91	49,99	1,0	5,9	7,0
46,93	49,99	1,0	5,9	7,0
46,95	49,99	1,0	5,9	7,0
46,98	49,99	1,0	5,9	7,0
47,00	49,99	1,0	5,9	7,0
47,03	49,99	1,0	5,9	7,0
47,05	49,99	1,0	5,9	7,0
47,08	49,99	1,0	5,9	7,0
47,10	49,99	1,0	5,9	7,0
47,13	49,99	1,0	5,9	7,0
47,15	49,99	1,0	5,9	7,0
47,17	49,99	1,0	5,9	7,0
47,20	49,99	1,0	5,9	7,0
47,22	49,99	1,0	5,9	7,0
47,25	49,99	1,0	5,9	7,0
47,27	49,99	1,0	5,9	7,0
47,30	49,99	1,0	5,9	7,0
47,32	49,99	1,0	5,9	7,0
47,35	49,99	1,0	5,9	7,0
47,37	49,99	1,0	5,9	7,0
47,39	49,99	1,0	5,9	7,0
47,42	49,99	1,0	5,9	7,0
47,44	49,99	1,0	5,9	7,0
47,47	49,99	1,0	5,9	7,0
47,49	49,99	1,0	5,9	7,0
47,52	49,99	1,0	5,9	7,0
47,54	49,99	1,0	5,9	7,0
47,57	49,99	1,0	5,9	7,0
47,59	49,99	1,0	5,9	7,0
47,61	49,99	1,0	5,9	7,0
47,64	49,99	1,0	5,9	7,0
47,66	49,99	1,0	5,9	7,0
47,69	49,99	1,0	5,9	7,0
47,71	49,99	1,0	5,9	7,0
47,74	49,99	1,0	5,9	7,0
47,76	49,99	1,0	5,9	7,0
