Voltage U1	Corriente IA	Voltage U2	Voltage U3	Voltage UH
U1/V	IA/nA	U2/V	U3/V	UH/V

0,02	0,06	5,0	5,9	7,0
0,04	0,06	5,0	5,9	7,0
0,07	0,06	5,0	5,9	7,0
0,09	0,08	5,0	5,9	7,0
0,12	0,08	5,0	5,9	7,0
0,14	0,08	5,0	5,9	7,0
0,17	0,08	5,0	5,9	7,0
0,19	0,10	5,0	5,9	7,0
0,21	0,10	5,0	5,9	7,0
0,24	0,10	5,0	5,9	7,0
0,26	0,08	5,0	5,9	7,0
0,29	0,10	5,0	5,9	7,0
0,31	0,10	5,0	5,9	7,0
0,34	0,10	5,0	5,9	7,0
0,36	0,09	5,0	5,9	7,0
0,39	0,11	5,0	5,9	7,0
0,41	0,11	5,0	5,9	7,0
0,43	0,10	5,0	5,9	7,0
0,46	0,10	5,0	5,9	7,0
0,48	0,12	5,0	5,9	7,0
0,51	0,12	5,0	5,9	7,0
0,53	0,12	5,0	5,9	7,0
0,56	0,11	5,0	5,9	7,0
0,58	0,13	5,0	5,9	7,0
0,61	0,13	5,0	5,9	7,0
0,63	0,12	5,0	5,9	7,0
0,65	0,11	5,0	5,9	7,0
0,68	0,14	5,0	5,9	7,0
0,70	0,14	5,0	5,9	7,0
0,73	0,13	5,0	5,9	7,0
0,75	0,14	5,0	5,9	7,0
0,78	0,17	5,0	5,9	7,0
0,80	0,18	5,0	5,9	7,0
0,83	0,18	5,0	5,9	7,0
0,85	0,20	5,0	5,9	7,0
0,87	0,26	5,0	5,9	7,0
0,90	0,30	5,0	5,9	7,0
0,92	0,34	5,0	5,9	7,0
0,95	0,39	5,0	5,9	7,0
0,97	0,48	5,0	5,9	7,0
1,00	0,56	5,0	5,9	7,0
1,02	0,64	5,0	5,9	7,0
1,05	0,74	5,0	5,9	7,0
1,07	0,87	5,0	5,9	7,0
1,09	1,00	5,0	5,9	7,0
1,12	1,12	5,0	5,9	7,0
1,14	1,28	5,0	5,9	7,0
1,17	1,46	5,0	5,9	7,0
1,19	1,65	5,0	5,9	7,0
1,22	1,83	5,0	5,9	7,0
1,24	2,02	5,0	5,9	7,0
1,26	2,25	5,0	5,9	7,0
1,29	2,45	5,0	5,9	7,0
1,31	2,66	5,0	5,9	7,0
1,34	2,88	5,0	5,9	7,0
1,36	3,12	5,0	5,9	7,0
1,39	3,35	5,0	5,9	7,0
1,41	3,59	5,0	5,9	7,0
1,44	3,85	5,0	5,9	7,0
1,46	4,11	5,0	5,9	7,0
1,48	4,36	5,0	5,9	7,0
1,51	4,61	5,0	5,9	7,0
1,53	4,89	5,0	5,9	7,0
1,56	5,14	5,0	5,9	7,0
1,58	5,39	5,0	5,9	7,0
1,61	5,63	5,0	5,9	7,0
1,63	5,88	5,0	5,9	7,0
1,66	6,14	5,0	5,9	7,0
1,68	6,37	5,0	5,9	7,0
1,70	6,62	5,0	5,9	7,0
1,73	6,89	5,0	5,9	7,0
1,75	7,14	5,0	5,9	7,0
1,78	7,36	5,0	5,9	7,0
1,80	7,61	5,0	5,9	7,0
1,83	7,86	5,0	5,9	7,0
1,85	8,10	5,0	5,9	7,0
1,88	8,29	5,0	5,9	7,0
1,90	8,51	5,0	5,9	7,0
1,92	8,76	5,0	5,9	7,0
1,95	8,98	5,0	5,9	7,0
1,97	9,17	5,0	5,9	7,0
2,00	9,39	5,0	5,9	7,0
2,02	9,62	5,0	5,9	7,0
2,05	9,84	5,0	5,9	7,0
2,07	10,01	5,0	5,9	7,0
2,10	10,21	5,0	5,9	7,0
2,12	10,44	5,0	5,9	7,0
2,14	10,63	5,0	5,9	7,0
2,17	10,80	5,0	5,9	7,0
2,19	10,99	5,0	5,9	7,0
2,22	11,21	5,0	5,9	7,0
2,24	11,40	5,0	5,9	7,0
2,27	11,56	5,0	5,9	7,0
2,29	11,72	5,0	5,9	7,0
2,31	11,89	5,0	5,9	7,0
2,34	12,08	5,0	5,9	7,0
2,36	12,24	5,0	5,9	7,0
2,39	12,41	5,0	5,9	7,0
2,41	12,58	5,0	5,9	7,0
2,44	12,76	5,0	5,9	7,0
2,46	12,93	5,0	5,9	7,0
2,49	13,08	5,0	5,9	7,0
2,51	13,24	5,0	5,9	7,0
2,53	13,41	5,0	5,9	7,0
2,56	13,56	5,0	5,9	7,0
2,58	13,71	5,0	5,9	7,0
2,61	13,84	5,0	5,9	7,0
2,63	14,00	5,0	5,9	7,0
2,66	14,15	5,0	5,9	7,0
2,68	14,32	5,0	5,9	7,0
2,71	14,46	5,0	5,9	7,0
2,73	14,60	5,0	5,9	7,0
2,75	14,75	5,0	5,9	7,0
2,78	14,90	5,0	5,9	7,0
2,80	15,02	5,0	5,9	7,0
2,83	15,15	5,0	5,9	7,0
2,85	15,30	5,0	5,9	7,0
2,88	15,45	5,0	5,9	7,0
2,90	15,57	5,0	5,9	7,0
2,93	15,70	5,0	5,9	7,0
2,95	15,84	5,0	5,9	7,0
2,97	15,98	5,0	5,9	7,0
3,00	16,09	5,0	5,9	7,0
3,02	16,22	5,0	5,9	7,0
3,05	16,37	5,0	5,9	7,0
3,07	16,49	5,0	5,9	7,0
3,10	16,60	5,0	5,9	7,0
3,12	16,72	5,0	5,9	7,0
3,15	16,87	5,0	5,9	7,0
3,17	17,00	5,0	5,9	7,0
3,19	17,10	5,0	5,9	7,0
3,22	17,22	5,0	5,9	7,0
3,24	17,38	5,0	5,9	7,0
3,27	17,49	5,0	5,9	7,0
3,29	17,57	5,0	5,9	7,0
3,32	17,70	5,0	5,9	7,0
3,34	17,85	5,0	5,9	7,0
3,36	17,96	5,0	5,9	7,0
3,39	18,05	5,0	5,9	7,0
3,41	18,19	5,0	5,9	7,0
3,44	18,34	5,0	5,9	7,0
3,46	18,45	5,0	5,9	7,0
3,49	18,55	5,0	5,9	7,0
3,51	18,67	5,0	5,9	7,0
3,54	18,82	5,0	5,9	7,0
3,56	18,93	5,0	5,9	7,0
3,58	19,01	5,0	5,9	7,0
3,61	19,13	5,0	5,9	7,0
3,63	19,27	5,0	5,9	7,0
3,66	19,37	5,0	5,9	7,0
3,68	19,46	5,0	5,9	7,0
3,71	19,58	5,0	5,9	7,0
3,73	19,72	5,0	5,9	7,0
3,76	19,82	5,0	5,9	7,0
3,78	19,88	5,0	5,9	7,0
3,80	20,01	5,0	5,9	7,0
3,83	20,14	5,0	5,9	7,0
3,85	20,23	5,0	5,9	7,0
3,88	20,30	5,0	5,9	7,0
3,90	20,42	5,0	5,9	7,0
3,93	20,56	5,0	5,9	7,0
3,95	20,64	5,0	5,9	7,0
3,98	20,71	5,0	5,9	7,0
4,00	20,83	5,0	5,9	7,0
4,02	20,97	5,0	5,9	7,0
4,05	21,05	5,0	5,9	7,0
4,07	21,14	5,0	5,9	7,0
4,10	21,26	5,0	5,9	7,0
4,12	21,39	5,0	5,9	7,0
4,15	21,48	5,0	5,9	7,0
4,17	21,54	5,0	5,9	7,0
4,20	21,67	5,0	5,9	7,0
4,22	21,80	5,0	5,9	7,0
4,24	21,88	5,0	5,9	7,0
4,27	21,95	5,0	5,9	7,0
4,29	22,06	5,0	5,9	7,0
4,32	22,19	5,0	5,9	7,0
4,34	22,27	5,0	5,9	7,0
4,37	22,35	5,0	5,9	7,0
4,39	22,47	5,0	5,9	7,0
4,42	22,59	5,0	5,9	7,0
4,44	22,66	5,0	5,9	7,0
4,46	22,74	5,0	5,9	7,0
4,49	22,86	5,0	5,9	7,0
4,51	22,98	5,0	5,9	7,0
4,54	23,06	5,0	5,9	7,0
4,56	23,15	5,0	5,9	7,0
4,59	23,27	5,0	5,9	7,0
4,61	23,38	5,0	5,9	7,0
4,63	23,45	5,0	5,9	7,0
4,66	23,54	5,0	5,9	7,0
4,68	23,66	5,0	5,9	7,0
4,71	23,77	5,0	5,9	7,0
4,73	23,84	5,0	5,9	7,0
4,76	23,93	5,0	5,9	7,0
4,78	24,01	5,0	5,9	7,0
4,81	24,11	5,0	5,9	7,0
4,83	24,22	5,0	5,9	7,0
4,85	24,31	5,0	5,9	7,0
4,88	24,39	5,0	5,9	7,0
4,90	24,48	5,0	5,9	7,0
4,93	24,59	5,0	5,9	7,0
4,95	24,67	5,0	5,9	7,0
4,98	24,74	5,0	5,9	7,0
5,00	24,84	5,0	5,9	7,0
5,03	24,93	5,0	5,9	7,0
5,05	25,02	5,0	5,9	7,0
5,07	25,10	5,0	5,9	7,0
5,10	25,17	5,0	5,9	7,0
5,12	25,27	5,0	5,9	7,0
5,15	25,40	5,0	5,9	7,0
5,17	25,47	5,0	5,9	7,0
5,20	25,52	5,0	5,9	7,0
5,22	25,61	5,0	5,9	7,0
5,25	25,72	5,0	5,9	7,0
5,27	25,80	5,0	5,9	7,0
5,29	25,84	5,0	5,9	7,0
5,32	25,95	5,0	5,9	7,0
5,34	26,07	5,0	5,9	7,0
5,37	26,13	5,0	5,9	7,0
5,39	26,18	5,0	5,9	7,0
5,42	26,27	5,0	5,9	7,0
5,44	26,38	5,0	5,9	7,0
5,47	26,45	5,0	5,9	7,0
5,49	26,48	5,0	5,9	7,0
5,51	26,59	5,0	5,9	7,0
5,54	26,71	5,0	5,9	7,0
5,56	26,76	5,0	5,9	7,0
5,59	26,81	5,0	5,9	7,0
5,61	26,91	5,0	5,9	7,0
5,64	27,01	5,0	5,9	7,0
5,66	27,07	5,0	5,9	7,0
5,68	27,10	5,0	5,9	7,0
5,71	27,20	5,0	5,9	7,0
5,73	27,32	5,0	5,9	7,0
5,76	27,38	5,0	5,9	7,0
5,78	27,43	5,0	5,9	7,0
5,81	27,53	5,0	5,9	7,0
5,83	27,64	5,0	5,9	7,0
5,86	27,71	5,0	5,9	7,0
5,88	27,74	5,0	5,9	7,0
5,90	27,83	5,0	5,9	7,0
5,93	27,94	5,0	5,9	7,0
5,95	27,98	5,0	5,9	7,0
5,98	28,03	5,0	5,9	7,0
6,00	28,13	5,0	5,9	7,0
6,03	28,23	5,0	5,9	7,0
6,05	28,29	5,0	5,9	7,0
6,08	28,34	5,0	5,9	7,0
6,10	28,44	5,0	5,9	7,0
6,12	28,53	5,0	5,9	7,0
6,15	28,58	5,0	5,9	7,0
6,17	28,64	5,0	5,9	7,0
6,20	28,73	5,0	5,9	7,0
6,22	28,82	5,0	5,9	7,0
6,25	28,87	5,0	5,9	7,0
6,27	28,94	5,0	5,9	7,0
6,30	29,04	5,0	5,9	7,0
6,32	29,12	5,0	5,9	7,0
6,34	29,17	5,0	5,9	7,0
6,37	29,23	5,0	5,9	7,0
6,39	29,33	5,0	5,9	7,0
6,42	29,40	5,0	5,9	7,0
6,44	29,45	5,0	5,9	7,0
6,47	29,51	5,0	5,9	7,0
6,49	29,61	5,0	5,9	7,0
6,52	29,69	5,0	5,9	7,0
6,54	29,73	5,0	5,9	7,0
6,56	29,81	5,0	5,9	7,0
6,59	29,91	5,0	5,9	7,0
6,61	29,97	5,0	5,9	7,0
6,64	29,99	5,0	5,9	7,0
6,66	30,06	5,0	5,9	7,0
6,69	30,17	5,0	5,9	7,0
6,71	30,23	5,0	5,9	7,0
6,73	30,26	5,0	5,9	7,0
6,76	30,34	5,0	5,9	7,0
6,78	30,45	5,0	5,9	7,0
6,81	30,50	5,0	5,9	7,0
6,83	30,53	5,0	5,9	7,0
6,86	30,61	5,0	5,9	7,0
6,88	30,72	5,0	5,9	7,0
6,91	30,76	5,0	5,9	7,0
6,93	30,78	5,0	5,9	7,0
6,95	30,86	5,0	5,9	7,0
6,98	30,96	5,0	5,9	7,0
7,00	31,03	5,0	5,9	7,0
7,03	31,05	5,0	5,9	7,0
7,05	31,14	5,0	5,9	7,0
7,08	31,25	5,0	5,9	7,0
7,10	31,30	5,0	5,9	7,0
7,13	31,33	5,0	5,9	7,0
7,15	31,41	5,0	5,9	7,0
7,17	31,48	5,0	5,9	7,0
7,20	31,55	5,0	5,9	7,0
7,22	31,63	5,0	5,9	7,0
7,25	31,68	5,0	5,9	7,0
7,27	31,73	5,0	5,9	7,0
7,30	31,80	5,0	5,9	7,0
7,32	31,87	5,0	5,9	7,0
7,35	31,93	5,0	5,9	7,0
7,37	31,97	5,0	5,9	7,0
7,39	32,03	5,0	5,9	7,0
7,42	32,08	5,0	5,9	7,0
7,44	32,13	5,0	5,9	7,0
7,47	32,18	5,0	5,9	7,0
7,49	32,25	5,0	5,9	7,0
7,52	32,31	5,0	5,9	7,0
7,54	32,38	5,0	5,9	7,0
7,57	32,41	5,0	5,9	7,0
7,59	32,43	5,0	5,9	7,0
7,61	32,51	5,0	5,9	7,0
7,64	32,61	5,0	5,9	7,0
7,66	32,62	5,0	5,9	7,0
7,69	32,65	5,0	5,9	7,0
7,71	32,74	5,0	5,9	7,0
7,74	32,82	5,0	5,9	7,0
7,76	32,86	5,0	5,9	7,0
7,78	32,89	5,0	5,9	7,0
7,81	32,99	5,0	5,9	7,0
7,83	33,05	5,0	5,9	7,0
7,86	33,06	5,0	5,9	7,0
7,88	33,11	5,0	5,9	7,0
7,91	33,19	5,0	5,9	7,0
7,93	33,26	5,0	5,9	7,0
7,96	33,29	5,0	5,9	7,0
7,98	33,33	5,0	5,9	7,0
8,00	33,42	5,0	5,9	7,0
8,03	33,49	5,0	5,9	7,0
8,05	33,50	5,0	5,9	7,0
8,08	33,56	5,0	5,9	7,0
8,10	33,63	5,0	5,9	7,0
8,13	33,69	5,0	5,9	7,0
8,15	33,72	5,0	5,9	7,0
8,18	33,76	5,0	5,9	7,0
8,20	33,86	5,0	5,9	7,0
8,22	33,92	5,0	5,9	7,0
8,25	33,94	5,0	5,9	7,0
8,27	34,00	5,0	5,9	7,0
8,30	34,08	5,0	5,9	7,0
8,32	34,12	5,0	5,9	7,0
8,35	34,14	5,0	5,9	7,0
8,37	34,18	5,0	5,9	7,0
8,40	34,28	5,0	5,9	7,0
8,42	34,33	5,0	5,9	7,0
8,44	34,34	5,0	5,9	7,0
8,47	34,41	5,0	5,9	7,0
8,49	34,50	5,0	5,9	7,0
8,52	34,54	5,0	5,9	7,0
8,54	34,54	5,0	5,9	7,0
8,57	34,60	5,0	5,9	7,0
8,59	34,69	5,0	5,9	7,0
8,62	34,72	5,0	5,9	7,0
8,64	34,73	5,0	5,9	7,0
8,66	34,79	5,0	5,9	7,0
8,69	34,88	5,0	5,9	7,0
8,71	34,90	5,0	5,9	7,0
8,74	34,92	5,0	5,9	7,0
8,76	34,98	5,0	5,9	7,0
8,79	35,06	5,0	5,9	7,0
8,81	35,08	5,0	5,9	7,0
8,84	35,08	5,0	5,9	7,0
8,86	35,16	5,0	5,9	7,0
8,88	35,24	5,0	5,9	7,0
8,91	35,28	5,0	5,9	7,0
8,93	35,29	5,0	5,9	7,0
8,96	35,38	5,0	5,9	7,0
8,98	35,46	5,0	5,9	7,0
9,01	35,48	5,0	5,9	7,0
9,03	35,49	5,0	5,9	7,0
9,05	35,57	5,0	5,9	7,0
9,08	35,66	5,0	5,9	7,0
9,10	35,67	5,0	5,9	7,0
9,13	35,69	5,0	5,9	7,0
9,15	35,77	5,0	5,9	7,0
9,18	35,86	5,0	5,9	7,0
9,20	35,87	5,0	5,9	7,0
9,23	35,88	5,0	5,9	7,0
9,25	35,95	5,0	5,9	7,0
9,27	36,01	5,0	5,9	7,0
9,30	36,03	5,0	5,9	7,0
9,32	36,01	5,0	5,9	7,0
9,35	36,08	5,0	5,9	7,0
9,37	36,15	5,0	5,9	7,0
9,40	36,16	5,0	5,9	7,0
9,42	36,18	5,0	5,9	7,0
9,45	36,25	5,0	5,9	7,0
9,47	36,33	5,0	5,9	7,0
9,49	36,33	5,0	5,9	7,0
9,52	36,34	5,0	5,9	7,0
9,54	36,42	5,0	5,9	7,0
9,57	36,48	5,0	5,9	7,0
9,59	36,50	5,0	5,9	7,0
9,62	36,53	5,0	5,9	7,0
9,64	36,58	5,0	5,9	7,0
9,67	36,63	5,0	5,9	7,0
9,69	36,70	5,0	5,9	7,0
9,71	36,74	5,0	5,9	7,0
9,74	36,78	5,0	5,9	7,0
9,76	36,83	5,0	5,9	7,0
9,79	36,89	5,0	5,9	7,0
9,81	36,92	5,0	5,9	7,0
9,84	36,96	5,0	5,9	7,0
9,86	37,02	5,0	5,9	7,0
9,89	37,07	5,0	5,9	7,0
9,91	37,10	5,0	5,9	7,0
9,93	37,13	5,0	5,9	7,0
9,96	37,18	5,0	5,9	7,0
9,98	37,22	5,0	5,9	7,0
10,01	37,28	5,0	5,9	7,0
10,03	37,33	5,0	5,9	7,0
10,06	37,33	5,0	5,9	7,0
10,08	37,36	5,0	5,9	7,0
10,10	37,45	5,0	5,9	7,0
10,13	37,49	5,0	5,9	7,0
10,15	37,49	5,0	5,9	7,0
10,18	37,54	5,0	5,9	7,0
10,20	37,62	5,0	5,9	7,0
10,23	37,65	5,0	5,9	7,0
10,25	37,65	5,0	5,9	7,0
10,28	37,71	5,0	5,9	7,0
10,30	37,78	5,0	5,9	7,0
10,32	37,81	5,0	5,9	7,0
10,35	37,82	5,0	5,9	7,0
10,37	37,88	5,0	5,9	7,0
10,40	37,97	5,0	5,9	7,0
10,42	37,99	5,0	5,9	7,0
10,45	37,99	5,0	5,9	7,0
10,47	38,05	5,0	5,9	7,0
10,50	38,12	5,0	5,9	7,0
10,52	38,12	5,0	5,9	7,0
10,54	38,13	5,0	5,9	7,0
10,57	38,20	5,0	5,9	7,0
10,59	38,27	5,0	5,9	7,0
10,62	38,28	5,0	5,9	7,0
10,64	38,28	5,0	5,9	7,0
10,67	38,36	5,0	5,9	7,0
10,69	38,43	5,0	5,9	7,0
10,72	38,43	5,0	5,9	7,0
10,74	38,45	5,0	5,9	7,0
10,76	38,51	5,0	5,9	7,0
10,79	38,59	5,0	5,9	7,0
10,81	38,60	5,0	5,9	7,0
10,84	38,61	5,0	5,9	7,0
10,86	38,69	5,0	5,9	7,0
10,89	38,77	5,0	5,9	7,0
10,91	38,77	5,0	5,9	7,0
10,94	38,78	5,0	5,9	7,0
10,96	38,85	5,0	5,9	7,0
10,98	38,92	5,0	5,9	7,0
11,01	38,93	5,0	5,9	7,0
11,03	38,93	5,0	5,9	7,0
11,06	39,01	5,0	5,9	7,0
11,08	39,09	5,0	5,9	7,0
11,11	39,08	5,0	5,9	7,0
11,13	39,10	5,0	5,9	7,0
11,15	39,17	5,0	5,9	7,0
11,18	39,23	5,0	5,9	7,0
11,20	39,23	5,0	5,9	7,0
11,23	39,25	5,0	5,9	7,0
11,25	39,32	5,0	5,9	7,0
11,28	39,38	5,0	5,9	7,0
11,30	39,38	5,0	5,9	7,0
11,33	39,42	5,0	5,9	7,0
11,35	39,49	5,0	5,9	7,0
11,37	39,53	5,0	5,9	7,0
11,40	39,54	5,0	5,9	7,0
11,42	39,56	5,0	5,9	7,0
11,45	39,63	5,0	5,9	7,0
11,47	39,69	5,0	5,9	7,0
11,50	39,69	5,0	5,9	7,0
11,52	39,72	5,0	5,9	7,0
11,55	39,81	5,0	5,9	7,0
11,57	39,86	5,0	5,9	7,0
11,59	39,86	5,0	5,9	7,0
11,62	39,90	5,0	5,9	7,0
11,64	39,99	5,0	5,9	7,0
11,67	40,04	5,0	5,9	7,0
11,69	40,04	5,0	5,9	7,0
11,72	40,07	5,0	5,9	7,0
11,74	40,17	5,0	5,9	7,0
11,77	40,22	5,0	5,9	7,0
11,79	40,23	5,0	5,9	7,0
11,81	40,26	5,0	5,9	7,0
11,84	40,34	5,0	5,9	7,0
11,86	40,37	5,0	5,9	7,0
11,89	40,38	5,0	5,9	7,0
11,91	40,42	5,0	5,9	7,0
11,94	40,49	5,0	5,9	7,0
11,96	40,51	5,0	5,9	7,0
11,99	40,52	5,0	5,9	7,0
12,01	40,57	5,0	5,9	7,0
12,03	40,64	5,0	5,9	7,0
12,06	40,67	5,0	5,9	7,0
12,08	40,72	5,0	5,9	7,0
12,11	40,76	5,0	5,9	7,0
12,13	40,79	5,0	5,9	7,0
12,16	40,85	5,0	5,9	7,0
12,18	40,90	5,0	5,9	7,0
12,21	40,94	5,0	5,9	7,0
12,23	40,98	5,0	5,9	7,0
12,25	41,05	5,0	5,9	7,0
12,28	41,09	5,0	5,9	7,0
12,30	41,13	5,0	5,9	7,0
12,33	41,17	5,0	5,9	7,0
12,35	41,22	5,0	5,9	7,0
12,38	41,26	5,0	5,9	7,0
12,40	41,30	5,0	5,9	7,0
12,42	41,32	5,0	5,9	7,0
12,45	41,33	5,0	5,9	7,0
12,47	41,40	5,0	5,9	7,0
12,50	41,47	5,0	5,9	7,0
12,52	41,47	5,0	5,9	7,0
12,55	41,48	5,0	5,9	7,0
12,57	41,55	5,0	5,9	7,0
12,60	41,61	5,0	5,9	7,0
12,62	41,61	5,0	5,9	7,0
12,64	41,62	5,0	5,9	7,0
12,67	41,68	5,0	5,9	7,0
12,69	41,75	5,0	5,9	7,0
12,72	41,75	5,0	5,9	7,0
12,74	41,77	5,0	5,9	7,0
12,77	41,83	5,0	5,9	7,0
12,79	41,90	5,0	5,9	7,0
12,82	41,91	5,0	5,9	7,0
12,84	41,91	5,0	5,9	7,0
12,86	41,96	5,0	5,9	7,0
12,89	42,02	5,0	5,9	7,0
12,91	42,04	5,0	5,9	7,0
12,94	42,04	5,0	5,9	7,0
12,96	42,11	5,0	5,9	7,0
12,99	42,16	5,0	5,9	7,0
13,01	42,16	5,0	5,9	7,0
13,04	42,19	5,0	5,9	7,0
13,06	42,25	5,0	5,9	7,0
13,08	42,30	5,0	5,9	7,0
13,11	42,30	5,0	5,9	7,0
13,13	42,30	5,0	5,9	7,0
13,16	42,35	5,0	5,9	7,0
13,18	42,37	5,0	5,9	7,0
13,21	42,35	5,0	5,9	7,0
13,23	42,35	5,0	5,9	7,0
13,26	42,38	5,0	5,9	7,0
13,28	42,36	5,0	5,9	7,0
13,30	42,31	5,0	5,9	7,0
13,33	42,28	5,0	5,9	7,0
13,35	42,28	5,0	5,9	7,0
13,38	42,24	5,0	5,9	7,0
13,40	42,16	5,0	5,9	7,0
13,43	42,07	5,0	5,9	7,0
13,45	42,02	5,0	5,9	7,0
13,47	41,92	5,0	5,9	7,0
13,50	41,79	5,0	5,9	7,0
13,52	41,64	5,0	5,9	7,0
13,55	41,54	5,0	5,9	7,0
13,57	41,39	5,0	5,9	7,0
13,60	41,19	5,0	5,9	7,0
13,62	41,00	5,0	5,9	7,0
13,65	40,84	5,0	5,9	7,0
13,67	40,67	5,0	5,9	7,0
13,69	40,45	5,0	5,9	7,0
13,72	40,23	5,0	5,9	7,0
13,74	39,57	5,0	5,9	7,0
13,77	36,80	5,0	5,9	7,0
13,79	34,03	5,0	5,9	7,0
13,82	31,27	5,0	5,9	7,0
13,84	28,55	5,0	5,9	7,0
13,87	25,85	5,0	5,9	7,0
13,89	23,15	5,0	5,9	7,0
13,91	20,46	5,0	5,9	7,0
13,94	17,80	5,0	5,9	7,0
13,96	15,17	5,0	5,9	7,0
13,99	12,53	5,0	5,9	7,0
14,01	9,90	5,0	5,9	7,0
14,04	7,29	5,0	5,9	7,0
14,06	4,70	5,0	5,9	7,0
14,09	2,11	5,0	5,9	7,0
14,11	0,01	5,0	5,9	7,0
14,13	0,01	5,0	5,9	7,0
14,16	0,01	5,0	5,9	7,0
14,18	0,01	5,0	5,9	7,0
14,21	0,01	5,0	5,9	7,0
14,23	0,01	5,0	5,9	7,0
14,26	0,01	5,0	5,9	7,0
14,28	0,01	5,0	5,9	7,0
14,31	0,01	5,0	5,9	7,0
14,33	0,01	5,0	5,9	7,0
14,35	0,01	5,0	5,9	7,0
14,38	0,01	5,0	5,9	7,0
14,40	0,01	5,0	5,9	7,0
14,43	0,01	5,0	5,9	7,0
14,45	0,01	5,0	5,9	7,0
14,48	0,01	5,0	5,9	7,0
14,50	0,01	5,0	5,9	7,0
14,52	0,01	5,0	5,9	7,0
14,55	0,01	5,0	5,9	7,0
14,57	0,01	5,0	5,9	7,0
14,60	0,01	5,0	5,9	7,0
14,62	0,01	5,0	5,9	7,0
14,65	0,01	5,0	5,9	7,0
14,67	0,01	5,0	5,9	7,0
14,70	0,01	5,0	5,9	7,0
14,72	0,01	5,0	5,9	7,0
14,74	0,01	5,0	5,9	7,0
14,77	0,01	5,0	5,9	7,0
14,79	0,01	5,0	5,9	7,0
14,82	0,01	5,0	5,9	7,0
14,84	0,01	5,0	5,9	7,0
14,87	0,01	5,0	5,9	7,0
14,89	0,01	5,0	5,9	7,0
14,92	0,01	5,0	5,9	7,0
14,94	0,01	5,0	5,9	7,0
14,96	0,01	5,0	5,9	7,0
14,99	0,01	5,0	5,9	7,0
15,01	0,01	5,0	5,9	7,0
15,04	0,01	5,0	5,9	7,0
15,06	0,01	5,0	5,9	7,0
15,09	0,01	5,0	5,9	7,0
15,11	0,01	5,0	5,9	7,0
15,14	0,01	5,0	5,9	7,0
15,16	0,01	5,0	5,9	7,0
15,18	0,01	5,0	5,9	7,0
15,21	0,01	5,0	5,9	7,0
15,23	0,01	5,0	5,9	7,0
15,26	0,01	5,0	5,9	7,0
15,28	0,01	5,0	5,9	7,0
15,31	0,01	5,0	5,9	7,0
15,33	0,01	5,0	5,9	7,0
15,36	0,01	5,0	5,9	7,0
15,38	0,01	5,0	5,9	7,0
15,40	0,01	5,0	5,9	7,0
15,43	0,01	5,0	5,9	7,0
15,45	0,01	5,0	5,9	7,0
15,48	0,01	5,0	5,9	7,0
15,50	0,01	5,0	5,9	7,0
15,53	0,01	5,0	5,9	7,0
15,55	0,01	5,0	5,9	7,0
15,57	0,01	5,0	5,9	7,0
15,60	0,01	5,0	5,9	7,0
15,62	0,01	5,0	5,9	7,0
15,65	0,01	5,0	5,9	7,0
15,67	0,01	5,0	5,9	7,0
15,70	0,01	5,0	5,9	7,0
15,72	0,01	5,0	5,9	7,0
15,75	0,01	5,0	5,9	7,0
15,77	0,01	5,0	5,9	7,0
15,79	0,01	5,0	5,9	7,0
15,82	0,01	5,0	5,9	7,0
15,84	0,01	5,0	5,9	7,0
15,87	0,01	5,0	5,9	7,0
15,89	0,01	5,0	5,9	7,0
15,92	0,01	5,0	5,9	7,0
15,94	0,01	5,0	5,9	7,0
15,97	0,01	5,0	5,9	7,0
15,99	0,01	5,0	5,9	7,0
16,01	0,01	5,0	5,9	7,0
16,04	0,01	5,0	5,9	7,0
16,06	0,01	5,0	5,9	7,0
16,09	0,01	5,0	5,9	7,0
16,11	0,01	5,0	5,9	7,0
16,14	0,01	5,0	5,9	7,0
16,16	0,01	5,0	5,9	7,0
16,19	0,01	5,0	5,9	7,0
16,21	0,01	5,0	5,9	7,0
16,23	0,01	5,0	5,9	7,0
16,26	0,01	5,0	5,9	7,0
16,28	0,01	5,0	5,9	7,0
16,31	0,01	5,0	5,9	7,0
16,33	0,01	5,0	5,9	7,0
16,36	0,01	5,0	5,9	7,0
16,38	0,01	5,0	5,9	7,0
16,41	0,01	5,0	5,9	7,0
16,43	0,01	5,0	5,9	7,0
16,45	0,01	5,0	5,9	7,0
16,48	0,01	5,0	5,9	7,0
16,50	0,01	5,0	5,9	7,0
16,53	0,01	5,0	5,9	7,0
16,55	0,01	5,0	5,9	7,0
16,58	0,01	5,0	5,9	7,0
16,60	0,01	5,0	5,9	7,0
16,63	0,01	5,0	5,9	7,0
16,65	0,01	5,0	5,9	7,0
16,67	0,01	5,0	5,9	7,0
16,70	0,01	5,0	5,9	7,0
16,72	0,01	5,0	5,9	7,0
16,75	0,01	5,0	5,9	7,0
16,77	0,01	5,0	5,9	7,0
16,80	0,01	5,0	5,9	7,0
16,82	0,01	5,0	5,9	7,0
16,84	0,01	5,0	5,9	7,0
16,87	0,01	5,0	5,9	7,0
16,89	0,01	5,0	5,9	7,0
16,92	0,01	5,0	5,9	7,0
16,94	0,01	5,0	5,9	7,0
16,97	0,01	5,0	5,9	7,0
16,99	0,01	5,0	5,9	7,0
17,02	0,01	5,0	5,9	7,0
17,04	0,01	5,0	5,9	7,0
17,06	0,01	5,0	5,9	7,0
17,09	0,01	5,0	5,9	7,0
17,11	0,01	5,0	5,9	7,0
17,14	0,01	5,0	5,9	7,0
17,16	0,01	5,0	5,9	7,0
17,19	0,01	5,0	5,9	7,0
17,21	0,01	5,0	5,9	7,0
17,24	0,01	5,0	5,9	7,0
17,26	0,01	5,0	5,9	7,0
17,28	0,01	5,0	5,9	7,0
17,31	0,01	5,0	5,9	7,0
17,33	0,01	5,0	5,9	7,0
17,36	0,01	5,0	5,9	7,0
17,38	0,01	5,0	5,9	7,0
17,41	0,01	5,0	5,9	7,0
17,43	0,01	5,0	5,9	7,0
17,46	0,01	5,0	5,9	7,0
17,48	0,01	5,0	5,9	7,0
17,50	0,01	5,0	5,9	7,0
17,53	0,01	5,0	5,9	7,0
17,55	0,01	5,0	5,9	7,0
17,58	0,01	5,0	5,9	7,0
17,60	0,01	5,0	5,9	7,0
17,63	0,01	5,0	5,9	7,0
17,65	0,01	5,0	5,9	7,0
17,68	0,01	5,0	5,9	7,0
17,70	0,01	5,0	5,9	7,0
17,72	0,01	5,0	5,9	7,0
17,75	0,01	5,0	5,9	7,0
17,77	0,01	5,0	5,9	7,0
17,80	0,01	5,0	5,9	7,0
17,82	0,01	5,0	5,9	7,0
17,85	0,01	5,0	5,9	7,0
17,87	0,01	5,0	5,9	7,0
17,89	0,01	5,0	5,9	7,0
17,92	0,01	5,0	5,9	7,0
17,94	0,01	5,0	5,9	7,0
17,97	0,01	5,0	5,9	7,0
17,99	0,01	5,0	5,9	7,0
18,02	0,01	5,0	5,9	7,0
18,04	0,01	5,0	5,9	7,0
18,07	0,01	5,0	5,9	7,0
18,09	0,01	5,0	5,9	7,0
18,11	0,01	5,0	5,9	7,0
18,14	0,01	5,0	5,9	7,0
18,16	0,01	5,0	5,9	7,0
18,19	0,12	5,0	5,9	7,0
18,21	0,50	5,0	5,9	7,0
18,24	1,33	5,0	5,9	7,0
18,26	2,57	5,0	5,9	7,0
18,29	4,12	5,0	5,9	7,0
18,31	5,97	5,0	5,9	7,0
18,33	7,91	5,0	5,9	7,0
18,36	10,22	5,0	5,9	7,0
18,38	12,81	5,0	5,9	7,0
18,41	15,71	5,0	5,9	7,0
18,43	19,05	5,0	5,9	7,0
18,46	22,38	5,0	5,9	7,0
18,48	25,71	5,0	5,9	7,0
18,51	29,04	5,0	5,9	7,0
18,53	32,38	5,0	5,9	7,0
18,55	35,60	5,0	5,9	7,0
18,58	38,55	5,0	5,9	7,0
18,60	41,05	5,0	5,9	7,0
18,63	43,14	5,0	5,9	7,0
18,65	44,92	5,0	5,9	7,0
18,68	46,41	5,0	5,9	7,0
18,70	47,80	5,0	5,9	7,0
18,73	48,82	5,0	5,9	7,0
18,75	49,57	5,0	5,9	7,0
18,77	49,99	5,0	5,9	7,0
18,80	49,99	5,0	5,9	7,0
18,82	49,99	5,0	5,9	7,0
18,85	49,99	5,0	5,9	7,0
18,87	49,99	5,0	5,9	7,0
18,90	49,99	5,0	5,9	7,0
18,92	49,99	5,0	5,9	7,0
18,94	49,99	5,0	5,9	7,0
18,97	49,99	5,0	5,9	7,0
18,99	49,99	5,0	5,9	7,0
19,02	49,99	5,0	5,9	7,0
19,04	49,99	5,0	5,9	7,0
19,07	49,99	5,0	5,9	7,0
19,09	49,99	5,0	5,9	7,0
19,12	49,99	5,0	5,9	7,0
19,14	49,99	5,0	5,9	7,0
19,16	49,99	5,0	5,9	7,0
19,19	49,99	5,0	5,9	7,0
19,21	49,99	5,0	5,9	7,0
19,24	49,99	5,0	5,9	7,0
19,26	49,99	5,0	5,9	7,0
19,29	49,99	5,0	5,9	7,0
19,31	49,99	5,0	5,9	7,0
19,34	49,99	5,0	5,9	7,0
19,36	49,99	5,0	5,9	7,0
19,38	49,99	5,0	5,9	7,0
19,41	49,99	5,0	5,9	7,0
19,43	49,99	5,0	5,9	7,0
19,46	49,99	5,0	5,9	7,0
19,48	49,99	5,0	5,9	7,0
19,51	49,99	5,0	5,9	7,0
19,53	49,99	5,0	5,9	7,0
19,56	49,99	5,0	5,9	7,0
19,58	49,99	5,0	5,9	7,0
19,60	49,99	5,0	5,9	7,0
19,63	49,99	5,0	5,9	7,0
19,65	49,99	5,0	5,9	7,0
19,68	49,99	5,0	5,9	7,0
19,70	49,99	5,0	5,9	7,0
19,73	49,99	5,0	5,9	7,0
19,75	49,99	5,0	5,9	7,0
19,78	49,99	5,0	5,9	7,0
19,80	49,99	5,0	5,9	7,0
19,82	49,99	5,0	5,9	7,0
19,85	49,99	5,0	5,9	7,0
19,87	49,99	5,0	5,9	7,0
19,90	49,99	5,0	5,9	7,0
19,92	49,99	5,0	5,9	7,0
19,95	49,99	5,0	5,9	7,0
19,97	49,99	5,0	5,9	7,0
19,99	49,99	5,0	5,9	7,0
20,02	49,99	5,0	5,9	7,0
20,04	49,99	5,0	5,9	7,0
20,07	49,99	5,0	5,9	7,0
20,09	49,99	5,0	5,9	7,0
20,12	49,99	5,0	5,9	7,0
20,14	49,99	5,0	5,9	7,0
20,17	49,99	5,0	5,9	7,0
20,19	49,99	5,0	5,9	7,0
20,21	49,99	5,0	5,9	7,0
20,24	49,99	5,0	5,9	7,0
20,26	49,99	5,0	5,9	7,0
20,29	49,99	5,0	5,9	7,0
20,31	49,99	5,0	5,9	7,0
20,34	49,99	5,0	5,9	7,0
20,36	49,99	5,0	5,9	7,0
20,39	49,99	5,0	5,9	7,0
20,41	49,99	5,0	5,9	7,0
20,43	49,99	5,0	5,9	7,0
20,46	49,99	5,0	5,9	7,0
20,48	49,99	5,0	5,9	7,0
20,51	49,99	5,0	5,9	7,0
20,53	49,99	5,0	5,9	7,0
20,56	49,99	5,0	5,9	7,0
20,58	49,99	5,0	5,9	7,0
20,61	49,99	5,0	5,9	7,0
20,63	49,99	5,0	5,9	7,0
20,65	49,99	5,0	5,9	7,0
20,68	49,99	5,0	5,9	7,0
20,70	49,99	5,0	5,9	7,0
20,73	49,99	5,0	5,9	7,0
20,75	49,99	5,0	5,9	7,0
20,78	49,99	5,0	5,9	7,0
20,80	49,99	5,0	5,9	7,0
20,83	49,99	5,0	5,9	7,0
20,85	49,99	5,0	5,9	7,0
20,87	49,99	5,0	5,9	7,0
20,90	49,99	5,0	5,9	7,0
20,92	49,99	5,0	5,9	7,0
20,95	49,99	5,0	5,9	7,0
20,97	49,99	5,0	5,9	7,0
21,00	49,99	5,0	5,9	7,0
21,02	49,99	5,0	5,9	7,0
21,05	49,99	5,0	5,9	7,0
21,07	49,99	5,0	5,9	7,0
21,09	49,99	5,0	5,9	7,0
21,12	49,99	5,0	5,9	7,0
21,14	49,99	5,0	5,9	7,0
21,17	49,99	5,0	5,9	7,0
21,19	49,99	5,0	5,9	7,0
21,22	49,99	5,0	5,9	7,0
21,24	49,99	5,0	5,9	7,0
21,26	49,99	5,0	5,9	7,0
21,29	49,99	5,0	5,9	7,0
21,31	49,99	5,0	5,9	7,0
21,34	49,99	5,0	5,9	7,0
21,36	49,99	5,0	5,9	7,0
21,39	49,99	5,0	5,9	7,0
21,41	49,99	5,0	5,9	7,0
21,44	49,99	5,0	5,9	7,0
21,46	49,99	5,0	5,9	7,0
21,48	49,99	5,0	5,9	7,0
21,51	49,99	5,0	5,9	7,0
21,53	49,99	5,0	5,9	7,0
21,56	49,99	5,0	5,9	7,0
21,58	49,99	5,0	5,9	7,0
21,61	49,99	5,0	5,9	7,0
21,63	49,99	5,0	5,9	7,0
21,66	49,99	5,0	5,9	7,0
21,68	49,99	5,0	5,9	7,0
21,70	49,99	5,0	5,9	7,0
21,73	49,99	5,0	5,9	7,0
21,75	49,99	5,0	5,9	7,0
21,78	49,99	5,0	5,9	7,0
21,80	49,99	5,0	5,9	7,0
21,83	49,99	5,0	5,9	7,0
21,85	49,99	5,0	5,9	7,0
21,88	49,99	5,0	5,9	7,0
21,90	49,99	5,0	5,9	7,0
21,92	49,99	5,0	5,9	7,0
21,95	49,99	5,0	5,9	7,0
21,97	49,99	5,0	5,9	7,0
22,00	49,99	5,0	5,9	7,0
22,02	49,99	5,0	5,9	7,0
22,05	49,99	5,0	5,9	7,0
22,07	49,99	5,0	5,9	7,0
22,10	49,99	5,0	5,9	7,0
22,12	49,99	5,0	5,9	7,0
22,14	49,99	5,0	5,9	7,0
22,17	49,99	5,0	5,9	7,0
22,19	49,99	5,0	5,9	7,0
22,22	49,99	5,0	5,9	7,0
22,24	49,99	5,0	5,9	7,0
22,27	49,99	5,0	5,9	7,0
22,29	49,99	5,0	5,9	7,0
22,31	49,99	5,0	5,9	7,0
22,34	49,99	5,0	5,9	7,0
22,36	49,99	5,0	5,9	7,0
22,39	49,99	5,0	5,9	7,0
22,41	49,99	5,0	5,9	7,0
22,44	49,99	5,0	5,9	7,0
22,46	49,99	5,0	5,9	7,0
22,49	49,99	5,0	5,9	7,0
22,51	49,99	5,0	5,9	7,0
22,53	49,99	5,0	5,9	7,0
22,56	49,99	5,0	5,9	7,0
22,58	49,99	5,0	5,9	7,0
22,61	49,99	5,0	5,9	7,0
22,63	49,99	5,0	5,9	7,0
22,66	49,99	5,0	5,9	7,0
22,68	49,99	5,0	5,9	7,0
22,71	49,99	5,0	5,9	7,0
22,73	49,99	5,0	5,9	7,0
22,75	49,99	5,0	5,9	7,0
22,78	49,99	5,0	5,9	7,0
22,80	49,99	5,0	5,9	7,0
22,83	49,99	5,0	5,9	7,0
22,85	49,99	5,0	5,9	7,0
22,88	49,99	5,0	5,9	7,0
22,90	49,99	5,0	5,9	7,0
22,93	49,99	5,0	5,9	7,0
22,95	49,99	5,0	5,9	7,0
22,97	49,99	5,0	5,9	7,0
23,00	49,99	5,0	5,9	7,0
23,02	49,99	5,0	5,9	7,0
23,05	49,99	5,0	5,9	7,0
23,07	49,99	5,0	5,9	7,0
23,10	49,99	5,0	5,9	7,0
23,12	49,99	5,0	5,9	7,0
23,15	49,99	5,0	5,9	7,0
23,17	49,99	5,0	5,9	7,0
23,19	49,99	5,0	5,9	7,0
23,22	49,99	5,0	5,9	7,0
23,24	49,99	5,0	5,9	7,0
23,27	49,99	5,0	5,9	7,0
23,29	49,99	5,0	5,9	7,0
23,32	49,99	5,0	5,9	7,0
23,34	49,99	5,0	5,9	7,0
23,36	49,99	5,0	5,9	7,0
23,39	49,99	5,0	5,9	7,0
23,41	49,99	5,0	5,9	7,0
23,44	49,99	5,0	5,9	7,0
23,46	49,99	5,0	5,9	7,0
23,49	49,99	5,0	5,9	7,0
23,51	49,99	5,0	5,9	7,0
23,54	49,99	5,0	5,9	7,0
23,56	49,99	5,0	5,9	7,0
23,58	49,99	5,0	5,9	7,0
23,61	49,99	5,0	5,9	7,0
23,63	49,99	5,0	5,9	7,0
23,66	49,99	5,0	5,9	7,0
23,68	49,99	5,0	5,9	7,0
23,71	49,99	5,0	5,9	7,0
23,73	49,99	5,0	5,9	7,0
23,76	49,99	5,0	5,9	7,0
23,78	49,99	5,0	5,9	7,0
23,80	49,99	5,0	5,9	7,0
23,83	49,99	5,0	5,9	7,0
23,85	49,99	5,0	5,9	7,0
23,88	49,99	5,0	5,9	7,0
23,90	49,99	5,0	5,9	7,0
23,93	49,99	5,0	5,9	7,0
23,95	49,99	5,0	5,9	7,0
23,98	49,99	5,0	5,9	7,0
24,00	49,99	5,0	5,9	7,0
24,02	49,99	5,0	5,9	7,0
24,05	49,99	5,0	5,9	7,0
24,07	49,99	5,0	5,9	7,0
24,10	49,99	5,0	5,9	7,0
24,12	49,99	5,0	5,9	7,0
24,15	49,99	5,0	5,9	7,0
24,17	49,99	5,0	5,9	7,0
24,20	49,99	5,0	5,9	7,0
24,22	49,99	5,0	5,9	7,0
24,24	49,99	5,0	5,9	7,0
24,27	49,99	5,0	5,9	7,0
24,29	49,99	5,0	5,9	7,0
24,32	49,99	5,0	5,9	7,0
24,34	49,99	5,0	5,9	7,0
24,37	49,99	5,0	5,9	7,0
24,39	49,99	5,0	5,9	7,0
24,42	49,99	5,0	5,9	7,0
24,44	49,99	5,0	5,9	7,0
24,46	49,99	5,0	5,9	7,0
24,49	49,99	5,0	5,9	7,0
24,51	49,99	5,0	5,9	7,0
24,54	49,99	5,0	5,9	7,0
24,56	49,99	5,0	5,9	7,0
24,59	49,99	5,0	5,9	7,0
24,61	49,99	5,0	5,9	7,0
24,63	49,99	5,0	5,9	7,0
24,66	49,99	5,0	5,9	7,0
24,68	49,99	5,0	5,9	7,0
24,71	49,99	5,0	5,9	7,0
24,73	49,99	5,0	5,9	7,0
24,76	49,99	5,0	5,9	7,0
24,78	49,99	5,0	5,9	7,0
24,81	49,99	5,0	5,9	7,0
24,83	49,99	5,0	5,9	7,0
24,85	49,99	5,0	5,9	7,0
24,88	49,99	5,0	5,9	7,0
24,90	49,99	5,0	5,9	7,0
24,93	49,99	5,0	5,9	7,0
24,95	49,99	5,0	5,9	7,0
24,98	49,99	5,0	5,9	7,0
25,00	49,99	5,0	5,9	7,0
25,03	49,99	5,0	5,9	7,0
25,05	49,99	5,0	5,9	7,0
25,07	49,99	5,0	5,9	7,0
25,10	49,99	5,0	5,9	7,0
25,12	49,99	5,0	5,9	7,0
25,15	49,99	5,0	5,9	7,0
25,17	49,99	5,0	5,9	7,0
25,20	49,99	5,0	5,9	7,0
25,22	49,99	5,0	5,9	7,0
25,25	49,99	5,0	5,9	7,0
25,27	49,99	5,0	5,9	7,0
25,29	49,99	5,0	5,9	7,0
25,32	49,99	5,0	5,9	7,0
25,34	49,99	5,0	5,9	7,0
25,37	49,99	5,0	5,9	7,0
25,39	49,99	5,0	5,9	7,0
25,42	49,99	5,0	5,9	7,0
25,44	49,99	5,0	5,9	7,0
25,47	49,99	5,0	5,9	7,0
25,49	49,99	5,0	5,9	7,0
25,51	49,99	5,0	5,9	7,0
25,54	49,99	5,0	5,9	7,0
25,56	49,99	5,0	5,9	7,0
25,59	49,99	5,0	5,9	7,0
25,61	49,99	5,0	5,9	7,0
25,64	49,99	5,0	5,9	7,0
25,66	49,99	5,0	5,9	7,0
25,68	49,99	5,0	5,9	7,0
25,71	49,99	5,0	5,9	7,0
25,73	49,99	5,0	5,9	7,0
25,76	49,99	5,0	5,9	7,0
25,78	49,99	5,0	5,9	7,0
25,81	49,99	5,0	5,9	7,0
25,83	49,99	5,0	5,9	7,0
25,86	49,99	5,0	5,9	7,0
25,88	49,99	5,0	5,9	7,0
25,90	49,99	5,0	5,9	7,0
25,93	49,99	5,0	5,9	7,0
25,95	49,99	5,0	5,9	7,0
25,98	49,99	5,0	5,9	7,0
26,00	49,99	5,0	5,9	7,0
26,03	49,99	5,0	5,9	7,0
26,05	49,99	5,0	5,9	7,0
26,08	49,99	5,0	5,9	7,0
26,10	49,99	5,0	5,9	7,0
26,12	49,99	5,0	5,9	7,0
26,15	49,99	5,0	5,9	7,0
26,17	49,99	5,0	5,9	7,0
26,20	49,99	5,0	5,9	7,0
26,22	49,99	5,0	5,9	7,0
26,25	49,99	5,0	5,9	7,0
26,27	49,99	5,0	5,9	7,0
26,30	49,99	5,0	5,9	7,0
26,32	49,99	5,0	5,9	7,0
26,34	49,99	5,0	5,9	7,0
26,37	49,99	5,0	5,9	7,0
26,39	49,99	5,0	5,9	7,0
26,42	49,99	5,0	5,9	7,0
26,44	49,99	5,0	5,9	7,0
26,47	49,99	5,0	5,9	7,0
26,49	49,99	5,0	5,9	7,0
26,52	49,99	5,0	5,9	7,0
26,54	49,99	5,0	5,9	7,0
26,56	49,99	5,0	5,9	7,0
26,59	49,99	5,0	5,9	7,0
26,61	49,99	5,0	5,9	7,0
26,64	49,99	5,0	5,9	7,0
26,66	49,99	5,0	5,9	7,0
26,69	49,99	5,0	5,9	7,0
26,71	49,99	5,0	5,9	7,0
26,73	49,99	5,0	5,9	7,0
26,76	49,99	5,0	5,9	7,0
26,78	49,99	5,0	5,9	7,0
26,81	49,99	5,0	5,9	7,0
26,83	49,99	5,0	5,9	7,0
26,86	49,99	5,0	5,9	7,0
26,88	49,99	5,0	5,9	7,0
26,91	49,99	5,0	5,9	7,0
26,93	49,99	5,0	5,9	7,0
26,95	49,99	5,0	5,9	7,0
26,98	49,99	5,0	5,9	7,0
27,00	49,99	5,0	5,9	7,0
27,03	49,99	5,0	5,9	7,0
27,05	49,99	5,0	5,9	7,0
27,08	49,99	5,0	5,9	7,0
27,10	49,99	5,0	5,9	7,0
27,13	49,99	5,0	5,9	7,0
27,15	49,99	5,0	5,9	7,0
27,17	49,99	5,0	5,9	7,0
27,20	49,99	5,0	5,9	7,0
27,22	49,99	5,0	5,9	7,0
27,25	49,99	5,0	5,9	7,0
27,27	49,99	5,0	5,9	7,0
27,30	49,99	5,0	5,9	7,0
27,32	49,99	5,0	5,9	7,0
27,35	49,99	5,0	5,9	7,0
27,37	49,99	5,0	5,9	7,0
27,39	49,99	5,0	5,9	7,0
27,42	49,99	5,0	5,9	7,0
27,44	49,99	5,0	5,9	7,0
27,47	49,99	5,0	5,9	7,0
27,49	49,99	5,0	5,9	7,0
27,52	49,99	5,0	5,9	7,0
27,54	49,99	5,0	5,9	7,0
27,57	49,99	5,0	5,9	7,0
27,59	49,99	5,0	5,9	7,0
27,61	49,99	5,0	5,9	7,0
27,64	49,99	5,0	5,9	7,0
27,66	49,99	5,0	5,9	7,0
27,69	49,99	5,0	5,9	7,0
27,71	49,99	5,0	5,9	7,0
27,74	49,99	5,0	5,9	7,0
27,76	49,99	5,0	5,9	7,0
27,78	49,99	5,0	5,9	7,0
27,81	49,99	5,0	5,9	7,0
27,83	49,99	5,0	5,9	7,0
27,86	49,99	5,0	5,9	7,0
27,88	49,99	5,0	5,9	7,0
27,91	49,99	5,0	5,9	7,0
27,93	49,99	5,0	5,9	7,0
27,96	49,99	5,0	5,9	7,0
27,98	49,99	5,0	5,9	7,0
28,00	49,99	5,0	5,9	7,0
28,03	49,99	5,0	5,9	7,0
28,05	49,99	5,0	5,9	7,0
28,08	49,99	5,0	5,9	7,0
28,10	49,99	5,0	5,9	7,0
28,13	49,99	5,0	5,9	7,0
28,15	49,99	5,0	5,9	7,0
28,18	49,99	5,0	5,9	7,0
28,20	49,99	5,0	5,9	7,0
28,22	49,99	5,0	5,9	7,0
28,25	49,99	5,0	5,9	7,0
28,27	49,99	5,0	5,9	7,0
28,30	49,99	5,0	5,9	7,0
28,32	49,99	5,0	5,9	7,0
28,35	49,99	5,0	5,9	7,0
28,37	49,99	5,0	5,9	7,0
28,40	49,99	5,0	5,9	7,0
28,42	49,99	5,0	5,9	7,0
28,44	49,99	5,0	5,9	7,0
28,47	49,99	5,0	5,9	7,0
28,49	49,99	5,0	5,9	7,0
28,52	49,99	5,0	5,9	7,0
28,54	49,99	5,0	5,9	7,0
28,57	49,99	5,0	5,9	7,0
28,59	49,99	5,0	5,9	7,0
28,62	49,99	5,0	5,9	7,0
28,64	49,99	5,0	5,9	7,0
28,66	49,99	5,0	5,9	7,0
28,69	49,99	5,0	5,9	7,0
28,71	49,99	5,0	5,9	7,0
28,74	49,99	5,0	5,9	7,0
28,76	49,99	5,0	5,9	7,0
28,79	49,99	5,0	5,9	7,0
28,81	49,99	5,0	5,9	7,0
28,84	49,99	5,0	5,9	7,0
28,86	49,99	5,0	5,9	7,0
28,88	49,99	5,0	5,9	7,0
28,91	49,99	5,0	5,9	7,0
28,93	49,99	5,0	5,9	7,0
28,96	49,99	5,0	5,9	7,0
28,98	49,99	5,0	5,9	7,0
29,01	49,99	5,0	5,9	7,0
29,03	49,99	5,0	5,9	7,0
29,05	49,99	5,0	5,9	7,0
29,08	49,99	5,0	5,9	7,0
29,10	49,99	5,0	5,9	7,0
29,13	49,99	5,0	5,9	7,0
29,15	49,99	5,0	5,9	7,0
29,18	49,99	5,0	5,9	7,0
29,20	49,99	5,0	5,9	7,0
29,23	49,99	5,0	5,9	7,0
29,25	49,99	5,0	5,9	7,0
29,27	49,99	5,0	5,9	7,0
29,30	49,99	5,0	5,9	7,0
29,32	49,99	5,0	5,9	7,0
29,35	49,99	5,0	5,9	7,0
29,37	49,99	5,0	5,9	7,0
29,40	49,99	5,0	5,9	7,0
29,42	49,99	5,0	5,9	7,0
29,45	49,99	5,0	5,9	7,0
29,47	49,99	5,0	5,9	7,0
29,49	49,99	5,0	5,9	7,0
29,52	49,99	5,0	5,9	7,0
29,54	49,99	5,0	5,9	7,0
29,57	49,99	5,0	5,9	7,0
29,59	49,99	5,0	5,9	7,0
29,62	49,99	5,0	5,9	7,0
29,64	49,99	5,0	5,9	7,0
29,67	49,99	5,0	5,9	7,0
29,69	49,99	5,0	5,9	7,0
29,71	49,99	5,0	5,9	7,0
29,74	49,99	5,0	5,9	7,0
29,76	49,99	5,0	5,9	7,0
29,79	49,99	5,0	5,9	7,0
29,81	49,99	5,0	5,9	7,0
29,84	49,99	5,0	5,9	7,0
29,86	49,99	5,0	5,9	7,0
29,89	49,99	5,0	5,9	7,0
29,91	49,99	5,0	5,9	7,0
29,93	49,99	5,0	5,9	7,0
29,96	49,99	5,0	5,9	7,0
29,98	49,99	5,0	5,9	7,0
30,01	49,99	5,0	5,9	7,0
30,03	49,99	5,0	5,9	7,0
30,06	49,99	5,0	5,9	7,0
30,08	49,99	5,0	5,9	7,0
30,10	49,99	5,0	5,9	7,0
30,13	49,99	5,0	5,9	7,0
30,15	49,99	5,0	5,9	7,0
30,18	49,99	5,0	5,9	7,0
30,20	49,99	5,0	5,9	7,0
30,23	49,99	5,0	5,9	7,0
30,25	49,99	5,0	5,9	7,0
30,28	49,99	5,0	5,9	7,0
30,30	49,99	5,0	5,9	7,0
30,32	49,99	5,0	5,9	7,0
30,35	49,99	5,0	5,9	7,0
30,37	49,99	5,0	5,9	7,0
30,40	49,99	5,0	5,9	7,0
30,42	49,99	5,0	5,9	7,0
30,45	49,99	5,0	5,9	7,0
30,47	49,99	5,0	5,9	7,0
30,50	49,99	5,0	5,9	7,0
30,52	49,99	5,0	5,9	7,0
30,54	49,99	5,0	5,9	7,0
30,57	49,99	5,0	5,9	7,0
30,59	49,99	5,0	5,9	7,0
30,62	49,99	5,0	5,9	7,0
30,64	49,99	5,0	5,9	7,0
30,67	49,99	5,0	5,9	7,0
30,69	49,99	5,0	5,9	7,0
30,72	49,99	5,0	5,9	7,0
30,74	49,99	5,0	5,9	7,0
30,76	49,99	5,0	5,9	7,0
30,79	49,99	5,0	5,9	7,0
30,81	49,99	5,0	5,9	7,0
30,84	49,99	5,0	5,9	7,0
30,86	49,99	5,0	5,9	7,0
30,89	49,99	5,0	5,9	7,0
30,91	49,99	5,0	5,9	7,0
30,94	49,99	5,0	5,9	7,0
30,96	49,99	5,0	5,9	7,0
30,98	49,99	5,0	5,9	7,0
31,01	49,99	5,0	5,9	7,0
31,03	49,99	5,0	5,9	7,0
31,06	49,99	5,0	5,9	7,0
31,08	49,99	5,0	5,9	7,0
31,11	49,99	5,0	5,9	7,0
31,13	49,99	5,0	5,9	7,0
31,15	49,99	5,0	5,9	7,0
31,18	49,99	5,0	5,9	7,0
31,20	49,99	5,0	5,9	7,0
31,23	49,99	5,0	5,9	7,0
31,25	49,99	5,0	5,9	7,0
31,28	49,99	5,0	5,9	7,0
31,30	49,99	5,0	5,9	7,0
31,33	49,99	5,0	5,9	7,0
31,35	49,99	5,0	5,9	7,0
31,37	49,99	5,0	5,9	7,0
31,40	49,99	5,0	5,9	7,0
31,42	49,99	5,0	5,9	7,0
31,45	49,99	5,0	5,9	7,0
31,47	49,99	5,0	5,9	7,0
31,50	49,99	5,0	5,9	7,0
31,52	49,99	5,0	5,9	7,0
31,55	49,99	5,0	5,9	7,0
31,57	49,99	5,0	5,9	7,0
31,59	49,99	5,0	5,9	7,0
31,62	49,99	5,0	5,9	7,0
31,64	49,99	5,0	5,9	7,0
31,67	49,99	5,0	5,9	7,0
31,69	49,99	5,0	5,9	7,0
31,72	49,99	5,0	5,9	7,0
31,74	49,99	5,0	5,9	7,0
31,77	49,99	5,0	5,9	7,0
31,79	49,99	5,0	5,9	7,0
31,81	49,99	5,0	5,9	7,0
31,84	49,99	5,0	5,9	7,0
31,86	49,99	5,0	5,9	7,0
31,89	49,99	5,0	5,9	7,0
31,91	49,99	5,0	5,9	7,0
31,94	49,99	5,0	5,9	7,0
31,96	49,99	5,0	5,9	7,0
31,99	49,99	5,0	5,9	7,0
32,01	49,99	5,0	5,9	7,0
32,03	49,99	5,0	5,9	7,0
32,06	49,99	5,0	5,9	7,0
32,08	49,99	5,0	5,9	7,0
32,11	49,99	5,0	5,9	7,0
32,13	49,99	5,0	5,9	7,0
32,16	49,99	5,0	5,9	7,0
32,18	49,99	5,0	5,9	7,0
32,20	49,99	5,0	5,9	7,0
32,23	49,99	5,0	5,9	7,0
32,25	49,99	5,0	5,9	7,0
32,28	49,99	5,0	5,9	7,0
32,30	49,99	5,0	5,9	7,0
32,33	49,99	5,0	5,9	7,0
32,35	49,99	5,0	5,9	7,0
32,38	49,99	5,0	5,9	7,0
32,40	49,99	5,0	5,9	7,0
32,42	49,99	5,0	5,9	7,0
32,45	49,99	5,0	5,9	7,0
32,47	49,99	5,0	5,9	7,0
32,50	49,99	5,0	5,9	7,0
32,52	49,99	5,0	5,9	7,0
32,55	49,99	5,0	5,9	7,0
32,57	49,99	5,0	5,9	7,0
32,60	49,99	5,0	5,9	7,0
32,62	49,99	5,0	5,9	7,0
32,64	49,99	5,0	5,9	7,0
32,67	49,99	5,0	5,9	7,0
32,69	49,99	5,0	5,9	7,0
32,72	49,99	5,0	5,9	7,0
32,74	49,99	5,0	5,9	7,0
32,77	49,99	5,0	5,9	7,0
32,79	49,99	5,0	5,9	7,0
32,82	49,99	5,0	5,9	7,0
32,84	49,99	5,0	5,9	7,0
32,86	49,99	5,0	5,9	7,0
32,89	49,99	5,0	5,9	7,0
32,91	49,99	5,0	5,9	7,0
32,94	49,99	5,0	5,9	7,0
32,96	49,99	5,0	5,9	7,0
32,99	49,99	5,0	5,9	7,0
33,01	49,99	5,0	5,9	7,0
33,04	49,99	5,0	5,9	7,0
33,06	49,99	5,0	5,9	7,0
33,08	49,99	5,0	5,9	7,0
33,11	49,99	5,0	5,9	7,0
33,13	49,99	5,0	5,9	7,0
33,16	49,99	5,0	5,9	7,0
33,18	49,99	5,0	5,9	7,0
33,21	49,99	5,0	5,9	7,0
33,23	49,99	5,0	5,9	7,0
33,26	49,99	5,0	5,9	7,0
33,28	49,99	5,0	5,9	7,0
33,30	49,99	5,0	5,9	7,0
33,33	49,99	5,0	5,9	7,0
33,35	49,99	5,0	5,9	7,0
33,38	49,99	5,0	5,9	7,0
33,40	49,99	5,0	5,9	7,0
33,43	49,99	5,0	5,9	7,0
33,45	49,99	5,0	5,9	7,0
33,47	49,99	5,0	5,9	7,0
33,50	49,99	5,0	5,9	7,0
33,52	49,99	5,0	5,9	7,0
33,55	49,99	5,0	5,9	7,0
33,57	49,99	5,0	5,9	7,0
33,60	49,99	5,0	5,9	7,0
33,62	49,99	5,0	5,9	7,0
33,65	49,99	5,0	5,9	7,0
33,67	49,99	5,0	5,9	7,0
33,69	49,99	5,0	5,9	7,0
33,72	49,99	5,0	5,9	7,0
33,74	49,99	5,0	5,9	7,0
33,77	49,99	5,0	5,9	7,0
33,79	49,99	5,0	5,9	7,0
33,82	49,99	5,0	5,9	7,0
33,84	49,99	5,0	5,9	7,0
33,87	49,99	5,0	5,9	7,0
33,89	49,99	5,0	5,9	7,0
33,91	49,99	5,0	5,9	7,0
33,94	49,99	5,0	5,9	7,0
33,96	49,99	5,0	5,9	7,0
33,99	49,99	5,0	5,9	7,0
34,01	49,99	5,0	5,9	7,0
34,04	49,99	5,0	5,9	7,0
34,06	49,99	5,0	5,9	7,0
34,09	49,99	5,0	5,9	7,0
34,11	49,99	5,0	5,9	7,0
34,13	49,99	5,0	5,9	7,0
34,16	49,99	5,0	5,9	7,0
34,18	49,99	5,0	5,9	7,0
34,21	49,99	5,0	5,9	7,0
34,23	49,99	5,0	5,9	7,0
34,26	49,99	5,0	5,9	7,0
34,28	49,99	5,0	5,9	7,0
34,31	49,99	5,0	5,9	7,0
34,33	49,99	5,0	5,9	7,0
34,35	49,99	5,0	5,9	7,0
34,38	49,99	5,0	5,9	7,0
34,40	49,99	5,0	5,9	7,0
34,43	49,99	5,0	5,9	7,0
34,45	49,99	5,0	5,9	7,0
34,48	49,99	5,0	5,9	7,0
34,50	49,99	5,0	5,9	7,0
34,52	49,99	5,0	5,9	7,0
34,55	49,99	5,0	5,9	7,0
34,57	49,99	5,0	5,9	7,0
34,60	49,99	5,0	5,9	7,0
34,62	49,99	5,0	5,9	7,0
34,65	49,99	5,0	5,9	7,0
34,67	49,99	5,0	5,9	7,0
34,70	49,99	5,0	5,9	7,0
34,72	49,99	5,0	5,9	7,0
34,74	49,99	5,0	5,9	7,0
34,77	49,99	5,0	5,9	7,0
34,79	49,99	5,0	5,9	7,0
34,82	49,99	5,0	5,9	7,0
34,84	49,99	5,0	5,9	7,0
34,87	49,99	5,0	5,9	7,0
34,89	49,99	5,0	5,9	7,0
34,92	49,99	5,0	5,9	7,0
34,94	49,99	5,0	5,9	7,0
34,96	49,99	5,0	5,9	7,0
34,99	49,99	5,0	5,9	7,0
35,01	49,99	5,0	5,9	7,0
35,04	49,99	5,0	5,9	7,0
35,06	49,99	5,0	5,9	7,0
35,09	49,99	5,0	5,9	7,0
35,11	49,99	5,0	5,9	7,0
35,14	49,99	5,0	5,9	7,0
35,16	49,99	5,0	5,9	7,0
35,18	49,99	5,0	5,9	7,0
35,21	49,99	5,0	5,9	7,0
35,23	49,99	5,0	5,9	7,0
35,26	49,99	5,0	5,9	7,0
35,28	49,99	5,0	5,9	7,0
35,31	49,99	5,0	5,9	7,0
35,33	49,99	5,0	5,9	7,0
35,36	49,99	5,0	5,9	7,0
35,38	49,99	5,0	5,9	7,0
35,40	49,99	5,0	5,9	7,0
35,43	49,99	5,0	5,9	7,0
35,45	49,99	5,0	5,9	7,0
35,48	49,99	5,0	5,9	7,0
35,50	49,99	5,0	5,9	7,0
35,53	49,99	5,0	5,9	7,0
35,55	49,99	5,0	5,9	7,0
35,57	49,99	5,0	5,9	7,0
35,60	49,99	5,0	5,9	7,0
35,62	49,99	5,0	5,9	7,0
35,65	49,99	5,0	5,9	7,0
35,67	49,99	5,0	5,9	7,0
35,70	49,99	5,0	5,9	7,0
35,72	49,99	5,0	5,9	7,0
35,75	49,99	5,0	5,9	7,0
35,77	49,99	5,0	5,9	7,0
35,79	49,99	5,0	5,9	7,0
35,82	49,99	5,0	5,9	7,0
35,84	49,99	5,0	5,9	7,0
35,87	49,99	5,0	5,9	7,0
35,89	49,99	5,0	5,9	7,0
35,92	49,99	5,0	5,9	7,0
35,94	49,99	5,0	5,9	7,0
35,97	49,99	5,0	5,9	7,0
35,99	49,99	5,0	5,9	7,0
36,01	49,99	5,0	5,9	7,0
36,04	49,99	5,0	5,9	7,0
36,06	49,99	5,0	5,9	7,0
36,09	49,99	5,0	5,9	7,0
36,11	49,99	5,0	5,9	7,0
36,14	49,99	5,0	5,9	7,0
36,16	49,99	5,0	5,9	7,0
36,19	49,99	5,0	5,9	7,0
36,21	49,99	5,0	5,9	7,0
36,23	49,99	5,0	5,9	7,0
36,26	49,99	5,0	5,9	7,0
36,28	49,99	5,0	5,9	7,0
36,31	49,99	5,0	5,9	7,0
36,33	49,99	5,0	5,9	7,0
36,36	49,99	5,0	5,9	7,0
36,38	49,99	5,0	5,9	7,0
36,41	49,99	5,0	5,9	7,0
36,43	49,99	5,0	5,9	7,0
36,45	49,99	5,0	5,9	7,0
36,48	49,99	5,0	5,9	7,0
36,50	49,99	5,0	5,9	7,0
36,53	49,99	5,0	5,9	7,0
36,55	49,99	5,0	5,9	7,0
36,58	49,99	5,0	5,9	7,0
36,60	49,99	5,0	5,9	7,0
36,62	49,99	5,0	5,9	7,0
36,65	49,99	5,0	5,9	7,0
36,67	49,99	5,0	5,9	7,0
36,70	49,99	5,0	5,9	7,0
36,72	49,99	5,0	5,9	7,0
36,75	49,99	5,0	5,9	7,0
36,77	49,99	5,0	5,9	7,0
36,80	49,99	5,0	5,9	7,0
36,82	49,99	5,0	5,9	7,0
36,84	49,99	5,0	5,9	7,0
36,87	49,99	5,0	5,9	7,0
36,89	49,99	5,0	5,9	7,0
36,92	49,99	5,0	5,9	7,0
36,94	49,99	5,0	5,9	7,0
36,97	49,99	5,0	5,9	7,0
36,99	49,99	5,0	5,9	7,0
37,02	49,99	5,0	5,9	7,0
37,04	49,99	5,0	5,9	7,0
37,06	49,99	5,0	5,9	7,0
37,09	49,99	5,0	5,9	7,0
37,11	49,99	5,0	5,9	7,0
37,14	49,99	5,0	5,9	7,0
37,16	49,99	5,0	5,9	7,0
37,19	49,99	5,0	5,9	7,0
37,21	49,99	5,0	5,9	7,0
37,24	49,99	5,0	5,9	7,0
37,26	49,99	5,0	5,9	7,0
37,28	49,99	5,0	5,9	7,0
37,31	49,99	5,0	5,9	7,0
37,33	49,99	5,0	5,9	7,0
37,36	49,99	5,0	5,9	7,0
37,38	49,99	5,0	5,9	7,0
37,41	49,99	5,0	5,9	7,0
37,43	49,99	5,0	5,9	7,0
37,46	49,99	5,0	5,9	7,0
37,48	49,99	5,0	5,9	7,0
37,50	49,99	5,0	5,9	7,0
37,53	49,99	5,0	5,9	7,0
37,55	49,99	5,0	5,9	7,0
37,58	49,99	5,0	5,9	7,0
37,60	49,99	5,0	5,9	7,0
37,63	49,99	5,0	5,9	7,0
37,65	49,99	5,0	5,9	7,0
37,68	49,99	5,0	5,9	7,0
37,70	49,99	5,0	5,9	7,0
37,72	49,99	5,0	5,9	7,0
37,75	49,99	5,0	5,9	7,0
37,77	49,99	5,0	5,9	7,0
37,80	49,99	5,0	5,9	7,0
37,82	49,99	5,0	5,9	7,0
37,85	49,99	5,0	5,9	7,0
37,87	49,99	5,0	5,9	7,0
37,89	49,99	5,0	5,9	7,0
37,92	49,99	5,0	5,9	7,0
37,94	49,99	5,0	5,9	7,0
37,97	49,99	5,0	5,9	7,0
37,99	49,99	5,0	5,9	7,0
38,02	49,99	5,0	5,9	7,0
38,04	49,99	5,0	5,9	7,0
38,07	49,99	5,0	5,9	7,0
38,09	49,99	5,0	5,9	7,0
38,11	49,99	5,0	5,9	7,0
38,14	49,99	5,0	5,9	7,0
38,16	49,99	5,0	5,9	7,0
38,19	49,99	5,0	5,9	7,0
38,21	49,99	5,0	5,9	7,0
38,24	49,99	5,0	5,9	7,0
38,26	49,99	5,0	5,9	7,0
38,29	49,99	5,0	5,9	7,0
38,31	49,99	5,0	5,9	7,0
38,33	49,99	5,0	5,9	7,0
38,36	49,99	5,0	5,9	7,0
38,38	49,99	5,0	5,9	7,0
38,41	49,99	5,0	5,9	7,0
38,43	49,99	5,0	5,9	7,0
38,46	49,99	5,0	5,9	7,0
38,48	49,99	5,0	5,9	7,0
38,51	49,99	5,0	5,9	7,0
38,53	49,99	5,0	5,9	7,0
38,55	49,99	5,0	5,9	7,0
38,58	49,99	5,0	5,9	7,0
38,60	49,99	5,0	5,9	7,0
38,63	49,99	5,0	5,9	7,0
38,65	49,99	5,0	5,9	7,0
38,68	49,99	5,0	5,9	7,0
38,70	49,99	5,0	5,9	7,0
38,73	49,99	5,0	5,9	7,0
38,75	49,99	5,0	5,9	7,0
38,77	49,99	5,0	5,9	7,0
38,80	49,99	5,0	5,9	7,0
38,82	49,99	5,0	5,9	7,0
38,85	49,99	5,0	5,9	7,0
38,87	49,99	5,0	5,9	7,0
38,90	49,99	5,0	5,9	7,0
38,92	49,99	5,0	5,9	7,0
38,94	49,99	5,0	5,9	7,0
38,97	49,99	5,0	5,9	7,0
38,99	49,99	5,0	5,9	7,0
39,02	49,99	5,0	5,9	7,0
39,04	49,99	5,0	5,9	7,0
39,07	49,99	5,0	5,9	7,0
39,09	49,99	5,0	5,9	7,0
39,12	49,99	5,0	5,9	7,0
39,14	49,99	5,0	5,9	7,0
39,16	49,99	5,0	5,9	7,0
39,19	49,99	5,0	5,9	7,0
39,21	49,99	5,0	5,9	7,0
39,24	49,99	5,0	5,9	7,0
39,26	49,99	5,0	5,9	7,0
39,29	49,99	5,0	5,9	7,0
39,31	49,99	5,0	5,9	7,0
39,34	49,99	5,0	5,9	7,0
39,36	49,99	5,0	5,9	7,0
39,38	49,99	5,0	5,9	7,0
39,41	49,99	5,0	5,9	7,0
39,43	49,99	5,0	5,9	7,0
39,46	49,99	5,0	5,9	7,0
39,48	49,99	5,0	5,9	7,0
39,51	49,99	5,0	5,9	7,0
39,53	49,99	5,0	5,9	7,0
39,56	49,99	5,0	5,9	7,0
39,58	49,99	5,0	5,9	7,0
39,60	49,99	5,0	5,9	7,0
39,63	49,99	5,0	5,9	7,0
39,65	49,99	5,0	5,9	7,0
39,68	49,99	5,0	5,9	7,0
39,70	49,99	5,0	5,9	7,0
39,73	49,99	5,0	5,9	7,0
39,75	49,99	5,0	5,9	7,0
39,78	49,99	5,0	5,9	7,0
39,80	49,99	5,0	5,9	7,0
39,82	49,99	5,0	5,9	7,0
39,85	49,99	5,0	5,9	7,0
39,87	49,99	5,0	5,9	7,0
39,90	49,99	5,0	5,9	7,0
39,92	49,99	5,0	5,9	7,0
39,95	49,99	5,0	5,9	7,0
39,97	49,99	5,0	5,9	7,0
39,99	49,99	5,0	5,9	7,0
40,02	49,99	5,0	5,9	7,0
40,04	49,99	5,0	5,9	7,0
40,07	49,99	5,0	5,9	7,0
40,09	49,99	5,0	5,9	7,0
40,12	49,99	5,0	5,9	7,0
40,14	49,99	5,0	5,9	7,0
40,17	49,99	5,0	5,9	7,0
40,19	49,99	5,0	5,9	7,0
40,21	49,99	5,0	5,9	7,0
40,24	49,99	5,0	5,9	7,0
40,26	49,99	5,0	5,9	7,0
40,29	49,99	5,0	5,9	7,0
40,31	49,99	5,0	5,9	7,0
40,34	49,99	5,0	5,9	7,0
40,36	49,99	5,0	5,9	7,0
40,39	49,99	5,0	5,9	7,0
40,41	49,99	5,0	5,9	7,0
40,43	49,99	5,0	5,9	7,0
40,46	49,99	5,0	5,9	7,0
40,48	49,99	5,0	5,9	7,0
40,51	49,99	5,0	5,9	7,0
40,53	49,99	5,0	5,9	7,0
40,56	49,99	5,0	5,9	7,0
40,58	49,99	5,0	5,9	7,0
40,61	49,99	5,0	5,9	7,0
40,63	49,99	5,0	5,9	7,0
40,65	49,99	5,0	5,9	7,0
40,68	49,99	5,0	5,9	7,0
40,70	49,99	5,0	5,9	7,0
40,73	49,99	5,0	5,9	7,0
40,75	49,99	5,0	5,9	7,0
40,78	49,99	5,0	5,9	7,0
40,80	49,99	5,0	5,9	7,0
40,83	49,99	5,0	5,9	7,0
40,85	49,99	5,0	5,9	7,0
40,87	49,99	5,0	5,9	7,0
40,90	49,99	5,0	5,9	7,0
40,92	49,99	5,0	5,9	7,0
40,95	49,99	5,0	5,9	7,0
40,97	49,99	5,0	5,9	7,0
41,00	49,99	5,0	5,9	7,0
41,02	49,99	5,0	5,9	7,0
41,05	49,99	5,0	5,9	7,0
41,07	49,99	5,0	5,9	7,0
41,09	49,99	5,0	5,9	7,0
41,12	49,99	5,0	5,9	7,0
41,14	49,99	5,0	5,9	7,0
41,17	49,99	5,0	5,9	7,0
41,19	49,99	5,0	5,9	7,0
41,22	49,99	5,0	5,9	7,0
41,24	49,99	5,0	5,9	7,0
41,26	49,99	5,0	5,9	7,0
41,29	49,99	5,0	5,9	7,0
41,31	49,99	5,0	5,9	7,0
41,34	49,99	5,0	5,9	7,0
41,36	49,99	5,0	5,9	7,0
41,39	49,99	5,0	5,9	7,0
41,41	49,99	5,0	5,9	7,0
41,44	49,99	5,0	5,9	7,0
41,46	49,99	5,0	5,9	7,0
41,48	49,99	5,0	5,9	7,0
41,51	49,99	5,0	5,9	7,0
41,53	49,99	5,0	5,9	7,0
41,56	49,99	5,0	5,9	7,0
41,58	49,99	5,0	5,9	7,0
41,61	49,99	5,0	5,9	7,0
41,63	49,99	5,0	5,9	7,0
41,66	49,99	5,0	5,9	7,0
41,68	49,99	5,0	5,9	7,0
41,70	49,99	5,0	5,9	7,0
41,73	49,99	5,0	5,9	7,0
41,75	49,99	5,0	5,9	7,0
41,78	49,99	5,0	5,9	7,0
41,80	49,99	5,0	5,9	7,0
41,83	49,99	5,0	5,9	7,0
41,85	49,99	5,0	5,9	7,0
41,88	49,99	5,0	5,9	7,0
41,90	49,99	5,0	5,9	7,0
41,92	49,99	5,0	5,9	7,0
41,95	49,99	5,0	5,9	7,0
41,97	49,99	5,0	5,9	7,0
42,00	49,99	5,0	5,9	7,0
42,02	49,99	5,0	5,9	7,0
42,05	49,99	5,0	5,9	7,0
42,07	49,99	5,0	5,9	7,0
42,10	49,99	5,0	5,9	7,0
42,12	49,99	5,0	5,9	7,0
42,14	49,99	5,0	5,9	7,0
42,17	49,99	5,0	5,9	7,0
42,19	49,99	5,0	5,9	7,0
42,22	49,99	5,0	5,9	7,0
42,24	49,99	5,0	5,9	7,0
42,27	49,99	5,0	5,9	7,0
42,29	49,99	5,0	5,9	7,0
42,31	49,99	5,0	5,9	7,0
42,34	49,99	5,0	5,9	7,0
42,36	49,99	5,0	5,9	7,0
42,39	49,99	5,0	5,9	7,0
42,41	49,99	5,0	5,9	7,0
42,44	49,99	5,0	5,9	7,0
42,46	49,99	5,0	5,9	7,0
42,49	49,99	5,0	5,9	7,0
42,51	49,99	5,0	5,9	7,0
42,53	49,99	5,0	5,9	7,0
42,56	49,99	5,0	5,9	7,0
42,58	49,99	5,0	5,9	7,0
42,61	49,99	5,0	5,9	7,0
42,63	49,99	5,0	5,9	7,0
42,66	49,99	5,0	5,9	7,0
42,68	49,99	5,0	5,9	7,0
42,71	49,99	5,0	5,9	7,0
42,73	49,99	5,0	5,9	7,0
42,75	49,99	5,0	5,9	7,0
42,78	49,99	5,0	5,9	7,0
42,80	49,99	5,0	5,9	7,0
42,83	49,99	5,0	5,9	7,0
42,85	49,99	5,0	5,9	7,0
42,88	49,99	5,0	5,9	7,0
42,90	49,99	5,0	5,9	7,0
42,93	49,99	5,0	5,9	7,0
42,95	49,99	5,0	5,9	7,0
42,97	49,99	5,0	5,9	7,0
43,00	49,99	5,0	5,9	7,0
43,02	49,99	5,0	5,9	7,0
43,05	49,99	5,0	5,9	7,0
43,07	49,99	5,0	5,9	7,0
43,10	49,99	5,0	5,9	7,0
43,12	49,99	5,0	5,9	7,0
43,15	49,99	5,0	5,9	7,0
43,17	49,99	5,0	5,9	7,0
43,19	49,99	5,0	5,9	7,0
43,22	49,99	5,0	5,9	7,0
43,24	49,99	5,0	5,9	7,0
43,27	49,99	5,0	5,9	7,0
43,29	49,99	5,0	5,9	7,0
43,32	49,99	5,0	5,9	7,0
43,34	49,99	5,0	5,9	7,0
43,36	49,99	5,0	5,9	7,0
43,39	49,99	5,0	5,9	7,0
43,41	49,99	5,0	5,9	7,0
43,44	49,99	5,0	5,9	7,0
43,46	49,99	5,0	5,9	7,0
43,49	49,99	5,0	5,9	7,0
43,51	49,99	5,0	5,9	7,0
43,54	49,99	5,0	5,9	7,0
43,56	49,99	5,0	5,9	7,0
43,58	49,99	5,0	5,9	7,0
43,61	49,99	5,0	5,9	7,0
43,63	49,99	5,0	5,9	7,0
43,66	49,99	5,0	5,9	7,0
43,68	49,99	5,0	5,9	7,0
43,71	49,99	5,0	5,9	7,0
43,73	49,99	5,0	5,9	7,0
43,76	49,99	5,0	5,9	7,0
43,78	49,99	5,0	5,9	7,0
43,80	49,99	5,0	5,9	7,0
43,83	49,99	5,0	5,9	7,0
43,85	49,99	5,0	5,9	7,0
43,88	49,99	5,0	5,9	7,0
43,90	49,99	5,0	5,9	7,0
43,93	49,99	5,0	5,9	7,0
43,95	49,99	5,0	5,9	7,0
43,98	49,99	5,0	5,9	7,0
44,00	49,99	5,0	5,9	7,0
44,02	49,99	5,0	5,9	7,0
44,05	49,99	5,0	5,9	7,0
44,07	49,99	5,0	5,9	7,0
44,10	49,99	5,0	5,9	7,0
44,12	49,99	5,0	5,9	7,0
44,15	49,99	5,0	5,9	7,0
44,17	49,99	5,0	5,9	7,0
44,20	49,99	5,0	5,9	7,0
44,22	49,99	5,0	5,9	7,0
44,24	49,99	5,0	5,9	7,0
44,27	49,99	5,0	5,9	7,0
44,29	49,99	5,0	5,9	7,0
44,32	49,99	5,0	5,9	7,0
44,34	49,99	5,0	5,9	7,0
44,37	49,99	5,0	5,9	7,0
44,39	49,99	5,0	5,9	7,0
44,41	49,99	5,0	5,9	7,0
44,44	49,99	5,0	5,9	7,0
44,46	49,99	5,0	5,9	7,0
44,49	49,99	5,0	5,9	7,0
44,51	49,99	5,0	5,9	7,0
44,54	49,99	5,0	5,9	7,0
44,56	49,99	5,0	5,9	7,0
44,59	49,99	5,0	5,9	7,0
44,61	49,99	5,0	5,9	7,0
44,63	49,99	5,0	5,9	7,0
44,66	49,99	5,0	5,9	7,0
44,68	49,99	5,0	5,9	7,0
44,71	49,99	5,0	5,9	7,0
44,73	49,99	5,0	5,9	7,0
44,76	49,99	5,0	5,9	7,0
44,78	49,99	5,0	5,9	7,0
44,81	49,99	5,0	5,9	7,0
44,83	49,99	5,0	5,9	7,0
44,85	49,99	5,0	5,9	7,0
44,88	49,99	5,0	5,9	7,0
44,90	49,99	5,0	5,9	7,0
44,93	49,99	5,0	5,9	7,0
44,95	49,99	5,0	5,9	7,0
44,98	49,99	5,0	5,9	7,0
45,00	49,99	5,0	5,9	7,0
45,03	49,99	5,0	5,9	7,0
45,05	49,99	5,0	5,9	7,0
45,07	49,99	5,0	5,9	7,0
45,10	49,99	5,0	5,9	7,0
45,12	49,99	5,0	5,9	7,0
45,15	49,99	5,0	5,9	7,0
45,17	49,99	5,0	5,9	7,0
45,20	49,99	5,0	5,9	7,0
45,22	49,99	5,0	5,9	7,0
45,25	49,99	5,0	5,9	7,0
45,27	49,99	5,0	5,9	7,0
45,29	49,99	5,0	5,9	7,0
45,32	49,99	5,0	5,9	7,0
45,34	49,99	5,0	5,9	7,0
45,37	49,99	5,0	5,9	7,0
45,39	49,99	5,0	5,9	7,0
45,42	49,99	5,0	5,9	7,0
45,44	49,99	5,0	5,9	7,0
45,47	49,99	5,0	5,9	7,0
45,49	49,99	5,0	5,9	7,0
45,51	49,99	5,0	5,9	7,0
45,54	49,99	5,0	5,9	7,0
45,56	49,99	5,0	5,9	7,0
45,59	49,99	5,0	5,9	7,0
45,61	49,99	5,0	5,9	7,0
45,64	49,99	5,0	5,9	7,0
45,66	49,99	5,0	5,9	7,0
45,68	49,99	5,0	5,9	7,0
45,71	49,99	5,0	5,9	7,0
45,73	49,99	5,0	5,9	7,0
45,76	49,99	5,0	5,9	7,0
45,78	49,99	5,0	5,9	7,0
45,81	49,99	5,0	5,9	7,0
45,83	49,99	5,0	5,9	7,0
45,86	49,99	5,0	5,9	7,0
45,88	49,99	5,0	5,9	7,0
45,90	49,99	5,0	5,9	7,0
45,93	49,99	5,0	5,9	7,0
45,95	49,99	5,0	5,9	7,0
45,98	49,99	5,0	5,9	7,0
46,00	49,99	5,0	5,9	7,0
46,03	49,99	5,0	5,9	7,0
46,05	49,99	5,0	5,9	7,0
46,08	49,99	5,0	5,9	7,0
46,10	49,99	5,0	5,9	7,0
46,12	49,99	5,0	5,9	7,0
46,15	49,99	5,0	5,9	7,0
46,17	49,99	5,0	5,9	7,0
46,20	49,99	5,0	5,9	7,0
46,22	49,99	5,0	5,9	7,0
46,25	49,99	5,0	5,9	7,0
46,27	49,99	5,0	5,9	7,0
46,30	49,99	5,0	5,9	7,0
46,32	49,99	5,0	5,9	7,0
46,34	49,99	5,0	5,9	7,0
46,37	49,99	5,0	5,9	7,0
46,39	49,99	5,0	5,9	7,0
46,42	49,99	5,0	5,9	7,0
46,44	49,99	5,0	5,9	7,0
46,47	49,99	5,0	5,9	7,0
46,49	49,99	5,0	5,9	7,0
46,52	49,99	5,0	5,9	7,0
46,54	49,99	5,0	5,9	7,0
46,56	49,99	5,0	5,9	7,0
46,59	49,99	5,0	5,9	7,0
46,61	49,99	5,0	5,9	7,0
46,64	49,99	5,0	5,9	7,0
46,66	49,99	5,0	5,9	7,0
46,69	49,99	5,0	5,9	7,0
46,71	49,99	5,0	5,9	7,0
46,73	49,99	5,0	5,9	7,0
46,76	49,99	5,0	5,9	7,0
46,78	49,99	5,0	5,9	7,0
46,81	49,99	5,0	5,9	7,0
46,83	49,99	5,0	5,9	7,0
46,86	49,99	5,0	5,9	7,0
46,88	49,99	5,0	5,9	7,0
46,91	49,99	5,0	5,9	7,0
46,93	49,99	5,0	5,9	7,0
46,95	49,99	5,0	5,9	7,0
46,98	49,99	5,0	5,9	7,0
47,00	49,99	5,0	5,9	7,0
47,03	49,99	5,0	5,9	7,0
47,05	49,99	5,0	5,9	7,0
47,08	49,99	5,0	5,9	7,0
47,10	49,99	5,0	5,9	7,0
47,13	49,99	5,0	5,9	7,0
47,15	49,99	5,0	5,9	7,0
47,17	49,99	5,0	5,9	7,0
47,20	49,99	5,0	5,9	7,0
47,22	49,99	5,0	5,9	7,0
47,25	49,99	5,0	5,9	7,0
47,27	49,99	5,0	5,9	7,0
47,30	49,99	5,0	5,9	7,0
47,32	49,99	5,0	5,9	7,0
47,35	49,99	5,0	5,9	7,0
47,37	49,99	5,0	5,9	7,0
47,39	49,99	5,0	5,9	7,0
47,42	49,99	5,0	5,9	7,0
47,44	49,99	5,0	5,9	7,0
47,47	49,99	5,0	5,9	7,0
47,49	49,99	5,0	5,9	7,0
47,52	49,99	5,0	5,9	7,0
47,54	49,99	5,0	5,9	7,0
47,57	49,99	5,0	5,9	7,0
47,59	49,99	5,0	5,9	7,0
47,61	49,99	5,0	5,9	7,0
47,64	49,99	5,0	5,9	7,0
47,66	49,99	5,0	5,9	7,0
47,69	49,99	5,0	5,9	7,0
47,71	49,99	5,0	5,9	7,0
47,74	49,99	5,0	5,9	7,0
47,76	49,99	5,0	5,9	7,0
47,78	49,99	5,0	5,9	7,0
47,81	49,99	5,0	5,9	7,0
47,83	49,99	5,0	5,9	7,0
47,86	49,99	5,0	5,9	7,0
47,88	49,99	5,0	5,9	7,0
47,91	49,99	5,0	5,9	7,0
47,93	49,99	5,0	5,9	7,0
47,96	49,99	5,0	5,9	7,0
47,98	49,99	5,0	5,9	7,0
48,00	49,99	5,0	5,9	7,0
48,03	49,99	5,0	5,9	7,0
48,05	49,99	5,0	5,9	7,0
48,08	49,99	5,0	5,9	7,0
48,10	49,99	5,0	5,9	7,0
48,13	49,99	5,0	5,9	7,0
48,15	49,99	5,0	5,9	7,0
48,18	49,99	5,0	5,9	7,0
48,20	49,99	5,0	5,9	7,0
48,22	49,99	5,0	5,9	7,0
48,25	49,99	5,0	5,9	7,0
48,27	49,99	5,0	5,9	7,0
48,30	49,99	5,0	5,9	7,0
48,32	49,99	5,0	5,9	7,0
48,35	49,99	5,0	5,9	7,0
48,37	49,99	5,0	5,9	7,0
48,40	49,99	5,0	5,9	7,0
48,42	49,99	5,0	5,9	7,0
48,44	49,99	5,0	5,9	7,0
48,47	49,99	5,0	5,9	7,0
48,49	49,99	5,0	5,9	7,0
48,52	49,99	5,0	5,9	7,0
48,54	49,99	5,0	5,9	7,0
48,57	49,99	5,0	5,9	7,0
48,59	49,99	5,0	5,9	7,0
48,62	49,99	5,0	5,9	7,0
48,64	49,99	5,0	5,9	7,0
48,66	49,99	5,0	5,9	7,0
48,69	49,99	5,0	5,9	7,0
48,71	49,99	5,0	5,9	7,0
48,74	49,99	5,0	5,9	7,0
48,76	49,99	5,0	5,9	7,0
48,79	49,99	5,0	5,9	7,0
48,81	49,99	5,0	5,9	7,0
48,84	49,99	5,0	5,9	7,0
48,86	49,99	5,0	5,9	7,0
48,88	49,99	5,0	5,9	7,0
48,91	49,99	5,0	5,9	7,0
48,93	49,99	5,0	5,9	7,0
48,96	49,99	5,0	5,9	7,0
48,98	49,99	5,0	5,9	7,0
49,01	49,99	5,0	5,9	7,0
49,03	49,99	5,0	5,9	7,0
49,05	49,99	5,0	5,9	7,0
49,08	49,99	5,0	5,9	7,0
49,10	49,99	5,0	5,9	7,0
49,13	49,99	5,0	5,9	7,0
49,15	49,99	5,0	5,9	7,0
49,18	49,99	5,0	5,9	7,0
49,20	49,99	5,0	5,9	7,0
49,23	49,99	5,0	5,9	7,0
49,25	49,99	5,0	5,9	7,0
49,27	49,99	5,0	5,9	7,0
49,30	49,99	5,0	5,9	7,0
49,32	49,99	5,0	5,9	7,0
49,35	49,99	5,0	5,9	7,0
49,37	49,99	5,0	5,9	7,0
49,40	49,99	5,0	5,9	7,0
49,42	49,99	5,0	5,9	7,0
49,45	49,99	5,0	5,9	7,0
49,47	49,99	5,0	5,9	7,0
49,49	49,99	5,0	5,9	7,0
49,52	49,99	5,0	5,9	7,0
49,54	49,99	5,0	5,9	7,0
49,57	49,99	5,0	5,9	7,0
49,59	49,99	5,0	5,9	7,0
49,62	49,99	5,0	5,9	7,0
49,64	49,99	5,0	5,9	7,0
49,67	49,99	5,0	5,9	7,0
49,69	49,99	5,0	5,9	7,0
49,71	49,99	5,0	5,9	7,0
49,74	49,99	5,0	5,9	7,0
49,76	49,99	5,0	5,9	7,0
49,79	49,99	5,0	5,9	7,0
49,81	49,99	5,0	5,9	7,0
49,84	49,99	5,0	5,9	7,0
49,86	49,99	5,0	5,9	7,0
49,89	49,99	5,0	5,9	7,0
49,91	49,99	5,0	5,9	7,0
49,93	49,99	5,0	5,9	7,0
49,96	49,99	5,0	5,9	7,0
49,98	49,99	5,0	5,9	7,0
50,01	49,99	5,0	5,9	7,0
50,03	49,99	5,0	5,9	7,0
50,06	49,99	5,0	5,9	7,0
50,08	49,99	5,0	5,9	7,0
50,10	49,99	5,0	5,9	7,0
50,13	49,99	5,0	5,9	7,0
50,15	49,99	5,0	5,9	7,0
50,18	49,99	5,0	5,9	7,0
50,20	49,99	5,0	5,9	7,0
50,23	49,99	5,0	5,9	7,0
50,25	49,99	5,0	5,9	7,0
50,28	49,99	5,0	5,9	7,0
50,30	49,99	5,0	5,9	7,0
50,32	49,99	5,0	5,9	7,0
50,35	49,99	5,0	5,9	7,0
50,37	49,99	5,0	5,9	7,0
50,40	49,99	5,0	5,9	7,0
50,42	49,99	5,0	5,9	7,0
50,45	49,99	5,0	5,9	7,0
50,47	49,99	5,0	5,9	7,0
50,50	49,99	5,0	5,9	7,0
50,52	49,99	5,0	5,9	7,0
50,54	49,99	5,0	5,9	7,0
50,57	49,99	5,0	5,9	7,0
50,59	49,99	5,0	5,9	7,0
50,62	49,99	5,0	5,9	7,0
50,64	49,99	5,0	5,9	7,0
50,67	49,99	5,0	5,9	7,0
50,69	49,99	5,0	5,9	7,0
50,72	49,99	5,0	5,9	7,0
50,74	49,99	5,0	5,9	7,0
50,76	49,99	5,0	5,9	7,0
50,79	49,99	5,0	5,9	7,0
50,81	49,99	5,0	5,9	7,0
50,84	49,99	5,0	5,9	7,0
50,86	49,99	5,0	5,9	7,0
50,89	49,99	5,0	5,9	7,0
50,91	49,99	5,0	5,9	7,0
50,94	49,99	5,0	5,9	7,0
50,96	49,99	5,0	5,9	7,0
50,98	49,99	5,0	5,9	7,0
51,01	49,99	5,0	5,9	7,0
51,03	49,99	5,0	5,9	7,0
51,06	49,99	5,0	5,9	7,0
51,08	49,99	5,0	5,9	7,0
51,11	49,99	5,0	5,9	7,0
51,13	49,99	5,0	5,9	7,0
51,15	49,99	5,0	5,9	7,0
51,18	49,99	5,0	5,9	7,0
51,20	49,99	5,0	5,9	7,0
51,23	49,99	5,0	5,9	7,0
51,25	49,99	5,0	5,9	7,0
51,28	49,99	5,0	5,9	7,0
51,30	49,99	5,0	5,9	7,0
51,33	49,99	5,0	5,9	7,0
51,35	49,99	5,0	5,9	7,0
51,37	49,99	5,0	5,9	7,0
51,40	49,99	5,0	5,9	7,0
51,42	49,99	5,0	5,9	7,0
51,45	49,99	5,0	5,9	7,0
51,47	49,99	5,0	5,9	7,0
51,50	49,99	5,0	5,9	7,0
51,52	49,99	5,0	5,9	7,0
51,55	49,99	5,0	5,9	7,0
51,57	49,99	5,0	5,9	7,0
51,59	49,99	5,0	5,9	7,0
51,62	49,99	5,0	5,9	7,0
51,64	49,99	5,0	5,9	7,0
51,67	49,99	5,0	5,9	7,0
51,69	49,99	5,0	5,9	7,0
51,72	49,99	5,0	5,9	7,0
51,74	49,99	5,0	5,9	7,0
51,77	49,99	5,0	5,9	7,0
51,79	49,99	5,0	5,9	7,0
51,81	49,99	5,0	5,9	7,0
51,84	49,99	5,0	5,9	7,0
51,86	49,99	5,0	5,9	7,0
51,89	49,99	5,0	5,9	7,0
51,91	49,99	5,0	5,9	7,0
51,94	49,99	5,0	5,9	7,0
51,96	49,99	5,0	5,9	7,0
51,99	49,99	5,0	5,9	7,0
52,01	49,99	5,0	5,9	7,0
52,03	49,99	5,0	5,9	7,0
52,06	49,99	5,0	5,9	7,0
52,08	49,99	5,0	5,9	7,0
52,11	49,99	5,0	5,9	7,0
52,13	49,99	5,0	5,9	7,0
52,16	49,99	5,0	5,9	7,0
52,18	49,99	5,0	5,9	7,0
52,20	49,99	5,0	5,9	7,0
52,23	49,99	5,0	5,9	7,0
52,25	49,99	5,0	5,9	7,0
52,28	49,99	5,0	5,9	7,0
52,30	49,99	5,0	5,9	7,0
52,33	49,99	5,0	5,9	7,0
52,35	49,99	5,0	5,9	7,0
52,38	49,99	5,0	5,9	7,0
52,40	49,99	5,0	5,9	7,0
52,42	49,99	5,0	5,9	7,0
52,45	49,99	5,0	5,9	7,0
