Voltage U1	Corriente IA	Voltage U2	Voltage U3	Voltage UH
U1/V	IA/nA	U2/V	U3/V	UH/V

0,02	0,57	1,0	5,9	5,0
0,04	0,58	1,0	5,9	5,0
0,07	0,58	1,0	5,9	5,0
0,09	0,58	1,0	5,9	5,0
0,12	0,59	1,0	5,9	5,0
0,14	0,61	1,0	5,9	5,0
0,17	0,61	1,0	5,9	5,0
0,19	0,61	1,0	5,9	5,0
0,21	0,62	1,0	5,9	5,0
0,24	0,64	1,0	5,9	5,0
0,26	0,65	1,0	5,9	5,0
0,29	0,64	1,0	5,9	5,0
0,31	0,66	1,0	5,9	5,0
0,34	0,68	1,0	5,9	5,0
0,36	0,66	1,0	5,9	5,0
0,39	0,66	1,0	5,9	5,0
0,41	0,68	1,0	5,9	5,0
0,43	0,69	1,0	5,9	5,0
0,46	0,68	1,0	5,9	5,0
0,48	0,68	1,0	5,9	5,0
0,51	0,70	1,0	5,9	5,0
0,53	0,71	1,0	5,9	5,0
0,56	0,69	1,0	5,9	5,0
0,58	0,70	1,0	5,9	5,0
0,61	0,72	1,0	5,9	5,0
0,63	0,72	1,0	5,9	5,0
0,65	0,70	1,0	5,9	5,0
0,68	0,71	1,0	5,9	5,0
0,70	0,73	1,0	5,9	5,0
0,73	0,74	1,0	5,9	5,0
0,75	0,72	1,0	5,9	5,0
0,78	0,73	1,0	5,9	5,0
0,80	0,75	1,0	5,9	5,0
0,83	0,75	1,0	5,9	5,0
0,85	0,73	1,0	5,9	5,0
0,87	0,74	1,0	5,9	5,0
0,90	0,76	1,0	5,9	5,0
0,92	0,76	1,0	5,9	5,0
0,95	0,75	1,0	5,9	5,0
0,97	0,76	1,0	5,9	5,0
1,00	0,78	1,0	5,9	5,0
1,02	0,78	1,0	5,9	5,0
1,05	0,77	1,0	5,9	5,0
1,07	0,77	1,0	5,9	5,0
1,09	0,79	1,0	5,9	5,0
1,12	0,79	1,0	5,9	5,0
1,14	0,77	1,0	5,9	5,0
1,17	0,79	1,0	5,9	5,0
1,19	0,81	1,0	5,9	5,0
1,22	0,81	1,0	5,9	5,0
1,24	0,80	1,0	5,9	5,0
1,26	0,81	1,0	5,9	5,0
1,29	0,83	1,0	5,9	5,0
1,31	0,82	1,0	5,9	5,0
1,34	0,80	1,0	5,9	5,0
1,36	0,82	1,0	5,9	5,0
1,39	0,84	1,0	5,9	5,0
1,41	0,83	1,0	5,9	5,0
1,44	0,82	1,0	5,9	5,0
1,46	0,84	1,0	5,9	5,0
1,48	0,86	1,0	5,9	5,0
1,51	0,85	1,0	5,9	5,0
1,53	0,84	1,0	5,9	5,0
1,56	0,86	1,0	5,9	5,0
1,58	0,87	1,0	5,9	5,0
1,61	0,85	1,0	5,9	5,0
1,63	0,85	1,0	5,9	5,0
1,66	0,86	1,0	5,9	5,0
1,68	0,88	1,0	5,9	5,0
1,70	0,87	1,0	5,9	5,0
1,73	0,86	1,0	5,9	5,0
1,75	0,89	1,0	5,9	5,0
1,78	0,90	1,0	5,9	5,0
1,80	0,88	1,0	5,9	5,0
1,83	0,88	1,0	5,9	5,0
1,85	0,89	1,0	5,9	5,0
1,88	0,91	1,0	5,9	5,0
1,90	0,90	1,0	5,9	5,0
1,92	0,90	1,0	5,9	5,0
1,95	0,92	1,0	5,9	5,0
1,97	0,93	1,0	5,9	5,0
2,00	0,92	1,0	5,9	5,0
2,02	0,92	1,0	5,9	5,0
2,05	0,93	1,0	5,9	5,0
2,07	0,94	1,0	5,9	5,0
2,10	0,93	1,0	5,9	5,0
2,12	0,92	1,0	5,9	5,0
2,14	0,95	1,0	5,9	5,0
2,17	0,95	1,0	5,9	5,0
2,19	0,93	1,0	5,9	5,0
2,22	0,95	1,0	5,9	5,0
2,24	0,97	1,0	5,9	5,0
2,27	0,96	1,0	5,9	5,0
2,29	0,94	1,0	5,9	5,0
2,31	0,96	1,0	5,9	5,0
2,34	0,98	1,0	5,9	5,0
2,36	0,97	1,0	5,9	5,0
2,39	0,96	1,0	5,9	5,0
2,41	0,98	1,0	5,9	5,0
2,44	0,99	1,0	5,9	5,0
2,46	0,99	1,0	5,9	5,0
2,49	0,97	1,0	5,9	5,0
2,51	0,99	1,0	5,9	5,0
2,53	1,00	1,0	5,9	5,0
2,56	0,99	1,0	5,9	5,0
2,58	0,98	1,0	5,9	5,0
2,61	1,00	1,0	5,9	5,0
2,63	1,01	1,0	5,9	5,0
2,66	1,00	1,0	5,9	5,0
2,68	0,99	1,0	5,9	5,0
2,71	1,01	1,0	5,9	5,0
2,73	1,02	1,0	5,9	5,0
2,75	1,01	1,0	5,9	5,0
2,78	1,01	1,0	5,9	5,0
2,80	1,03	1,0	5,9	5,0
2,83	1,03	1,0	5,9	5,0
2,85	1,02	1,0	5,9	5,0
2,88	1,03	1,0	5,9	5,0
2,90	1,05	1,0	5,9	5,0
2,93	1,04	1,0	5,9	5,0
2,95	1,03	1,0	5,9	5,0
2,97	1,04	1,0	5,9	5,0
3,00	1,06	1,0	5,9	5,0
3,02	1,05	1,0	5,9	5,0
3,05	1,03	1,0	5,9	5,0
3,07	1,05	1,0	5,9	5,0
3,10	1,07	1,0	5,9	5,0
3,12	1,06	1,0	5,9	5,0
3,15	1,06	1,0	5,9	5,0
3,17	1,07	1,0	5,9	5,0
3,19	1,08	1,0	5,9	5,0
3,22	1,08	1,0	5,9	5,0
3,24	1,07	1,0	5,9	5,0
3,27	1,08	1,0	5,9	5,0
3,29	1,09	1,0	5,9	5,0
3,32	1,09	1,0	5,9	5,0
3,34	1,08	1,0	5,9	5,0
3,36	1,10	1,0	5,9	5,0
3,39	1,12	1,0	5,9	5,0
3,41	1,11	1,0	5,9	5,0
3,44	1,10	1,0	5,9	5,0
3,46	1,12	1,0	5,9	5,0
3,49	1,13	1,0	5,9	5,0
3,51	1,11	1,0	5,9	5,0
3,54	1,11	1,0	5,9	5,0
3,56	1,12	1,0	5,9	5,0
3,58	1,14	1,0	5,9	5,0
3,61	1,12	1,0	5,9	5,0
3,63	1,12	1,0	5,9	5,0
3,66	1,15	1,0	5,9	5,0
3,68	1,15	1,0	5,9	5,0
3,71	1,14	1,0	5,9	5,0
3,73	1,13	1,0	5,9	5,0
3,76	1,15	1,0	5,9	5,0
3,78	1,16	1,0	5,9	5,0
3,80	1,15	1,0	5,9	5,0
3,83	1,14	1,0	5,9	5,0
3,85	1,16	1,0	5,9	5,0
3,88	1,17	1,0	5,9	5,0
3,90	1,16	1,0	5,9	5,0
3,93	1,15	1,0	5,9	5,0
3,95	1,17	1,0	5,9	5,0
3,98	1,18	1,0	5,9	5,0
4,00	1,16	1,0	5,9	5,0
4,02	1,16	1,0	5,9	5,0
4,05	1,18	1,0	5,9	5,0
4,07	1,19	1,0	5,9	5,0
4,10	1,18	1,0	5,9	5,0
4,12	1,18	1,0	5,9	5,0
4,15	1,20	1,0	5,9	5,0
4,17	1,20	1,0	5,9	5,0
4,20	1,18	1,0	5,9	5,0
4,22	1,19	1,0	5,9	5,0
4,24	1,21	1,0	5,9	5,0
4,27	1,20	1,0	5,9	5,0
4,29	1,19	1,0	5,9	5,0
4,32	1,19	1,0	5,9	5,0
4,34	1,21	1,0	5,9	5,0
4,37	1,22	1,0	5,9	5,0
4,39	1,20	1,0	5,9	5,0
4,42	1,20	1,0	5,9	5,0
4,44	1,22	1,0	5,9	5,0
4,46	1,22	1,0	5,9	5,0
4,49	1,20	1,0	5,9	5,0
4,51	1,21	1,0	5,9	5,0
4,54	1,23	1,0	5,9	5,0
4,56	1,23	1,0	5,9	5,0
4,59	1,22	1,0	5,9	5,0
4,61	1,24	1,0	5,9	5,0
4,63	1,25	1,0	5,9	5,0
4,66	1,23	1,0	5,9	5,0
4,68	1,22	1,0	5,9	5,0
4,71	1,24	1,0	5,9	5,0
4,73	1,25	1,0	5,9	5,0
4,76	1,24	1,0	5,9	5,0
4,78	1,24	1,0	5,9	5,0
4,81	1,26	1,0	5,9	5,0
4,83	1,27	1,0	5,9	5,0
4,85	1,25	1,0	5,9	5,0
4,88	1,25	1,0	5,9	5,0
4,90	1,28	1,0	5,9	5,0
4,93	1,28	1,0	5,9	5,0
4,95	1,26	1,0	5,9	5,0
4,98	1,26	1,0	5,9	5,0
5,00	1,28	1,0	5,9	5,0
5,03	1,29	1,0	5,9	5,0
5,05	1,27	1,0	5,9	5,0
5,07	1,27	1,0	5,9	5,0
5,10	1,30	1,0	5,9	5,0
5,12	1,30	1,0	5,9	5,0
5,15	1,28	1,0	5,9	5,0
5,17	1,28	1,0	5,9	5,0
5,20	1,30	1,0	5,9	5,0
5,22	1,30	1,0	5,9	5,0
5,25	1,29	1,0	5,9	5,0
5,27	1,31	1,0	5,9	5,0
5,29	1,32	1,0	5,9	5,0
5,32	1,31	1,0	5,9	5,0
5,34	1,30	1,0	5,9	5,0
5,37	1,33	1,0	5,9	5,0
5,39	1,34	1,0	5,9	5,0
5,42	1,32	1,0	5,9	5,0
5,44	1,32	1,0	5,9	5,0
5,47	1,33	1,0	5,9	5,0
5,49	1,34	1,0	5,9	5,0
5,51	1,33	1,0	5,9	5,0
5,54	1,32	1,0	5,9	5,0
5,56	1,35	1,0	5,9	5,0
5,59	1,36	1,0	5,9	5,0
5,61	1,34	1,0	5,9	5,0
5,64	1,34	1,0	5,9	5,0
5,66	1,36	1,0	5,9	5,0
5,68	1,37	1,0	5,9	5,0
5,71	1,36	1,0	5,9	5,0
5,73	1,35	1,0	5,9	5,0
5,76	1,37	1,0	5,9	5,0
5,78	1,38	1,0	5,9	5,0
5,81	1,37	1,0	5,9	5,0
5,83	1,37	1,0	5,9	5,0
5,86	1,39	1,0	5,9	5,0
5,88	1,40	1,0	5,9	5,0
5,90	1,37	1,0	5,9	5,0
5,93	1,37	1,0	5,9	5,0
5,95	1,39	1,0	5,9	5,0
5,98	1,40	1,0	5,9	5,0
6,00	1,39	1,0	5,9	5,0
6,03	1,40	1,0	5,9	5,0
6,05	1,42	1,0	5,9	5,0
6,08	1,42	1,0	5,9	5,0
6,10	1,41	1,0	5,9	5,0
6,12	1,41	1,0	5,9	5,0
6,15	1,43	1,0	5,9	5,0
6,17	1,43	1,0	5,9	5,0
6,20	1,42	1,0	5,9	5,0
6,22	1,42	1,0	5,9	5,0
6,25	1,44	1,0	5,9	5,0
6,27	1,45	1,0	5,9	5,0
6,30	1,43	1,0	5,9	5,0
6,32	1,44	1,0	5,9	5,0
6,34	1,46	1,0	5,9	5,0
6,37	1,46	1,0	5,9	5,0
6,39	1,44	1,0	5,9	5,0
6,42	1,45	1,0	5,9	5,0
6,44	1,47	1,0	5,9	5,0
6,47	1,46	1,0	5,9	5,0
6,49	1,45	1,0	5,9	5,0
6,52	1,47	1,0	5,9	5,0
6,54	1,49	1,0	5,9	5,0
6,56	1,48	1,0	5,9	5,0
6,59	1,47	1,0	5,9	5,0
6,61	1,47	1,0	5,9	5,0
6,64	1,49	1,0	5,9	5,0
6,66	1,48	1,0	5,9	5,0
6,69	1,46	1,0	5,9	5,0
6,71	1,48	1,0	5,9	5,0
6,73	1,50	1,0	5,9	5,0
6,76	1,49	1,0	5,9	5,0
6,78	1,48	1,0	5,9	5,0
6,81	1,50	1,0	5,9	5,0
6,83	1,51	1,0	5,9	5,0
6,86	1,50	1,0	5,9	5,0
6,88	1,49	1,0	5,9	5,0
6,91	1,51	1,0	5,9	5,0
6,93	1,52	1,0	5,9	5,0
6,95	1,51	1,0	5,9	5,0
6,98	1,50	1,0	5,9	5,0
7,00	1,52	1,0	5,9	5,0
7,03	1,54	1,0	5,9	5,0
7,05	1,52	1,0	5,9	5,0
7,08	1,52	1,0	5,9	5,0
7,10	1,55	1,0	5,9	5,0
7,13	1,54	1,0	5,9	5,0
7,15	1,52	1,0	5,9	5,0
7,17	1,53	1,0	5,9	5,0
7,20	1,55	1,0	5,9	5,0
7,22	1,55	1,0	5,9	5,0
7,25	1,54	1,0	5,9	5,0
7,27	1,55	1,0	5,9	5,0
7,30	1,57	1,0	5,9	5,0
7,32	1,57	1,0	5,9	5,0
7,35	1,55	1,0	5,9	5,0
7,37	1,56	1,0	5,9	5,0
7,39	1,58	1,0	5,9	5,0
7,42	1,57	1,0	5,9	5,0
7,44	1,56	1,0	5,9	5,0
7,47	1,57	1,0	5,9	5,0
7,49	1,60	1,0	5,9	5,0
7,52	1,59	1,0	5,9	5,0
7,54	1,57	1,0	5,9	5,0
7,57	1,58	1,0	5,9	5,0
7,59	1,60	1,0	5,9	5,0
7,61	1,59	1,0	5,9	5,0
7,64	1,58	1,0	5,9	5,0
7,66	1,60	1,0	5,9	5,0
7,69	1,60	1,0	5,9	5,0
7,71	1,59	1,0	5,9	5,0
7,74	1,59	1,0	5,9	5,0
7,76	1,61	1,0	5,9	5,0
7,78	1,62	1,0	5,9	5,0
7,81	1,60	1,0	5,9	5,0
7,83	1,61	1,0	5,9	5,0
7,86	1,63	1,0	5,9	5,0
7,88	1,62	1,0	5,9	5,0
7,91	1,61	1,0	5,9	5,0
7,93	1,62	1,0	5,9	5,0
7,96	1,64	1,0	5,9	5,0
7,98	1,64	1,0	5,9	5,0
8,00	1,62	1,0	5,9	5,0
8,03	1,63	1,0	5,9	5,0
8,05	1,65	1,0	5,9	5,0
8,08	1,65	1,0	5,9	5,0
8,10	1,63	1,0	5,9	5,0
8,13	1,64	1,0	5,9	5,0
8,15	1,66	1,0	5,9	5,0
8,18	1,66	1,0	5,9	5,0
8,20	1,64	1,0	5,9	5,0
8,22	1,65	1,0	5,9	5,0
8,25	1,68	1,0	5,9	5,0
8,27	1,67	1,0	5,9	5,0
8,30	1,66	1,0	5,9	5,0
8,32	1,66	1,0	5,9	5,0
8,35	1,68	1,0	5,9	5,0
8,37	1,68	1,0	5,9	5,0
8,40	1,66	1,0	5,9	5,0
8,42	1,68	1,0	5,9	5,0
8,44	1,70	1,0	5,9	5,0
8,47	1,69	1,0	5,9	5,0
8,49	1,68	1,0	5,9	5,0
8,52	1,69	1,0	5,9	5,0
8,54	1,71	1,0	5,9	5,0
8,57	1,70	1,0	5,9	5,0
8,59	1,69	1,0	5,9	5,0
8,62	1,70	1,0	5,9	5,0
8,64	1,72	1,0	5,9	5,0
8,66	1,71	1,0	5,9	5,0
8,69	1,70	1,0	5,9	5,0
8,71	1,72	1,0	5,9	5,0
8,74	1,73	1,0	5,9	5,0
8,76	1,72	1,0	5,9	5,0
8,79	1,71	1,0	5,9	5,0
8,81	1,73	1,0	5,9	5,0
8,84	1,74	1,0	5,9	5,0
8,86	1,73	1,0	5,9	5,0
8,88	1,73	1,0	5,9	5,0
8,91	1,74	1,0	5,9	5,0
8,93	1,76	1,0	5,9	5,0
8,96	1,75	1,0	5,9	5,0
8,98	1,74	1,0	5,9	5,0
9,01	1,76	1,0	5,9	5,0
9,03	1,77	1,0	5,9	5,0
9,05	1,75	1,0	5,9	5,0
9,08	1,75	1,0	5,9	5,0
9,10	1,77	1,0	5,9	5,0
9,13	1,78	1,0	5,9	5,0
9,15	1,77	1,0	5,9	5,0
9,18	1,76	1,0	5,9	5,0
9,20	1,79	1,0	5,9	5,0
9,23	1,79	1,0	5,9	5,0
9,25	1,78	1,0	5,9	5,0
9,27	1,78	1,0	5,9	5,0
9,30	1,79	1,0	5,9	5,0
9,32	1,80	1,0	5,9	5,0
9,35	1,79	1,0	5,9	5,0
9,37	1,78	1,0	5,9	5,0
9,40	1,81	1,0	5,9	5,0
9,42	1,82	1,0	5,9	5,0
9,45	1,80	1,0	5,9	5,0
9,47	1,80	1,0	5,9	5,0
9,49	1,82	1,0	5,9	5,0
9,52	1,80	1,0	5,9	5,0
9,54	1,79	1,0	5,9	5,0
9,57	1,80	1,0	5,9	5,0
9,59	1,82	1,0	5,9	5,0
9,62	1,81	1,0	5,9	5,0
9,64	1,80	1,0	5,9	5,0
9,67	1,82	1,0	5,9	5,0
9,69	1,84	1,0	5,9	5,0
9,71	1,83	1,0	5,9	5,0
9,74	1,81	1,0	5,9	5,0
9,76	1,83	1,0	5,9	5,0
9,79	1,85	1,0	5,9	5,0
9,81	1,83	1,0	5,9	5,0
9,84	1,82	1,0	5,9	5,0
9,86	1,84	1,0	5,9	5,0
9,89	1,86	1,0	5,9	5,0
9,91	1,85	1,0	5,9	5,0
9,93	1,84	1,0	5,9	5,0
9,96	1,86	1,0	5,9	5,0
9,98	1,87	1,0	5,9	5,0
10,01	1,85	1,0	5,9	5,0
10,03	1,85	1,0	5,9	5,0
10,06	1,87	1,0	5,9	5,0
10,08	1,88	1,0	5,9	5,0
10,10	1,86	1,0	5,9	5,0
10,13	1,88	1,0	5,9	5,0
10,15	1,90	1,0	5,9	5,0
10,18	1,90	1,0	5,9	5,0
10,20	1,88	1,0	5,9	5,0
10,23	1,89	1,0	5,9	5,0
10,25	1,91	1,0	5,9	5,0
10,28	1,90	1,0	5,9	5,0
10,30	1,89	1,0	5,9	5,0
10,32	1,91	1,0	5,9	5,0
10,35	1,92	1,0	5,9	5,0
10,37	1,91	1,0	5,9	5,0
10,40	1,90	1,0	5,9	5,0
10,42	1,92	1,0	5,9	5,0
10,45	1,93	1,0	5,9	5,0
10,47	1,92	1,0	5,9	5,0
10,50	1,91	1,0	5,9	5,0
10,52	1,93	1,0	5,9	5,0
10,54	1,94	1,0	5,9	5,0
10,57	1,93	1,0	5,9	5,0
10,59	1,93	1,0	5,9	5,0
10,62	1,94	1,0	5,9	5,0
10,64	1,95	1,0	5,9	5,0
10,67	1,94	1,0	5,9	5,0
10,69	1,93	1,0	5,9	5,0
10,72	1,95	1,0	5,9	5,0
10,74	1,96	1,0	5,9	5,0
10,76	1,94	1,0	5,9	5,0
10,79	1,93	1,0	5,9	5,0
10,81	1,95	1,0	5,9	5,0
10,84	1,97	1,0	5,9	5,0
10,86	1,96	1,0	5,9	5,0
10,89	1,95	1,0	5,9	5,0
10,91	1,97	1,0	5,9	5,0
10,94	1,98	1,0	5,9	5,0
10,96	1,96	1,0	5,9	5,0
10,98	1,96	1,0	5,9	5,0
11,01	1,98	1,0	5,9	5,0
11,03	1,99	1,0	5,9	5,0
11,06	1,98	1,0	5,9	5,0
11,08	1,97	1,0	5,9	5,0
11,11	2,00	1,0	5,9	5,0
11,13	2,01	1,0	5,9	5,0
11,15	1,99	1,0	5,9	5,0
11,18	1,99	1,0	5,9	5,0
11,20	2,01	1,0	5,9	5,0
11,23	2,01	1,0	5,9	5,0
11,25	2,00	1,0	5,9	5,0
11,28	2,00	1,0	5,9	5,0
11,30	2,03	1,0	5,9	5,0
11,33	2,03	1,0	5,9	5,0
11,35	2,02	1,0	5,9	5,0
11,37	2,02	1,0	5,9	5,0
11,40	2,04	1,0	5,9	5,0
11,42	2,04	1,0	5,9	5,0
11,45	2,02	1,0	5,9	5,0
11,47	2,03	1,0	5,9	5,0
11,50	2,05	1,0	5,9	5,0
11,52	2,05	1,0	5,9	5,0
11,55	2,04	1,0	5,9	5,0
11,57	2,05	1,0	5,9	5,0
11,59	2,07	1,0	5,9	5,0
11,62	2,07	1,0	5,9	5,0
11,64	2,05	1,0	5,9	5,0
11,67	2,06	1,0	5,9	5,0
11,69	2,08	1,0	5,9	5,0
11,72	2,07	1,0	5,9	5,0
11,74	2,06	1,0	5,9	5,0
11,77	2,06	1,0	5,9	5,0
11,79	2,09	1,0	5,9	5,0
11,81	2,09	1,0	5,9	5,0
11,84	2,07	1,0	5,9	5,0
11,86	2,08	1,0	5,9	5,0
11,89	2,10	1,0	5,9	5,0
11,91	2,09	1,0	5,9	5,0
11,94	2,08	1,0	5,9	5,0
11,96	2,10	1,0	5,9	5,0
11,99	2,11	1,0	5,9	5,0
12,01	2,10	1,0	5,9	5,0
12,03	2,10	1,0	5,9	5,0
12,06	2,12	1,0	5,9	5,0
12,08	2,13	1,0	5,9	5,0
12,11	2,11	1,0	5,9	5,0
12,13	2,11	1,0	5,9	5,0
12,16	2,13	1,0	5,9	5,0
12,18	2,13	1,0	5,9	5,0
12,21	2,11	1,0	5,9	5,0
12,23	2,12	1,0	5,9	5,0
12,25	2,14	1,0	5,9	5,0
12,28	2,14	1,0	5,9	5,0
12,30	2,13	1,0	5,9	5,0
12,33	2,14	1,0	5,9	5,0
12,35	2,16	1,0	5,9	5,0
12,38	2,16	1,0	5,9	5,0
12,40	2,14	1,0	5,9	5,0
12,42	2,15	1,0	5,9	5,0
12,45	2,17	1,0	5,9	5,0
12,47	2,17	1,0	5,9	5,0
12,50	2,15	1,0	5,9	5,0
12,52	2,16	1,0	5,9	5,0
12,55	2,18	1,0	5,9	5,0
12,57	2,17	1,0	5,9	5,0
12,60	2,16	1,0	5,9	5,0
12,62	2,18	1,0	5,9	5,0
12,64	2,18	1,0	5,9	5,0
12,67	2,16	1,0	5,9	5,0
12,69	2,16	1,0	5,9	5,0
12,72	2,17	1,0	5,9	5,0
12,74	2,19	1,0	5,9	5,0
12,77	2,17	1,0	5,9	5,0
12,79	2,16	1,0	5,9	5,0
12,82	2,18	1,0	5,9	5,0
12,84	2,18	1,0	5,9	5,0
12,86	2,15	1,0	5,9	5,0
12,89	2,15	1,0	5,9	5,0
12,91	2,16	1,0	5,9	5,0
12,94	2,16	1,0	5,9	5,0
12,96	2,14	1,0	5,9	5,0
12,99	2,12	1,0	5,9	5,0
13,01	2,14	1,0	5,9	5,0
13,04	2,14	1,0	5,9	5,0
13,06	2,11	1,0	5,9	5,0
13,08	2,09	1,0	5,9	5,0
13,11	2,10	1,0	5,9	5,0
13,13	2,09	1,0	5,9	5,0
13,16	2,06	1,0	5,9	5,0
13,18	2,05	1,0	5,9	5,0
13,21	2,06	1,0	5,9	5,0
13,23	2,04	1,0	5,9	5,0
13,26	2,02	1,0	5,9	5,0
13,28	2,01	1,0	5,9	5,0
13,30	2,01	1,0	5,9	5,0
13,33	1,99	1,0	5,9	5,0
13,35	1,96	1,0	5,9	5,0
13,38	1,95	1,0	5,9	5,0
13,40	1,96	1,0	5,9	5,0
13,43	1,94	1,0	5,9	5,0
13,45	1,91	1,0	5,9	5,0
13,47	1,91	1,0	5,9	5,0
13,50	1,91	1,0	5,9	5,0
13,52	1,90	1,0	5,9	5,0
13,55	1,87	1,0	5,9	5,0
13,57	1,87	1,0	5,9	5,0
13,60	1,88	1,0	5,9	5,0
13,62	1,86	1,0	5,9	5,0
13,65	1,83	1,0	5,9	5,0
13,67	1,84	1,0	5,9	5,0
13,69	1,85	1,0	5,9	5,0
13,72	1,85	1,0	5,9	5,0
13,74	1,83	1,0	5,9	5,0
13,77	1,83	1,0	5,9	5,0
13,79	1,85	1,0	5,9	5,0
13,82	1,84	1,0	5,9	5,0
13,84	1,83	1,0	5,9	5,0
13,87	1,83	1,0	5,9	5,0
13,89	1,85	1,0	5,9	5,0
13,91	1,85	1,0	5,9	5,0
13,94	1,84	1,0	5,9	5,0
13,96	1,86	1,0	5,9	5,0
13,99	1,88	1,0	5,9	5,0
14,01	1,88	1,0	5,9	5,0
14,04	1,88	1,0	5,9	5,0
14,06	1,90	1,0	5,9	5,0
14,09	1,92	1,0	5,9	5,0
14,11	1,92	1,0	5,9	5,0
14,13	1,92	1,0	5,9	5,0
14,16	1,95	1,0	5,9	5,0
14,18	1,97	1,0	5,9	5,0
14,21	1,97	1,0	5,9	5,0
14,23	1,98	1,0	5,9	5,0
14,26	2,00	1,0	5,9	5,0
14,28	2,03	1,0	5,9	5,0
14,31	2,03	1,0	5,9	5,0
14,33	2,03	1,0	5,9	5,0
14,35	2,06	1,0	5,9	5,0
14,38	2,08	1,0	5,9	5,0
14,40	2,07	1,0	5,9	5,0
14,43	2,10	1,0	5,9	5,0
14,45	2,13	1,0	5,9	5,0
14,48	2,14	1,0	5,9	5,0
14,50	2,14	1,0	5,9	5,0
14,52	2,16	1,0	5,9	5,0
14,55	2,20	1,0	5,9	5,0
14,57	2,20	1,0	5,9	5,0
14,60	2,20	1,0	5,9	5,0
14,62	2,22	1,0	5,9	5,0
14,65	2,26	1,0	5,9	5,0
14,67	2,27	1,0	5,9	5,0
14,70	2,27	1,0	5,9	5,0
14,72	2,30	1,0	5,9	5,0
14,74	2,34	1,0	5,9	5,0
14,77	2,34	1,0	5,9	5,0
14,79	2,34	1,0	5,9	5,0
14,82	2,37	1,0	5,9	5,0
14,84	2,41	1,0	5,9	5,0
14,87	2,41	1,0	5,9	5,0
14,89	2,41	1,0	5,9	5,0
14,92	2,44	1,0	5,9	5,0
14,94	2,48	1,0	5,9	5,0
14,96	2,48	1,0	5,9	5,0
14,99	2,49	1,0	5,9	5,0
15,01	2,53	1,0	5,9	5,0
15,04	2,54	1,0	5,9	5,0
15,06	2,55	1,0	5,9	5,0
15,09	2,57	1,0	5,9	5,0
15,11	2,60	1,0	5,9	5,0
15,14	2,62	1,0	5,9	5,0
15,16	2,63	1,0	5,9	5,0
15,18	2,65	1,0	5,9	5,0
15,21	2,68	1,0	5,9	5,0
15,23	2,70	1,0	5,9	5,0
15,26	2,69	1,0	5,9	5,0
15,28	2,72	1,0	5,9	5,0
15,31	2,75	1,0	5,9	5,0
15,33	2,76	1,0	5,9	5,0
15,36	2,77	1,0	5,9	5,0
15,38	2,79	1,0	5,9	5,0
15,40	2,82	1,0	5,9	5,0
15,43	2,84	1,0	5,9	5,0
15,45	2,84	1,0	5,9	5,0
15,48	2,87	1,0	5,9	5,0
15,50	2,90	1,0	5,9	5,0
15,53	2,91	1,0	5,9	5,0
15,55	2,91	1,0	5,9	5,0
15,57	2,94	1,0	5,9	5,0
15,60	2,98	1,0	5,9	5,0
15,62	2,99	1,0	5,9	5,0
15,65	2,99	1,0	5,9	5,0
15,67	3,02	1,0	5,9	5,0
15,70	3,05	1,0	5,9	5,0
15,72	3,06	1,0	5,9	5,0
15,75	3,07	1,0	5,9	5,0
15,77	3,09	1,0	5,9	5,0
15,79	3,13	1,0	5,9	5,0
15,82	3,14	1,0	5,9	5,0
15,84	3,14	1,0	5,9	5,0
15,87	3,17	1,0	5,9	5,0
15,89	3,20	1,0	5,9	5,0
15,92	3,21	1,0	5,9	5,0
15,94	3,22	1,0	5,9	5,0
15,97	3,25	1,0	5,9	5,0
15,99	3,28	1,0	5,9	5,0
16,01	3,29	1,0	5,9	5,0
16,04	3,29	1,0	5,9	5,0
16,06	3,33	1,0	5,9	5,0
16,09	3,35	1,0	5,9	5,0
16,11	3,36	1,0	5,9	5,0
16,14	3,37	1,0	5,9	5,0
16,16	3,41	1,0	5,9	5,0
16,19	3,44	1,0	5,9	5,0
16,21	3,44	1,0	5,9	5,0
16,23	3,45	1,0	5,9	5,0
16,26	3,48	1,0	5,9	5,0
16,28	3,51	1,0	5,9	5,0
16,31	3,51	1,0	5,9	5,0
16,33	3,52	1,0	5,9	5,0
16,36	3,56	1,0	5,9	5,0
16,38	3,59	1,0	5,9	5,0
16,41	3,59	1,0	5,9	5,0
16,43	3,60	1,0	5,9	5,0
16,45	3,64	1,0	5,9	5,0
16,48	3,67	1,0	5,9	5,0
16,50	3,67	1,0	5,9	5,0
16,53	3,68	1,0	5,9	5,0
16,55	3,71	1,0	5,9	5,0
16,58	3,74	1,0	5,9	5,0
16,60	3,74	1,0	5,9	5,0
16,63	3,75	1,0	5,9	5,0
16,65	3,80	1,0	5,9	5,0
16,67	3,82	1,0	5,9	5,0
16,70	3,82	1,0	5,9	5,0
16,72	3,83	1,0	5,9	5,0
16,75	3,87	1,0	5,9	5,0
16,77	3,89	1,0	5,9	5,0
16,80	3,89	1,0	5,9	5,0
16,82	3,92	1,0	5,9	5,0
16,84	3,96	1,0	5,9	5,0
16,87	3,96	1,0	5,9	5,0
16,89	3,97	1,0	5,9	5,0
16,92	4,00	1,0	5,9	5,0
16,94	4,03	1,0	5,9	5,0
16,97	4,04	1,0	5,9	5,0
16,99	4,04	1,0	5,9	5,0
17,02	4,07	1,0	5,9	5,0
17,04	4,10	1,0	5,9	5,0
17,06	4,11	1,0	5,9	5,0
17,09	4,12	1,0	5,9	5,0
17,11	4,15	1,0	5,9	5,0
17,14	4,19	1,0	5,9	5,0
17,16	4,19	1,0	5,9	5,0
17,19	4,20	1,0	5,9	5,0
17,21	4,23	1,0	5,9	5,0
17,24	4,26	1,0	5,9	5,0
17,26	4,26	1,0	5,9	5,0
17,28	4,27	1,0	5,9	5,0
17,31	4,31	1,0	5,9	5,0
17,33	4,34	1,0	5,9	5,0
17,36	4,34	1,0	5,9	5,0
17,38	4,35	1,0	5,9	5,0
17,41	4,39	1,0	5,9	5,0
17,43	4,40	1,0	5,9	5,0
17,46	4,40	1,0	5,9	5,0
17,48	4,43	1,0	5,9	5,0
17,50	4,46	1,0	5,9	5,0
17,53	4,48	1,0	5,9	5,0
17,55	4,48	1,0	5,9	5,0
17,58	4,51	1,0	5,9	5,0
17,60	4,55	1,0	5,9	5,0
17,63	4,55	1,0	5,9	5,0
17,65	4,56	1,0	5,9	5,0
17,68	4,58	1,0	5,9	5,0
17,70	4,61	1,0	5,9	5,0
17,72	4,62	1,0	5,9	5,0
17,75	4,63	1,0	5,9	5,0
17,77	4,66	1,0	5,9	5,0
17,80	4,69	1,0	5,9	5,0
17,82	4,69	1,0	5,9	5,0
17,85	4,71	1,0	5,9	5,0
17,87	4,74	1,0	5,9	5,0
17,89	4,77	1,0	5,9	5,0
17,92	4,77	1,0	5,9	5,0
17,94	4,77	1,0	5,9	5,0
17,97	4,81	1,0	5,9	5,0
17,99	4,84	1,0	5,9	5,0
18,02	4,83	1,0	5,9	5,0
18,04	4,84	1,0	5,9	5,0
18,07	4,88	1,0	5,9	5,0
18,09	4,91	1,0	5,9	5,0
18,11	4,90	1,0	5,9	5,0
18,14	4,91	1,0	5,9	5,0
18,16	4,94	1,0	5,9	5,0
18,19	4,96	1,0	5,9	5,0
18,21	4,96	1,0	5,9	5,0
18,24	4,97	1,0	5,9	5,0
18,26	5,01	1,0	5,9	5,0
18,29	5,03	1,0	5,9	5,0
18,31	5,03	1,0	5,9	5,0
18,33	5,04	1,0	5,9	5,0
18,36	5,07	1,0	5,9	5,0
18,38	5,09	1,0	5,9	5,0
18,41	5,09	1,0	5,9	5,0
18,43	5,10	1,0	5,9	5,0
18,46	5,13	1,0	5,9	5,0
18,48	5,15	1,0	5,9	5,0
18,51	5,14	1,0	5,9	5,0
18,53	5,16	1,0	5,9	5,0
18,55	5,20	1,0	5,9	5,0
18,58	5,21	1,0	5,9	5,0
18,60	5,20	1,0	5,9	5,0
18,63	5,22	1,0	5,9	5,0
18,65	5,25	1,0	5,9	5,0
18,68	5,26	1,0	5,9	5,0
18,70	5,26	1,0	5,9	5,0
18,73	5,28	1,0	5,9	5,0
18,75	5,31	1,0	5,9	5,0
18,77	5,32	1,0	5,9	5,0
18,80	5,32	1,0	5,9	5,0
18,82	5,34	1,0	5,9	5,0
18,85	5,37	1,0	5,9	5,0
18,87	5,38	1,0	5,9	5,0
18,90	5,37	1,0	5,9	5,0
18,92	5,39	1,0	5,9	5,0
18,94	5,42	1,0	5,9	5,0
18,97	5,43	1,0	5,9	5,0
18,99	5,43	1,0	5,9	5,0
19,02	5,45	1,0	5,9	5,0
19,04	5,48	1,0	5,9	5,0
19,07	5,49	1,0	5,9	5,0
19,09	5,48	1,0	5,9	5,0
19,12	5,50	1,0	5,9	5,0
19,14	5,53	1,0	5,9	5,0
19,16	5,54	1,0	5,9	5,0
19,19	5,54	1,0	5,9	5,0
19,21	5,56	1,0	5,9	5,0
19,24	5,59	1,0	5,9	5,0
19,26	5,59	1,0	5,9	5,0
19,29	5,59	1,0	5,9	5,0
19,31	5,62	1,0	5,9	5,0
19,34	5,64	1,0	5,9	5,0
19,36	5,64	1,0	5,9	5,0
19,38	5,65	1,0	5,9	5,0
19,41	5,67	1,0	5,9	5,0
19,43	5,69	1,0	5,9	5,0
19,46	5,68	1,0	5,9	5,0
19,48	5,70	1,0	5,9	5,0
19,51	5,73	1,0	5,9	5,0
19,53	5,74	1,0	5,9	5,0
19,56	5,74	1,0	5,9	5,0
19,58	5,75	1,0	5,9	5,0
19,60	5,77	1,0	5,9	5,0
19,63	5,78	1,0	5,9	5,0
19,65	5,77	1,0	5,9	5,0
19,68	5,78	1,0	5,9	5,0
19,70	5,81	1,0	5,9	5,0
19,73	5,82	1,0	5,9	5,0
19,75	5,81	1,0	5,9	5,0
19,78	5,83	1,0	5,9	5,0
19,80	5,85	1,0	5,9	5,0
19,82	5,86	1,0	5,9	5,0
19,85	5,85	1,0	5,9	5,0
19,87	5,88	1,0	5,9	5,0
19,90	5,89	1,0	5,9	5,0
19,92	5,89	1,0	5,9	5,0
19,95	5,89	1,0	5,9	5,0
19,97	5,91	1,0	5,9	5,0
19,99	5,93	1,0	5,9	5,0
20,02	5,92	1,0	5,9	5,0
20,04	5,92	1,0	5,9	5,0
20,07	5,95	1,0	5,9	5,0
20,09	5,96	1,0	5,9	5,0
20,12	5,95	1,0	5,9	5,0
20,14	5,96	1,0	5,9	5,0
20,17	5,99	1,0	5,9	5,0
20,19	6,01	1,0	5,9	5,0
20,21	6,00	1,0	5,9	5,0
20,24	6,01	1,0	5,9	5,0
20,26	6,04	1,0	5,9	5,0
20,29	6,05	1,0	5,9	5,0
20,31	6,05	1,0	5,9	5,0
20,34	6,05	1,0	5,9	5,0
20,36	6,07	1,0	5,9	5,0
20,39	6,09	1,0	5,9	5,0
20,41	6,08	1,0	5,9	5,0
20,43	6,09	1,0	5,9	5,0
20,46	6,12	1,0	5,9	5,0
20,48	6,13	1,0	5,9	5,0
20,51	6,12	1,0	5,9	5,0
20,53	6,13	1,0	5,9	5,0
20,56	6,16	1,0	5,9	5,0
20,58	6,16	1,0	5,9	5,0
20,61	6,15	1,0	5,9	5,0
20,63	6,17	1,0	5,9	5,0
20,65	6,20	1,0	5,9	5,0
20,68	6,20	1,0	5,9	5,0
20,70	6,20	1,0	5,9	5,0
20,73	6,21	1,0	5,9	5,0
20,75	6,23	1,0	5,9	5,0
20,78	6,24	1,0	5,9	5,0
20,80	6,22	1,0	5,9	5,0
20,83	6,24	1,0	5,9	5,0
20,85	6,27	1,0	5,9	5,0
20,87	6,27	1,0	5,9	5,0
20,90	6,26	1,0	5,9	5,0
20,92	6,27	1,0	5,9	5,0
20,95	6,30	1,0	5,9	5,0
20,97	6,31	1,0	5,9	5,0
21,00	6,30	1,0	5,9	5,0
21,02	6,31	1,0	5,9	5,0
21,05	6,34	1,0	5,9	5,0
21,07	6,33	1,0	5,9	5,0
21,09	6,32	1,0	5,9	5,0
21,12	6,34	1,0	5,9	5,0
21,14	6,36	1,0	5,9	5,0
21,17	6,36	1,0	5,9	5,0
21,19	6,36	1,0	5,9	5,0
21,22	6,38	1,0	5,9	5,0
21,24	6,40	1,0	5,9	5,0
21,26	6,39	1,0	5,9	5,0
21,29	6,39	1,0	5,9	5,0
21,31	6,40	1,0	5,9	5,0
21,34	6,42	1,0	5,9	5,0
21,36	6,42	1,0	5,9	5,0
21,39	6,42	1,0	5,9	5,0
21,41	6,44	1,0	5,9	5,0
21,44	6,46	1,0	5,9	5,0
21,46	6,45	1,0	5,9	5,0
21,48	6,45	1,0	5,9	5,0
21,51	6,47	1,0	5,9	5,0
21,53	6,48	1,0	5,9	5,0
21,56	6,48	1,0	5,9	5,0
21,58	6,47	1,0	5,9	5,0
21,61	6,49	1,0	5,9	5,0
21,63	6,51	1,0	5,9	5,0
21,66	6,50	1,0	5,9	5,0
21,68	6,51	1,0	5,9	5,0
21,70	6,53	1,0	5,9	5,0
21,73	6,53	1,0	5,9	5,0
21,75	6,52	1,0	5,9	5,0
21,78	6,53	1,0	5,9	5,0
21,80	6,56	1,0	5,9	5,0
21,83	6,55	1,0	5,9	5,0
21,85	6,54	1,0	5,9	5,0
21,88	6,56	1,0	5,9	5,0
21,90	6,59	1,0	5,9	5,0
21,92	6,59	1,0	5,9	5,0
21,95	6,58	1,0	5,9	5,0
21,97	6,59	1,0	5,9	5,0
22,00	6,62	1,0	5,9	5,0
22,02	6,61	1,0	5,9	5,0
22,05	6,60	1,0	5,9	5,0
22,07	6,62	1,0	5,9	5,0
22,10	6,65	1,0	5,9	5,0
22,12	6,65	1,0	5,9	5,0
22,14	6,63	1,0	5,9	5,0
22,17	6,65	1,0	5,9	5,0
22,19	6,69	1,0	5,9	5,0
22,22	6,68	1,0	5,9	5,0
22,24	6,67	1,0	5,9	5,0
22,27	6,69	1,0	5,9	5,0
22,29	6,71	1,0	5,9	5,0
22,31	6,70	1,0	5,9	5,0
22,34	6,71	1,0	5,9	5,0
22,36	6,74	1,0	5,9	5,0
22,39	6,74	1,0	5,9	5,0
22,41	6,73	1,0	5,9	5,0
22,44	6,74	1,0	5,9	5,0
22,46	6,77	1,0	5,9	5,0
22,49	6,77	1,0	5,9	5,0
22,51	6,76	1,0	5,9	5,0
22,53	6,77	1,0	5,9	5,0
22,56	6,79	1,0	5,9	5,0
22,58	6,79	1,0	5,9	5,0
22,61	6,79	1,0	5,9	5,0
22,63	6,80	1,0	5,9	5,0
22,66	6,83	1,0	5,9	5,0
22,68	6,83	1,0	5,9	5,0
22,71	6,81	1,0	5,9	5,0
22,73	6,83	1,0	5,9	5,0
22,75	6,86	1,0	5,9	5,0
22,78	6,85	1,0	5,9	5,0
22,80	6,84	1,0	5,9	5,0
22,83	6,86	1,0	5,9	5,0
22,85	6,88	1,0	5,9	5,0
22,88	6,89	1,0	5,9	5,0
22,90	6,88	1,0	5,9	5,0
22,93	6,89	1,0	5,9	5,0
22,95	6,92	1,0	5,9	5,0
22,97	6,91	1,0	5,9	5,0
23,00	6,91	1,0	5,9	5,0
23,02	6,92	1,0	5,9	5,0
23,05	6,95	1,0	5,9	5,0
23,07	6,94	1,0	5,9	5,0
23,10	6,94	1,0	5,9	5,0
23,12	6,95	1,0	5,9	5,0
23,15	6,98	1,0	5,9	5,0
23,17	6,98	1,0	5,9	5,0
23,19	6,97	1,0	5,9	5,0
23,22	6,99	1,0	5,9	5,0
23,24	7,01	1,0	5,9	5,0
23,27	7,00	1,0	5,9	5,0
23,29	7,00	1,0	5,9	5,0
23,32	7,02	1,0	5,9	5,0
23,34	7,05	1,0	5,9	5,0
23,36	7,04	1,0	5,9	5,0
23,39	7,04	1,0	5,9	5,0
23,41	7,06	1,0	5,9	5,0
23,44	7,07	1,0	5,9	5,0
23,46	7,06	1,0	5,9	5,0
23,49	7,06	1,0	5,9	5,0
23,51	7,09	1,0	5,9	5,0
23,54	7,11	1,0	5,9	5,0
23,56	7,09	1,0	5,9	5,0
23,58	7,10	1,0	5,9	5,0
23,61	7,12	1,0	5,9	5,0
23,63	7,14	1,0	5,9	5,0
23,66	7,13	1,0	5,9	5,0
23,68	7,12	1,0	5,9	5,0
23,71	7,15	1,0	5,9	5,0
23,73	7,17	1,0	5,9	5,0
23,76	7,16	1,0	5,9	5,0
23,78	7,16	1,0	5,9	5,0
23,80	7,18	1,0	5,9	5,0
23,83	7,20	1,0	5,9	5,0
23,85	7,19	1,0	5,9	5,0
23,88	7,19	1,0	5,9	5,0
23,90	7,22	1,0	5,9	5,0
23,93	7,23	1,0	5,9	5,0
23,95	7,21	1,0	5,9	5,0
23,98	7,22	1,0	5,9	5,0
24,00	7,24	1,0	5,9	5,0
24,02	7,25	1,0	5,9	5,0
24,05	7,24	1,0	5,9	5,0
24,07	7,25	1,0	5,9	5,0
24,10	7,28	1,0	5,9	5,0
24,12	7,28	1,0	5,9	5,0
24,15	7,27	1,0	5,9	5,0
24,17	7,29	1,0	5,9	5,0
24,20	7,31	1,0	5,9	5,0
24,22	7,31	1,0	5,9	5,0
24,24	7,30	1,0	5,9	5,0
24,27	7,32	1,0	5,9	5,0
24,29	7,35	1,0	5,9	5,0
24,32	7,34	1,0	5,9	5,0
24,34	7,33	1,0	5,9	5,0
24,37	7,35	1,0	5,9	5,0
24,39	7,37	1,0	5,9	5,0
24,42	7,36	1,0	5,9	5,0
24,44	7,35	1,0	5,9	5,0
24,46	7,38	1,0	5,9	5,0
24,49	7,40	1,0	5,9	5,0
24,51	7,39	1,0	5,9	5,0
24,54	7,39	1,0	5,9	5,0
24,56	7,42	1,0	5,9	5,0
24,59	7,43	1,0	5,9	5,0
24,61	7,43	1,0	5,9	5,0
24,63	7,42	1,0	5,9	5,0
24,66	7,45	1,0	5,9	5,0
24,68	7,46	1,0	5,9	5,0
24,71	7,45	1,0	5,9	5,0
24,73	7,45	1,0	5,9	5,0
24,76	7,47	1,0	5,9	5,0
24,78	7,48	1,0	5,9	5,0
24,81	7,46	1,0	5,9	5,0
24,83	7,48	1,0	5,9	5,0
24,85	7,50	1,0	5,9	5,0
24,88	7,49	1,0	5,9	5,0
24,90	7,49	1,0	5,9	5,0
24,93	7,51	1,0	5,9	5,0
24,95	7,53	1,0	5,9	5,0
24,98	7,52	1,0	5,9	5,0
25,00	7,51	1,0	5,9	5,0
25,03	7,54	1,0	5,9	5,0
25,05	7,55	1,0	5,9	5,0
25,07	7,55	1,0	5,9	5,0
25,10	7,54	1,0	5,9	5,0
25,12	7,55	1,0	5,9	5,0
25,15	7,57	1,0	5,9	5,0
25,17	7,57	1,0	5,9	5,0
25,20	7,56	1,0	5,9	5,0
25,22	7,58	1,0	5,9	5,0
25,25	7,60	1,0	5,9	5,0
25,27	7,59	1,0	5,9	5,0
25,29	7,58	1,0	5,9	5,0
25,32	7,61	1,0	5,9	5,0
25,34	7,62	1,0	5,9	5,0
25,37	7,61	1,0	5,9	5,0
25,39	7,60	1,0	5,9	5,0
25,42	7,63	1,0	5,9	5,0
25,44	7,64	1,0	5,9	5,0
25,47	7,63	1,0	5,9	5,0
25,49	7,63	1,0	5,9	5,0
25,51	7,65	1,0	5,9	5,0
25,54	7,67	1,0	5,9	5,0
25,56	7,66	1,0	5,9	5,0
25,59	7,65	1,0	5,9	5,0
25,61	7,68	1,0	5,9	5,0
25,64	7,68	1,0	5,9	5,0
25,66	7,67	1,0	5,9	5,0
25,68	7,68	1,0	5,9	5,0
25,71	7,70	1,0	5,9	5,0
25,73	7,71	1,0	5,9	5,0
25,76	7,70	1,0	5,9	5,0
25,78	7,70	1,0	5,9	5,0
25,81	7,73	1,0	5,9	5,0
25,83	7,74	1,0	5,9	5,0
25,86	7,73	1,0	5,9	5,0
25,88	7,74	1,0	5,9	5,0
25,90	7,76	1,0	5,9	5,0
25,93	7,77	1,0	5,9	5,0
25,95	7,76	1,0	5,9	5,0
25,98	7,77	1,0	5,9	5,0
26,00	7,80	1,0	5,9	5,0
26,03	7,80	1,0	5,9	5,0
26,05	7,79	1,0	5,9	5,0
26,08	7,80	1,0	5,9	5,0
26,10	7,83	1,0	5,9	5,0
26,12	7,83	1,0	5,9	5,0
26,15	7,82	1,0	5,9	5,0
26,17	7,83	1,0	5,9	5,0
26,20	7,86	1,0	5,9	5,0
26,22	7,87	1,0	5,9	5,0
26,25	7,86	1,0	5,9	5,0
26,27	7,87	1,0	5,9	5,0
26,30	7,89	1,0	5,9	5,0
26,32	7,89	1,0	5,9	5,0
26,34	7,88	1,0	5,9	5,0
26,37	7,90	1,0	5,9	5,0
26,39	7,92	1,0	5,9	5,0
26,42	7,92	1,0	5,9	5,0
26,44	7,91	1,0	5,9	5,0
26,47	7,93	1,0	5,9	5,0
26,49	7,95	1,0	5,9	5,0
26,52	7,96	1,0	5,9	5,0
26,54	7,95	1,0	5,9	5,0
26,56	7,96	1,0	5,9	5,0
26,59	7,98	1,0	5,9	5,0
26,61	7,97	1,0	5,9	5,0
26,64	7,97	1,0	5,9	5,0
26,66	8,00	1,0	5,9	5,0
26,69	8,01	1,0	5,9	5,0
26,71	8,00	1,0	5,9	5,0
26,73	8,00	1,0	5,9	5,0
26,76	8,03	1,0	5,9	5,0
26,78	8,03	1,0	5,9	5,0
26,81	8,02	1,0	5,9	5,0
26,83	8,03	1,0	5,9	5,0
26,86	8,05	1,0	5,9	5,0
26,88	8,06	1,0	5,9	5,0
26,91	8,05	1,0	5,9	5,0
26,93	8,06	1,0	5,9	5,0
26,95	8,08	1,0	5,9	5,0
26,98	8,09	1,0	5,9	5,0
27,00	8,08	1,0	5,9	5,0
27,03	8,09	1,0	5,9	5,0
27,05	8,11	1,0	5,9	5,0
27,08	8,12	1,0	5,9	5,0
27,10	8,10	1,0	5,9	5,0
27,13	8,11	1,0	5,9	5,0
27,15	8,14	1,0	5,9	5,0
27,17	8,14	1,0	5,9	5,0
27,20	8,13	1,0	5,9	5,0
27,22	8,15	1,0	5,9	5,0
27,25	8,16	1,0	5,9	5,0
27,27	8,15	1,0	5,9	5,0
27,30	8,15	1,0	5,9	5,0
27,32	8,18	1,0	5,9	5,0
27,35	8,19	1,0	5,9	5,0
27,37	8,18	1,0	5,9	5,0
27,39	8,18	1,0	5,9	5,0
27,42	8,21	1,0	5,9	5,0
27,44	8,22	1,0	5,9	5,0
27,47	8,21	1,0	5,9	5,0
27,49	8,22	1,0	5,9	5,0
27,52	8,24	1,0	5,9	5,0
27,54	8,25	1,0	5,9	5,0
27,57	8,24	1,0	5,9	5,0
27,59	8,24	1,0	5,9	5,0
27,61	8,27	1,0	5,9	5,0
27,64	8,28	1,0	5,9	5,0
27,66	8,27	1,0	5,9	5,0
27,69	8,28	1,0	5,9	5,0
27,71	8,31	1,0	5,9	5,0
27,74	8,31	1,0	5,9	5,0
27,76	8,30	1,0	5,9	5,0
27,78	8,31	1,0	5,9	5,0
27,81	8,33	1,0	5,9	5,0
27,83	8,34	1,0	5,9	5,0
27,86	8,33	1,0	5,9	5,0
27,88	8,34	1,0	5,9	5,0
27,91	8,37	1,0	5,9	5,0
27,93	8,38	1,0	5,9	5,0
27,96	8,36	1,0	5,9	5,0
27,98	8,37	1,0	5,9	5,0
28,00	8,40	1,0	5,9	5,0
28,03	8,40	1,0	5,9	5,0
28,05	8,39	1,0	5,9	5,0
28,08	8,40	1,0	5,9	5,0
28,10	8,43	1,0	5,9	5,0
28,13	8,43	1,0	5,9	5,0
28,15	8,43	1,0	5,9	5,0
28,18	8,44	1,0	5,9	5,0
28,20	8,46	1,0	5,9	5,0
28,22	8,47	1,0	5,9	5,0
28,25	8,45	1,0	5,9	5,0
28,27	8,47	1,0	5,9	5,0
28,30	8,50	1,0	5,9	5,0
28,32	8,49	1,0	5,9	5,0
28,35	8,48	1,0	5,9	5,0
28,37	8,50	1,0	5,9	5,0
28,40	8,52	1,0	5,9	5,0
28,42	8,53	1,0	5,9	5,0
28,44	8,52	1,0	5,9	5,0
28,47	8,54	1,0	5,9	5,0
28,49	8,56	1,0	5,9	5,0
28,52	8,55	1,0	5,9	5,0
28,54	8,55	1,0	5,9	5,0
28,57	8,56	1,0	5,9	5,0
28,59	8,59	1,0	5,9	5,0
28,62	8,59	1,0	5,9	5,0
28,64	8,58	1,0	5,9	5,0
28,66	8,60	1,0	5,9	5,0
28,69	8,62	1,0	5,9	5,0
28,71	8,61	1,0	5,9	5,0
28,74	8,61	1,0	5,9	5,0
28,76	8,63	1,0	5,9	5,0
28,79	8,64	1,0	5,9	5,0
28,81	8,64	1,0	5,9	5,0
28,84	8,63	1,0	5,9	5,0
28,86	8,66	1,0	5,9	5,0
28,88	8,68	1,0	5,9	5,0
28,91	8,67	1,0	5,9	5,0
28,93	8,67	1,0	5,9	5,0
28,96	8,69	1,0	5,9	5,0
28,98	8,71	1,0	5,9	5,0
29,01	8,70	1,0	5,9	5,0
29,03	8,70	1,0	5,9	5,0
29,05	8,73	1,0	5,9	5,0
29,08	8,73	1,0	5,9	5,0
29,10	8,71	1,0	5,9	5,0
29,13	8,73	1,0	5,9	5,0
29,15	8,75	1,0	5,9	5,0
29,18	8,75	1,0	5,9	5,0
29,20	8,74	1,0	5,9	5,0
29,23	8,75	1,0	5,9	5,0
29,25	8,78	1,0	5,9	5,0
29,27	8,78	1,0	5,9	5,0
29,30	8,76	1,0	5,9	5,0
29,32	8,78	1,0	5,9	5,0
29,35	8,80	1,0	5,9	5,0
29,37	8,79	1,0	5,9	5,0
29,40	8,78	1,0	5,9	5,0
29,42	8,80	1,0	5,9	5,0
29,45	8,82	1,0	5,9	5,0
29,47	8,80	1,0	5,9	5,0
29,49	8,79	1,0	5,9	5,0
29,52	8,80	1,0	5,9	5,0
29,54	8,82	1,0	5,9	5,0
29,57	8,80	1,0	5,9	5,0
29,59	8,78	1,0	5,9	5,0
29,62	8,80	1,0	5,9	5,0
29,64	8,80	1,0	5,9	5,0
29,67	8,77	1,0	5,9	5,0
29,69	8,77	1,0	5,9	5,0
29,71	8,78	1,0	5,9	5,0
29,74	8,77	1,0	5,9	5,0
29,76	8,74	1,0	5,9	5,0
29,79	8,73	1,0	5,9	5,0
29,81	8,73	1,0	5,9	5,0
29,84	8,72	1,0	5,9	5,0
29,86	8,68	1,0	5,9	5,0
29,89	8,67	1,0	5,9	5,0
29,91	8,66	1,0	5,9	5,0
29,93	8,64	1,0	5,9	5,0
29,96	8,60	1,0	5,9	5,0
29,98	8,58	1,0	5,9	5,0
30,01	8,58	1,0	5,9	5,0
30,03	8,55	1,0	5,9	5,0
30,06	8,51	1,0	5,9	5,0
30,08	8,49	1,0	5,9	5,0
30,10	8,48	1,0	5,9	5,0
30,13	8,44	1,0	5,9	5,0
30,15	8,40	1,0	5,9	5,0
30,18	8,38	1,0	5,9	5,0
30,20	8,37	1,0	5,9	5,0
30,23	8,32	1,0	5,9	5,0
30,25	8,28	1,0	5,9	5,0
30,28	8,27	1,0	5,9	5,0
30,30	8,25	1,0	5,9	5,0
30,32	8,22	1,0	5,9	5,0
30,35	8,18	1,0	5,9	5,0
30,37	8,17	1,0	5,9	5,0
30,40	8,16	1,0	5,9	5,0
30,42	8,13	1,0	5,9	5,0
30,45	8,09	1,0	5,9	5,0
30,47	8,09	1,0	5,9	5,0
30,50	8,08	1,0	5,9	5,0
30,52	8,06	1,0	5,9	5,0
30,54	8,04	1,0	5,9	5,0
30,57	8,04	1,0	5,9	5,0
30,59	8,04	1,0	5,9	5,0
30,62	8,01	1,0	5,9	5,0
30,64	7,99	1,0	5,9	5,0
30,67	8,00	1,0	5,9	5,0
30,69	8,01	1,0	5,9	5,0
30,72	7,99	1,0	5,9	5,0
30,74	7,98	1,0	5,9	5,0
30,76	8,00	1,0	5,9	5,0
30,79	8,01	1,0	5,9	5,0
30,81	8,00	1,0	5,9	5,0
30,84	8,00	1,0	5,9	5,0
30,86	8,03	1,0	5,9	5,0
30,89	8,04	1,0	5,9	5,0
30,91	8,04	1,0	5,9	5,0
30,94	8,03	1,0	5,9	5,0
30,96	8,06	1,0	5,9	5,0
30,98	8,08	1,0	5,9	5,0
31,01	8,08	1,0	5,9	5,0
31,03	8,09	1,0	5,9	5,0
31,06	8,12	1,0	5,9	5,0
31,08	8,14	1,0	5,9	5,0
31,11	8,13	1,0	5,9	5,0
31,13	8,14	1,0	5,9	5,0
31,15	8,17	1,0	5,9	5,0
31,18	8,19	1,0	5,9	5,0
31,20	8,19	1,0	5,9	5,0
31,23	8,21	1,0	5,9	5,0
31,25	8,24	1,0	5,9	5,0
31,28	8,26	1,0	5,9	5,0
31,30	8,26	1,0	5,9	5,0
31,33	8,27	1,0	5,9	5,0
31,35	8,31	1,0	5,9	5,0
31,37	8,32	1,0	5,9	5,0
31,40	8,32	1,0	5,9	5,0
31,42	8,33	1,0	5,9	5,0
31,45	8,36	1,0	5,9	5,0
31,47	8,36	1,0	5,9	5,0
31,50	8,36	1,0	5,9	5,0
31,52	8,39	1,0	5,9	5,0
31,55	8,42	1,0	5,9	5,0
31,57	8,42	1,0	5,9	5,0
31,59	8,42	1,0	5,9	5,0
31,62	8,45	1,0	5,9	5,0
31,64	8,47	1,0	5,9	5,0
31,67	8,46	1,0	5,9	5,0
31,69	8,46	1,0	5,9	5,0
31,72	8,49	1,0	5,9	5,0
31,74	8,52	1,0	5,9	5,0
31,77	8,51	1,0	5,9	5,0
31,79	8,51	1,0	5,9	5,0
31,81	8,53	1,0	5,9	5,0
31,84	8,55	1,0	5,9	5,0
31,86	8,54	1,0	5,9	5,0
31,89	8,53	1,0	5,9	5,0
31,91	8,56	1,0	5,9	5,0
31,94	8,58	1,0	5,9	5,0
31,96	8,57	1,0	5,9	5,0
31,99	8,57	1,0	5,9	5,0
32,01	8,60	1,0	5,9	5,0
32,03	8,61	1,0	5,9	5,0
32,06	8,61	1,0	5,9	5,0
32,08	8,62	1,0	5,9	5,0
32,11	8,64	1,0	5,9	5,0
32,13	8,63	1,0	5,9	5,0
32,16	8,63	1,0	5,9	5,0
32,18	8,65	1,0	5,9	5,0
32,20	8,67	1,0	5,9	5,0
32,23	8,68	1,0	5,9	5,0
32,25	8,68	1,0	5,9	5,0
32,28	8,70	1,0	5,9	5,0
32,30	8,72	1,0	5,9	5,0
32,33	8,72	1,0	5,9	5,0
32,35	8,72	1,0	5,9	5,0
32,38	8,75	1,0	5,9	5,0
32,40	8,78	1,0	5,9	5,0
32,42	8,78	1,0	5,9	5,0
32,45	8,79	1,0	5,9	5,0
32,47	8,82	1,0	5,9	5,0
32,50	8,85	1,0	5,9	5,0
32,52	8,85	1,0	5,9	5,0
32,55	8,86	1,0	5,9	5,0
32,57	8,89	1,0	5,9	5,0
32,60	8,92	1,0	5,9	5,0
32,62	8,93	1,0	5,9	5,0
32,64	8,94	1,0	5,9	5,0
32,67	8,98	1,0	5,9	5,0
32,69	9,01	1,0	5,9	5,0
32,72	9,02	1,0	5,9	5,0
32,74	9,04	1,0	5,9	5,0
32,77	9,08	1,0	5,9	5,0
32,79	9,11	1,0	5,9	5,0
32,82	9,12	1,0	5,9	5,0
32,84	9,14	1,0	5,9	5,0
32,86	9,18	1,0	5,9	5,0
32,89	9,22	1,0	5,9	5,0
32,91	9,23	1,0	5,9	5,0
32,94	9,25	1,0	5,9	5,0
32,96	9,30	1,0	5,9	5,0
32,99	9,33	1,0	5,9	5,0
33,01	9,34	1,0	5,9	5,0
33,04	9,36	1,0	5,9	5,0
33,06	9,41	1,0	5,9	5,0
33,08	9,44	1,0	5,9	5,0
33,11	9,45	1,0	5,9	5,0
33,13	9,48	1,0	5,9	5,0
33,16	9,53	1,0	5,9	5,0
33,18	9,56	1,0	5,9	5,0
33,21	9,57	1,0	5,9	5,0
33,23	9,60	1,0	5,9	5,0
33,26	9,66	1,0	5,9	5,0
33,28	9,68	1,0	5,9	5,0
33,30	9,69	1,0	5,9	5,0
33,33	9,73	1,0	5,9	5,0
33,35	9,77	1,0	5,9	5,0
33,38	9,80	1,0	5,9	5,0
33,40	9,81	1,0	5,9	5,0
33,43	9,85	1,0	5,9	5,0
33,45	9,90	1,0	5,9	5,0
33,47	9,93	1,0	5,9	5,0
33,50	9,94	1,0	5,9	5,0
33,52	9,97	1,0	5,9	5,0
33,55	10,02	1,0	5,9	5,0
33,57	10,05	1,0	5,9	5,0
33,60	10,06	1,0	5,9	5,0
33,62	10,10	1,0	5,9	5,0
33,65	10,15	1,0	5,9	5,0
33,67	10,17	1,0	5,9	5,0
33,69	10,18	1,0	5,9	5,0
33,72	10,22	1,0	5,9	5,0
33,74	10,27	1,0	5,9	5,0
33,77	10,29	1,0	5,9	5,0
33,79	10,30	1,0	5,9	5,0
33,82	10,34	1,0	5,9	5,0
33,84	10,39	1,0	5,9	5,0
33,87	10,41	1,0	5,9	5,0
33,89	10,44	1,0	5,9	5,0
33,91	10,49	1,0	5,9	5,0
33,94	10,52	1,0	5,9	5,0
33,96	10,54	1,0	5,9	5,0
33,99	10,57	1,0	5,9	5,0
34,01	10,62	1,0	5,9	5,0
34,04	10,65	1,0	5,9	5,0
34,06	10,67	1,0	5,9	5,0
34,09	10,70	1,0	5,9	5,0
34,11	10,75	1,0	5,9	5,0
34,13	10,79	1,0	5,9	5,0
34,16	10,80	1,0	5,9	5,0
34,18	10,84	1,0	5,9	5,0
34,21	10,89	1,0	5,9	5,0
34,23	10,93	1,0	5,9	5,0
34,26	10,94	1,0	5,9	5,0
34,28	10,98	1,0	5,9	5,0
34,31	11,04	1,0	5,9	5,0
34,33	11,06	1,0	5,9	5,0
34,35	11,08	1,0	5,9	5,0
34,38	11,13	1,0	5,9	5,0
34,40	11,18	1,0	5,9	5,0
34,43	11,21	1,0	5,9	5,0
34,45	11,23	1,0	5,9	5,0
34,48	11,27	1,0	5,9	5,0
34,50	11,32	1,0	5,9	5,0
34,52	11,34	1,0	5,9	5,0
34,55	11,37	1,0	5,9	5,0
34,57	11,43	1,0	5,9	5,0
34,60	11,48	1,0	5,9	5,0
34,62	11,50	1,0	5,9	5,0
34,65	11,53	1,0	5,9	5,0
34,67	11,58	1,0	5,9	5,0
34,70	11,63	1,0	5,9	5,0
34,72	11,64	1,0	5,9	5,0
34,74	11,67	1,0	5,9	5,0
34,77	11,73	1,0	5,9	5,0
34,79	11,77	1,0	5,9	5,0
34,82	11,79	1,0	5,9	5,0
34,84	11,82	1,0	5,9	5,0
34,87	11,88	1,0	5,9	5,0
34,89	11,92	1,0	5,9	5,0
34,92	11,94	1,0	5,9	5,0
34,94	11,97	1,0	5,9	5,0
34,96	12,03	1,0	5,9	5,0
34,99	12,06	1,0	5,9	5,0
35,01	12,08	1,0	5,9	5,0
35,04	12,11	1,0	5,9	5,0
35,06	12,17	1,0	5,9	5,0
35,09	12,21	1,0	5,9	5,0
35,11	12,23	1,0	5,9	5,0
35,14	12,27	1,0	5,9	5,0
35,16	12,33	1,0	5,9	5,0
35,18	12,36	1,0	5,9	5,0
35,21	12,38	1,0	5,9	5,0
35,23	12,42	1,0	5,9	5,0
35,26	12,48	1,0	5,9	5,0
35,28	12,51	1,0	5,9	5,0
35,31	12,53	1,0	5,9	5,0
35,33	12,57	1,0	5,9	5,0
35,36	12,64	1,0	5,9	5,0
35,38	12,67	1,0	5,9	5,0
35,40	12,69	1,0	5,9	5,0
35,43	12,73	1,0	5,9	5,0
35,45	12,78	1,0	5,9	5,0
35,48	12,81	1,0	5,9	5,0
35,50	12,83	1,0	5,9	5,0
35,53	12,87	1,0	5,9	5,0
35,55	12,93	1,0	5,9	5,0
35,57	12,96	1,0	5,9	5,0
35,60	12,98	1,0	5,9	5,0
35,62	13,03	1,0	5,9	5,0
35,65	13,09	1,0	5,9	5,0
35,67	13,12	1,0	5,9	5,0
35,70	13,14	1,0	5,9	5,0
35,72	13,18	1,0	5,9	5,0
35,75	13,23	1,0	5,9	5,0
35,77	13,25	1,0	5,9	5,0
35,79	13,28	1,0	5,9	5,0
35,82	13,33	1,0	5,9	5,0
35,84	13,38	1,0	5,9	5,0
35,87	13,41	1,0	5,9	5,0
35,89	13,43	1,0	5,9	5,0
35,92	13,48	1,0	5,9	5,0
35,94	13,53	1,0	5,9	5,0
35,97	13,55	1,0	5,9	5,0
35,99	13,58	1,0	5,9	5,0
36,01	13,63	1,0	5,9	5,0
36,04	13,68	1,0	5,9	5,0
36,06	13,70	1,0	5,9	5,0
36,09	13,73	1,0	5,9	5,0
36,11	13,78	1,0	5,9	5,0
36,14	13,83	1,0	5,9	5,0
36,16	13,85	1,0	5,9	5,0
36,19	13,87	1,0	5,9	5,0
36,21	13,92	1,0	5,9	5,0
36,23	13,97	1,0	5,9	5,0
36,26	13,99	1,0	5,9	5,0
36,28	14,02	1,0	5,9	5,0
36,31	14,07	1,0	5,9	5,0
36,33	14,12	1,0	5,9	5,0
36,36	14,13	1,0	5,9	5,0
36,38	14,18	1,0	5,9	5,0
36,41	14,23	1,0	5,9	5,0
36,43	14,26	1,0	5,9	5,0
36,45	14,27	1,0	5,9	5,0
36,48	14,31	1,0	5,9	5,0
36,50	14,36	1,0	5,9	5,0
36,53	14,39	1,0	5,9	5,0
36,55	14,41	1,0	5,9	5,0
36,58	14,46	1,0	5,9	5,0
36,60	14,51	1,0	5,9	5,0
36,62	14,53	1,0	5,9	5,0
36,65	14,55	1,0	5,9	5,0
36,67	14,60	1,0	5,9	5,0
36,70	14,65	1,0	5,9	5,0
36,72	14,67	1,0	5,9	5,0
36,75	14,69	1,0	5,9	5,0
36,77	14,74	1,0	5,9	5,0
36,80	14,79	1,0	5,9	5,0
36,82	14,81	1,0	5,9	5,0
36,84	14,82	1,0	5,9	5,0
36,87	14,87	1,0	5,9	5,0
36,89	14,92	1,0	5,9	5,0
36,92	14,94	1,0	5,9	5,0
36,94	14,96	1,0	5,9	5,0
36,97	15,02	1,0	5,9	5,0
36,99	15,05	1,0	5,9	5,0
37,02	15,07	1,0	5,9	5,0
37,04	15,10	1,0	5,9	5,0
37,06	15,16	1,0	5,9	5,0
37,09	15,19	1,0	5,9	5,0
37,11	15,20	1,0	5,9	5,0
37,14	15,24	1,0	5,9	5,0
37,16	15,29	1,0	5,9	5,0
37,19	15,32	1,0	5,9	5,0
37,21	15,33	1,0	5,9	5,0
37,24	15,37	1,0	5,9	5,0
37,26	15,43	1,0	5,9	5,0
37,28	15,45	1,0	5,9	5,0
37,31	15,46	1,0	5,9	5,0
37,33	15,50	1,0	5,9	5,0
37,36	15,54	1,0	5,9	5,0
37,38	15,57	1,0	5,9	5,0
37,41	15,58	1,0	5,9	5,0
37,43	15,63	1,0	5,9	5,0
37,46	15,67	1,0	5,9	5,0
37,48	15,69	1,0	5,9	5,0
37,50	15,71	1,0	5,9	5,0
37,53	15,75	1,0	5,9	5,0
37,55	15,80	1,0	5,9	5,0
37,58	15,82	1,0	5,9	5,0
37,60	15,83	1,0	5,9	5,0
37,63	15,87	1,0	5,9	5,0
37,65	15,91	1,0	5,9	5,0
37,68	15,93	1,0	5,9	5,0
37,70	15,95	1,0	5,9	5,0
37,72	15,99	1,0	5,9	5,0
37,75	16,03	1,0	5,9	5,0
37,77	16,06	1,0	5,9	5,0
37,80	16,08	1,0	5,9	5,0
37,82	16,12	1,0	5,9	5,0
37,85	16,16	1,0	5,9	5,0
37,87	16,17	1,0	5,9	5,0
37,89	16,20	1,0	5,9	5,0
37,92	16,24	1,0	5,9	5,0
37,94	16,29	1,0	5,9	5,0
37,97	16,30	1,0	5,9	5,0
37,99	16,32	1,0	5,9	5,0
38,02	16,37	1,0	5,9	5,0
38,04	16,41	1,0	5,9	5,0
38,07	16,42	1,0	5,9	5,0
38,09	16,44	1,0	5,9	5,0
38,11	16,48	1,0	5,9	5,0
38,14	16,52	1,0	5,9	5,0
38,16	16,53	1,0	5,9	5,0
38,19	16,55	1,0	5,9	5,0
38,21	16,61	1,0	5,9	5,0
38,24	16,65	1,0	5,9	5,0
38,26	16,66	1,0	5,9	5,0
38,29	16,69	1,0	5,9	5,0
38,31	16,74	1,0	5,9	5,0
38,33	16,77	1,0	5,9	5,0
38,36	16,78	1,0	5,9	5,0
38,38	16,80	1,0	5,9	5,0
38,41	16,85	1,0	5,9	5,0
38,43	16,88	1,0	5,9	5,0
38,46	16,89	1,0	5,9	5,0
38,48	16,92	1,0	5,9	5,0
38,51	16,97	1,0	5,9	5,0
38,53	17,00	1,0	5,9	5,0
38,55	17,01	1,0	5,9	5,0
38,58	17,04	1,0	5,9	5,0
38,60	17,09	1,0	5,9	5,0
38,63	17,12	1,0	5,9	5,0
38,65	17,13	1,0	5,9	5,0
38,68	17,16	1,0	5,9	5,0
38,70	17,21	1,0	5,9	5,0
38,73	17,24	1,0	5,9	5,0
38,75	17,25	1,0	5,9	5,0
38,77	17,27	1,0	5,9	5,0
38,80	17,32	1,0	5,9	5,0
38,82	17,33	1,0	5,9	5,0
38,85	17,34	1,0	5,9	5,0
38,87	17,38	1,0	5,9	5,0
38,90	17,43	1,0	5,9	5,0
38,92	17,44	1,0	5,9	5,0
38,94	17,45	1,0	5,9	5,0
38,97	17,50	1,0	5,9	5,0
38,99	17,54	1,0	5,9	5,0
39,02	17,55	1,0	5,9	5,0
39,04	17,56	1,0	5,9	5,0
39,07	17,61	1,0	5,9	5,0
39,09	17,64	1,0	5,9	5,0
39,12	17,65	1,0	5,9	5,0
39,14	17,67	1,0	5,9	5,0
39,16	17,71	1,0	5,9	5,0
39,19	17,75	1,0	5,9	5,0
39,21	17,75	1,0	5,9	5,0
39,24	17,78	1,0	5,9	5,0
39,26	17,82	1,0	5,9	5,0
39,29	17,86	1,0	5,9	5,0
39,31	17,86	1,0	5,9	5,0
39,34	17,88	1,0	5,9	5,0
39,36	17,93	1,0	5,9	5,0
39,38	17,96	1,0	5,9	5,0
39,41	17,97	1,0	5,9	5,0
39,43	18,01	1,0	5,9	5,0
39,46	18,05	1,0	5,9	5,0
39,48	18,06	1,0	5,9	5,0
39,51	18,07	1,0	5,9	5,0
39,53	18,11	1,0	5,9	5,0
39,56	18,15	1,0	5,9	5,0
39,58	18,16	1,0	5,9	5,0
39,60	18,18	1,0	5,9	5,0
39,63	18,22	1,0	5,9	5,0
39,65	18,26	1,0	5,9	5,0
39,68	18,27	1,0	5,9	5,0
39,70	18,28	1,0	5,9	5,0
39,73	18,32	1,0	5,9	5,0
39,75	18,36	1,0	5,9	5,0
39,78	18,37	1,0	5,9	5,0
39,80	18,38	1,0	5,9	5,0
39,82	18,43	1,0	5,9	5,0
39,85	18,46	1,0	5,9	5,0
39,87	18,47	1,0	5,9	5,0
39,90	18,49	1,0	5,9	5,0
39,92	18,53	1,0	5,9	5,0
39,95	18,57	1,0	5,9	5,0
39,97	18,58	1,0	5,9	5,0
39,99	18,60	1,0	5,9	5,0
40,02	18,63	1,0	5,9	5,0
40,04	18,66	1,0	5,9	5,0
40,07	18,67	1,0	5,9	5,0
40,09	18,68	1,0	5,9	5,0
40,12	18,73	1,0	5,9	5,0
40,14	18,76	1,0	5,9	5,0
40,17	18,77	1,0	5,9	5,0
40,19	18,79	1,0	5,9	5,0
40,21	18,83	1,0	5,9	5,0
40,24	18,86	1,0	5,9	5,0
40,26	18,86	1,0	5,9	5,0
40,29	18,88	1,0	5,9	5,0
40,31	18,92	1,0	5,9	5,0
40,34	18,95	1,0	5,9	5,0
40,36	18,95	1,0	5,9	5,0
40,39	18,98	1,0	5,9	5,0
40,41	19,02	1,0	5,9	5,0
40,43	19,04	1,0	5,9	5,0
40,46	19,04	1,0	5,9	5,0
40,48	19,07	1,0	5,9	5,0
40,51	19,11	1,0	5,9	5,0
40,53	19,13	1,0	5,9	5,0
40,56	19,13	1,0	5,9	5,0
40,58	19,16	1,0	5,9	5,0
40,61	19,20	1,0	5,9	5,0
40,63	19,23	1,0	5,9	5,0
40,65	19,24	1,0	5,9	5,0
40,68	19,26	1,0	5,9	5,0
40,70	19,30	1,0	5,9	5,0
40,73	19,32	1,0	5,9	5,0
40,75	19,32	1,0	5,9	5,0
40,78	19,35	1,0	5,9	5,0
40,80	19,39	1,0	5,9	5,0
40,83	19,41	1,0	5,9	5,0
40,85	19,41	1,0	5,9	5,0
40,87	19,44	1,0	5,9	5,0
40,90	19,48	1,0	5,9	5,0
40,92	19,50	1,0	5,9	5,0
40,95	19,51	1,0	5,9	5,0
40,97	19,54	1,0	5,9	5,0
41,00	19,58	1,0	5,9	5,0
41,02	19,59	1,0	5,9	5,0
41,05	19,60	1,0	5,9	5,0
41,07	19,63	1,0	5,9	5,0
41,09	19,67	1,0	5,9	5,0
41,12	19,68	1,0	5,9	5,0
41,14	19,69	1,0	5,9	5,0
41,17	19,72	1,0	5,9	5,0
41,19	19,75	1,0	5,9	5,0
41,22	19,77	1,0	5,9	5,0
41,24	19,77	1,0	5,9	5,0
41,26	19,82	1,0	5,9	5,0
41,29	19,84	1,0	5,9	5,0
41,31	19,84	1,0	5,9	5,0
41,34	19,86	1,0	5,9	5,0
41,36	19,90	1,0	5,9	5,0
41,39	19,93	1,0	5,9	5,0
41,41	19,93	1,0	5,9	5,0
41,44	19,96	1,0	5,9	5,0
41,46	20,00	1,0	5,9	5,0
41,48	20,01	1,0	5,9	5,0
41,51	20,01	1,0	5,9	5,0
41,53	20,04	1,0	5,9	5,0
41,56	20,08	1,0	5,9	5,0
41,58	20,09	1,0	5,9	5,0
41,61	20,09	1,0	5,9	5,0
41,63	20,12	1,0	5,9	5,0
41,66	20,16	1,0	5,9	5,0
41,68	20,17	1,0	5,9	5,0
41,70	20,17	1,0	5,9	5,0
41,73	20,19	1,0	5,9	5,0
41,75	20,23	1,0	5,9	5,0
41,78	20,24	1,0	5,9	5,0
41,80	20,24	1,0	5,9	5,0
41,83	20,27	1,0	5,9	5,0
41,85	20,31	1,0	5,9	5,0
41,88	20,31	1,0	5,9	5,0
41,90	20,33	1,0	5,9	5,0
41,92	20,36	1,0	5,9	5,0
41,95	20,39	1,0	5,9	5,0
41,97	20,39	1,0	5,9	5,0
42,00	20,40	1,0	5,9	5,0
42,02	20,44	1,0	5,9	5,0
42,05	20,46	1,0	5,9	5,0
42,07	20,46	1,0	5,9	5,0
42,10	20,47	1,0	5,9	5,0
42,12	20,51	1,0	5,9	5,0
42,14	20,53	1,0	5,9	5,0
42,17	20,53	1,0	5,9	5,0
42,19	20,54	1,0	5,9	5,0
42,22	20,58	1,0	5,9	5,0
42,24	20,60	1,0	5,9	5,0
42,27	20,60	1,0	5,9	5,0
42,29	20,62	1,0	5,9	5,0
42,31	20,66	1,0	5,9	5,0
42,34	20,68	1,0	5,9	5,0
42,36	20,68	1,0	5,9	5,0
42,39	20,70	1,0	5,9	5,0
42,41	20,74	1,0	5,9	5,0
42,44	20,75	1,0	5,9	5,0
42,46	20,75	1,0	5,9	5,0
42,49	20,77	1,0	5,9	5,0
42,51	20,81	1,0	5,9	5,0
42,53	20,83	1,0	5,9	5,0
42,56	20,83	1,0	5,9	5,0
42,58	20,85	1,0	5,9	5,0
42,61	20,89	1,0	5,9	5,0
42,63	20,90	1,0	5,9	5,0
42,66	20,90	1,0	5,9	5,0
42,68	20,93	1,0	5,9	5,0
42,71	20,96	1,0	5,9	5,0
42,73	20,97	1,0	5,9	5,0
42,75	20,97	1,0	5,9	5,0
42,78	21,00	1,0	5,9	5,0
42,80	21,04	1,0	5,9	5,0
42,83	21,05	1,0	5,9	5,0
42,85	21,05	1,0	5,9	5,0
42,88	21,08	1,0	5,9	5,0
42,90	21,12	1,0	5,9	5,0
42,93	21,13	1,0	5,9	5,0
42,95	21,13	1,0	5,9	5,0
42,97	21,16	1,0	5,9	5,0
43,00	21,20	1,0	5,9	5,0
43,02	21,21	1,0	5,9	5,0
43,05	21,22	1,0	5,9	5,0
43,07	21,25	1,0	5,9	5,0
43,10	21,28	1,0	5,9	5,0
43,12	21,28	1,0	5,9	5,0
43,15	21,28	1,0	5,9	5,0
43,17	21,31	1,0	5,9	5,0
43,19	21,35	1,0	5,9	5,0
43,22	21,35	1,0	5,9	5,0
43,24	21,36	1,0	5,9	5,0
43,27	21,40	1,0	5,9	5,0
43,29	21,43	1,0	5,9	5,0
43,32	21,43	1,0	5,9	5,0
43,34	21,44	1,0	5,9	5,0
43,36	21,48	1,0	5,9	5,0
43,39	21,50	1,0	5,9	5,0
43,41	21,50	1,0	5,9	5,0
43,44	21,50	1,0	5,9	5,0
43,46	21,54	1,0	5,9	5,0
43,49	21,57	1,0	5,9	5,0
43,51	21,57	1,0	5,9	5,0
43,54	21,58	1,0	5,9	5,0
43,56	21,61	1,0	5,9	5,0
43,58	21,63	1,0	5,9	5,0
43,61	21,63	1,0	5,9	5,0
43,63	21,64	1,0	5,9	5,0
43,66	21,67	1,0	5,9	5,0
43,68	21,68	1,0	5,9	5,0
43,71	21,68	1,0	5,9	5,0
43,73	21,71	1,0	5,9	5,0
43,76	21,74	1,0	5,9	5,0
43,78	21,74	1,0	5,9	5,0
43,80	21,74	1,0	5,9	5,0
43,83	21,77	1,0	5,9	5,0
43,85	21,80	1,0	5,9	5,0
43,88	21,80	1,0	5,9	5,0
43,90	21,80	1,0	5,9	5,0
43,93	21,83	1,0	5,9	5,0
43,95	21,86	1,0	5,9	5,0
43,98	21,86	1,0	5,9	5,0
44,00	21,86	1,0	5,9	5,0
44,02	21,90	1,0	5,9	5,0
44,05	21,93	1,0	5,9	5,0
44,07	21,93	1,0	5,9	5,0
44,10	21,93	1,0	5,9	5,0
44,12	21,96	1,0	5,9	5,0
44,15	21,99	1,0	5,9	5,0
44,17	21,99	1,0	5,9	5,0
44,20	22,00	1,0	5,9	5,0
44,22	22,03	1,0	5,9	5,0
44,24	22,06	1,0	5,9	5,0
44,27	22,06	1,0	5,9	5,0
44,29	22,07	1,0	5,9	5,0
44,32	22,11	1,0	5,9	5,0
44,34	22,12	1,0	5,9	5,0
44,37	22,11	1,0	5,9	5,0
44,39	22,13	1,0	5,9	5,0
44,41	22,16	1,0	5,9	5,0
44,44	22,18	1,0	5,9	5,0
44,46	22,18	1,0	5,9	5,0
44,49	22,19	1,0	5,9	5,0
44,51	22,23	1,0	5,9	5,0
44,54	22,24	1,0	5,9	5,0
44,56	22,24	1,0	5,9	5,0
44,59	22,26	1,0	5,9	5,0
44,61	22,29	1,0	5,9	5,0
44,63	22,30	1,0	5,9	5,0
44,66	22,29	1,0	5,9	5,0
44,68	22,32	1,0	5,9	5,0
44,71	22,35	1,0	5,9	5,0
44,73	22,35	1,0	5,9	5,0
44,76	22,35	1,0	5,9	5,0
44,78	22,38	1,0	5,9	5,0
44,81	22,41	1,0	5,9	5,0
44,83	22,41	1,0	5,9	5,0
44,85	22,41	1,0	5,9	5,0
44,88	22,44	1,0	5,9	5,0
44,90	22,47	1,0	5,9	5,0
44,93	22,48	1,0	5,9	5,0
44,95	22,48	1,0	5,9	5,0
44,98	22,51	1,0	5,9	5,0
45,00	22,54	1,0	5,9	5,0
45,03	22,55	1,0	5,9	5,0
45,05	22,55	1,0	5,9	5,0
45,07	22,58	1,0	5,9	5,0
45,10	22,62	1,0	5,9	5,0
45,12	22,61	1,0	5,9	5,0
45,15	22,62	1,0	5,9	5,0
45,17	22,65	1,0	5,9	5,0
45,20	22,68	1,0	5,9	5,0
45,22	22,68	1,0	5,9	5,0
45,25	22,69	1,0	5,9	5,0
45,27	22,73	1,0	5,9	5,0
45,29	22,75	1,0	5,9	5,0
45,32	22,74	1,0	5,9	5,0
45,34	22,75	1,0	5,9	5,0
45,37	22,79	1,0	5,9	5,0
45,39	22,81	1,0	5,9	5,0
45,42	22,81	1,0	5,9	5,0
45,44	22,83	1,0	5,9	5,0
45,47	22,86	1,0	5,9	5,0
45,49	22,88	1,0	5,9	5,0
45,51	22,88	1,0	5,9	5,0
45,54	22,88	1,0	5,9	5,0
45,56	22,92	1,0	5,9	5,0
45,59	22,94	1,0	5,9	5,0
45,61	22,94	1,0	5,9	5,0
45,64	22,95	1,0	5,9	5,0
45,66	22,99	1,0	5,9	5,0
45,68	23,00	1,0	5,9	5,0
45,71	23,00	1,0	5,9	5,0
45,73	23,02	1,0	5,9	5,0
45,76	23,05	1,0	5,9	5,0
45,78	23,07	1,0	5,9	5,0
45,81	23,06	1,0	5,9	5,0
45,83	23,07	1,0	5,9	5,0
45,86	23,11	1,0	5,9	5,0
45,88	23,12	1,0	5,9	5,0
45,90	23,12	1,0	5,9	5,0
45,93	23,14	1,0	5,9	5,0
45,95	23,17	1,0	5,9	5,0
45,98	23,19	1,0	5,9	5,0
46,00	23,18	1,0	5,9	5,0
46,03	23,20	1,0	5,9	5,0
46,05	23,23	1,0	5,9	5,0
46,08	23,24	1,0	5,9	5,0
46,10	23,23	1,0	5,9	5,0
46,12	23,25	1,0	5,9	5,0
46,15	23,29	1,0	5,9	5,0
46,17	23,28	1,0	5,9	5,0
46,20	23,28	1,0	5,9	5,0
46,22	23,31	1,0	5,9	5,0
46,25	23,33	1,0	5,9	5,0
46,27	23,32	1,0	5,9	5,0
46,30	23,32	1,0	5,9	5,0
46,32	23,34	1,0	5,9	5,0
46,34	23,36	1,0	5,9	5,0
46,37	23,35	1,0	5,9	5,0
46,39	23,34	1,0	5,9	5,0
46,42	23,37	1,0	5,9	5,0
46,44	23,38	1,0	5,9	5,0
46,47	23,36	1,0	5,9	5,0
46,49	23,36	1,0	5,9	5,0
46,52	23,37	1,0	5,9	5,0
46,54	23,38	1,0	5,9	5,0
46,56	23,35	1,0	5,9	5,0
46,59	23,34	1,0	5,9	5,0
46,61	23,35	1,0	5,9	5,0
46,64	23,35	1,0	5,9	5,0
46,66	23,33	1,0	5,9	5,0
46,69	23,32	1,0	5,9	5,0
46,71	23,33	1,0	5,9	5,0
46,73	23,31	1,0	5,9	5,0
46,76	23,28	1,0	5,9	5,0
46,78	23,28	1,0	5,9	5,0
46,81	23,28	1,0	5,9	5,0
46,83	23,26	1,0	5,9	5,0
46,86	23,23	1,0	5,9	5,0
46,88	23,24	1,0	5,9	5,0
46,91	23,23	1,0	5,9	5,0
46,93	23,21	1,0	5,9	5,0
46,95	23,17	1,0	5,9	5,0
46,98	23,17	1,0	5,9	5,0
47,00	23,17	1,0	5,9	5,0
47,03	23,14	1,0	5,9	5,0
47,05	23,11	1,0	5,9	5,0
47,08	23,11	1,0	5,9	5,0
47,10	23,11	1,0	5,9	5,0
47,13	23,08	1,0	5,9	5,0
47,15	23,06	1,0	5,9	5,0
47,17	23,07	1,0	5,9	5,0
47,20	23,07	1,0	5,9	5,0
47,22	23,04	1,0	5,9	5,0
47,25	23,02	1,0	5,9	5,0
47,27	23,03	1,0	5,9	5,0
47,30	23,03	1,0	5,9	5,0
47,32	23,01	1,0	5,9	5,0
47,35	23,00	1,0	5,9	5,0
47,37	23,02	1,0	5,9	5,0
47,39	23,03	1,0	5,9	5,0
47,42	23,01	1,0	5,9	5,0
47,44	23,01	1,0	5,9	5,0
47,47	23,03	1,0	5,9	5,0
47,49	23,04	1,0	5,9	5,0
47,52	23,03	1,0	5,9	5,0
47,54	23,03	1,0	5,9	5,0
47,57	23,07	1,0	5,9	5,0
47,59	23,08	1,0	5,9	5,0
47,61	23,07	1,0	5,9	5,0
47,64	23,09	1,0	5,9	5,0
47,66	23,13	1,0	5,9	5,0
47,69	23,14	1,0	5,9	5,0
47,71	23,14	1,0	5,9	5,0
47,74	23,15	1,0	5,9	5,0
47,76	23,19	1,0	5,9	5,0
47,78	23,21	1,0	5,9	5,0
47,81	23,21	1,0	5,9	5,0
47,83	23,23	1,0	5,9	5,0
47,86	23,27	1,0	5,9	5,0
47,88	23,28	1,0	5,9	5,0
47,91	23,28	1,0	5,9	5,0
47,93	23,31	1,0	5,9	5,0
47,96	23,35	1,0	5,9	5,0
47,98	23,36	1,0	5,9	5,0
48,00	23,36	1,0	5,9	5,0
48,03	23,38	1,0	5,9	5,0
48,05	23,42	1,0	5,9	5,0
48,08	23,43	1,0	5,9	5,0
48,10	23,43	1,0	5,9	5,0
48,13	23,46	1,0	5,9	5,0
48,15	23,50	1,0	5,9	5,0
48,18	23,50	1,0	5,9	5,0
48,20	23,50	1,0	5,9	5,0
48,22	23,52	1,0	5,9	5,0
48,25	23,55	1,0	5,9	5,0
48,27	23,55	1,0	5,9	5,0
48,30	23,55	1,0	5,9	5,0
48,32	23,57	1,0	5,9	5,0
48,35	23,61	1,0	5,9	5,0
48,37	23,61	1,0	5,9	5,0
48,40	23,60	1,0	5,9	5,0
48,42	23,62	1,0	5,9	5,0
48,44	23,64	1,0	5,9	5,0
48,47	23,64	1,0	5,9	5,0
48,49	23,63	1,0	5,9	5,0
48,52	23,65	1,0	5,9	5,0
48,54	23,67	1,0	5,9	5,0
48,57	23,65	1,0	5,9	5,0
48,59	23,65	1,0	5,9	5,0
48,62	23,68	1,0	5,9	5,0
48,64	23,68	1,0	5,9	5,0
48,66	23,66	1,0	5,9	5,0
48,69	23,66	1,0	5,9	5,0
48,71	23,68	1,0	5,9	5,0
48,74	23,68	1,0	5,9	5,0
48,76	23,66	1,0	5,9	5,0
48,79	23,66	1,0	5,9	5,0
48,81	23,68	1,0	5,9	5,0
48,84	23,68	1,0	5,9	5,0
48,86	23,67	1,0	5,9	5,0
48,88	23,67	1,0	5,9	5,0
48,91	23,69	1,0	5,9	5,0
48,93	23,68	1,0	5,9	5,0
48,96	23,66	1,0	5,9	5,0
48,98	23,67	1,0	5,9	5,0
49,01	23,69	1,0	5,9	5,0
49,03	23,69	1,0	5,9	5,0
49,05	23,67	1,0	5,9	5,0
49,08	23,69	1,0	5,9	5,0
49,10	23,71	1,0	5,9	5,0
49,13	23,71	1,0	5,9	5,0
49,15	23,69	1,0	5,9	5,0
49,18	23,72	1,0	5,9	5,0
49,20	23,73	1,0	5,9	5,0
49,23	23,73	1,0	5,9	5,0
49,25	23,73	1,0	5,9	5,0
49,27	23,77	1,0	5,9	5,0
49,30	23,79	1,0	5,9	5,0
49,32	23,78	1,0	5,9	5,0
49,35	23,79	1,0	5,9	5,0
49,37	23,82	1,0	5,9	5,0
49,40	23,84	1,0	5,9	5,0
49,42	23,84	1,0	5,9	5,0
49,45	23,85	1,0	5,9	5,0
49,47	23,89	1,0	5,9	5,0
49,49	23,92	1,0	5,9	5,0
49,52	23,92	1,0	5,9	5,0
49,54	23,95	1,0	5,9	5,0
49,57	23,99	1,0	5,9	5,0
49,59	24,01	1,0	5,9	5,0
49,62	24,02	1,0	5,9	5,0
49,64	24,04	1,0	5,9	5,0
49,67	24,09	1,0	5,9	5,0
49,69	24,12	1,0	5,9	5,0
49,71	24,12	1,0	5,9	5,0
49,74	24,16	1,0	5,9	5,0
49,76	24,21	1,0	5,9	5,0
49,79	24,24	1,0	5,9	5,0
49,81	24,25	1,0	5,9	5,0
49,84	24,28	1,0	5,9	5,0
49,86	24,33	1,0	5,9	5,0
49,89	24,35	1,0	5,9	5,0
49,91	24,36	1,0	5,9	5,0
49,93	24,39	1,0	5,9	5,0
49,96	24,44	1,0	5,9	5,0
49,98	24,47	1,0	5,9	5,0
50,01	24,48	1,0	5,9	5,0
50,03	24,51	1,0	5,9	5,0
50,06	24,57	1,0	5,9	5,0
50,08	24,59	1,0	5,9	5,0
50,10	24,59	1,0	5,9	5,0
50,13	24,63	1,0	5,9	5,0
50,15	24,67	1,0	5,9	5,0
50,18	24,69	1,0	5,9	5,0
50,20	24,70	1,0	5,9	5,0
50,23	24,74	1,0	5,9	5,0
50,25	24,78	1,0	5,9	5,0
50,28	24,79	1,0	5,9	5,0
50,30	24,80	1,0	5,9	5,0
50,32	24,84	1,0	5,9	5,0
50,35	24,87	1,0	5,9	5,0
50,37	24,88	1,0	5,9	5,0
50,40	24,89	1,0	5,9	5,0
50,42	24,93	1,0	5,9	5,0
50,45	24,97	1,0	5,9	5,0
50,47	24,98	1,0	5,9	5,0
50,50	24,99	1,0	5,9	5,0
50,52	25,03	1,0	5,9	5,0
50,54	25,07	1,0	5,9	5,0
50,57	25,08	1,0	5,9	5,0
50,59	25,09	1,0	5,9	5,0
50,62	25,13	1,0	5,9	5,0
50,64	25,18	1,0	5,9	5,0
50,67	25,18	1,0	5,9	5,0
50,69	25,20	1,0	5,9	5,0
50,72	25,24	1,0	5,9	5,0
50,74	25,28	1,0	5,9	5,0
50,76	25,30	1,0	5,9	5,0
50,79	25,32	1,0	5,9	5,0
50,81	25,36	1,0	5,9	5,0
50,84	25,40	1,0	5,9	5,0
50,86	25,41	1,0	5,9	5,0
50,89	25,43	1,0	5,9	5,0
50,91	25,48	1,0	5,9	5,0
50,94	25,52	1,0	5,9	5,0
50,96	25,55	1,0	5,9	5,0
50,98	25,57	1,0	5,9	5,0
51,01	25,62	1,0	5,9	5,0
51,03	25,64	1,0	5,9	5,0
51,06	25,65	1,0	5,9	5,0
51,08	25,70	1,0	5,9	5,0
51,11	25,75	1,0	5,9	5,0
51,13	25,77	1,0	5,9	5,0
51,15	25,79	1,0	5,9	5,0
51,18	25,85	1,0	5,9	5,0
51,20	25,90	1,0	5,9	5,0
51,23	25,92	1,0	5,9	5,0
51,25	25,94	1,0	5,9	5,0
51,28	26,00	1,0	5,9	5,0
51,30	26,05	1,0	5,9	5,0
51,33	26,07	1,0	5,9	5,0
51,35	26,09	1,0	5,9	5,0
51,37	26,15	1,0	5,9	5,0
51,40	26,20	1,0	5,9	5,0
51,42	26,22	1,0	5,9	5,0
51,45	26,25	1,0	5,9	5,0
51,47	26,31	1,0	5,9	5,0
51,50	26,36	1,0	5,9	5,0
51,52	26,37	1,0	5,9	5,0
51,55	26,40	1,0	5,9	5,0
51,57	26,45	1,0	5,9	5,0
51,59	26,51	1,0	5,9	5,0
51,62	26,53	1,0	5,9	5,0
51,64	26,58	1,0	5,9	5,0
51,67	26,65	1,0	5,9	5,0
51,69	26,69	1,0	5,9	5,0
51,72	26,71	1,0	5,9	5,0
51,74	26,75	1,0	5,9	5,0
51,77	26,81	1,0	5,9	5,0
51,79	26,84	1,0	5,9	5,0
51,81	26,86	1,0	5,9	5,0
51,84	26,91	1,0	5,9	5,0
51,86	26,97	1,0	5,9	5,0
51,89	27,01	1,0	5,9	5,0
51,91	27,03	1,0	5,9	5,0
51,94	27,08	1,0	5,9	5,0
51,96	27,15	1,0	5,9	5,0
51,99	27,19	1,0	5,9	5,0
52,01	27,22	1,0	5,9	5,0
52,03	27,27	1,0	5,9	5,0
52,06	27,32	1,0	5,9	5,0
52,08	27,35	1,0	5,9	5,0
52,11	27,38	1,0	5,9	5,0
52,13	27,45	1,0	5,9	5,0
52,16	27,51	1,0	5,9	5,0
52,18	27,54	1,0	5,9	5,0
52,20	27,57	1,0	5,9	5,0
52,23	27,63	1,0	5,9	5,0
52,25	27,68	1,0	5,9	5,0
52,28	27,71	1,0	5,9	5,0
52,30	27,74	1,0	5,9	5,0
52,33	27,80	1,0	5,9	5,0
52,35	27,85	1,0	5,9	5,0
52,38	27,88	1,0	5,9	5,0
52,40	27,92	1,0	5,9	5,0
52,42	27,98	1,0	5,9	5,0
52,45	28,03	1,0	5,9	5,0
52,47	28,07	1,0	5,9	5,0
52,50	28,09	1,0	5,9	5,0
52,52	28,15	1,0	5,9	5,0
52,55	28,21	1,0	5,9	5,0
52,57	28,23	1,0	5,9	5,0
52,60	28,27	1,0	5,9	5,0
52,62	28,34	1,0	5,9	5,0
52,64	28,39	1,0	5,9	5,0
52,67	28,43	1,0	5,9	5,0
52,69	28,46	1,0	5,9	5,0
52,72	28,52	1,0	5,9	5,0
52,74	28,58	1,0	5,9	5,0
52,77	28,60	1,0	5,9	5,0
52,79	28,64	1,0	5,9	5,0
52,82	28,71	1,0	5,9	5,0
52,84	28,76	1,0	5,9	5,0
52,86	28,80	1,0	5,9	5,0
52,89	28,84	1,0	5,9	5,0
52,91	28,91	1,0	5,9	5,0
52,94	28,97	1,0	5,9	5,0
52,96	29,00	1,0	5,9	5,0
52,99	29,05	1,0	5,9	5,0
53,01	29,12	1,0	5,9	5,0
53,04	29,17	1,0	5,9	5,0
53,06	29,20	1,0	5,9	5,0
53,08	29,25	1,0	5,9	5,0
53,11	29,32	1,0	5,9	5,0
53,13	29,37	1,0	5,9	5,0
53,16	29,40	1,0	5,9	5,0
53,18	29,46	1,0	5,9	5,0
53,21	29,52	1,0	5,9	5,0
53,23	29,57	1,0	5,9	5,0
53,26	29,60	1,0	5,9	5,0
53,28	29,65	1,0	5,9	5,0
53,30	29,73	1,0	5,9	5,0
53,33	29,78	1,0	5,9	5,0
53,35	29,81	1,0	5,9	5,0
53,38	29,87	1,0	5,9	5,0
53,40	29,94	1,0	5,9	5,0
53,43	29,99	1,0	5,9	5,0
53,45	30,02	1,0	5,9	5,0
53,47	30,09	1,0	5,9	5,0
53,50	30,15	1,0	5,9	5,0
53,52	30,18	1,0	5,9	5,0
53,55	30,22	1,0	5,9	5,0
53,57	30,30	1,0	5,9	5,0
53,60	30,37	1,0	5,9	5,0
53,62	30,40	1,0	5,9	5,0
53,65	30,45	1,0	5,9	5,0
53,67	30,53	1,0	5,9	5,0
53,69	30,59	1,0	5,9	5,0
53,72	30,62	1,0	5,9	5,0
53,74	30,67	1,0	5,9	5,0
53,77	30,74	1,0	5,9	5,0
53,79	30,80	1,0	5,9	5,0
53,82	30,83	1,0	5,9	5,0
53,84	30,88	1,0	5,9	5,0
53,87	30,96	1,0	5,9	5,0
53,89	31,02	1,0	5,9	5,0
53,91	31,05	1,0	5,9	5,0
53,94	31,10	1,0	5,9	5,0
53,96	31,17	1,0	5,9	5,0
53,99	31,24	1,0	5,9	5,0
54,01	31,26	1,0	5,9	5,0
54,04	31,32	1,0	5,9	5,0
54,06	31,40	1,0	5,9	5,0
54,09	31,44	1,0	5,9	5,0
54,11	31,48	1,0	5,9	5,0
54,13	31,55	1,0	5,9	5,0
54,16	31,61	1,0	5,9	5,0
54,18	31,65	1,0	5,9	5,0
54,21	31,69	1,0	5,9	5,0
54,23	31,76	1,0	5,9	5,0
54,26	31,83	1,0	5,9	5,0
54,28	31,88	1,0	5,9	5,0
54,31	31,92	1,0	5,9	5,0
54,33	32,00	1,0	5,9	5,0
54,35	32,07	1,0	5,9	5,0
54,38	32,12	1,0	5,9	5,0
54,40	32,16	1,0	5,9	5,0
54,43	32,23	1,0	5,9	5,0
54,45	32,29	1,0	5,9	5,0
54,48	32,33	1,0	5,9	5,0
54,50	32,38	1,0	5,9	5,0
54,52	32,46	1,0	5,9	5,0
54,55	32,52	1,0	5,9	5,0
54,57	32,56	1,0	5,9	5,0
54,60	32,60	1,0	5,9	5,0
54,62	32,69	1,0	5,9	5,0
54,65	32,75	1,0	5,9	5,0
54,67	32,78	1,0	5,9	5,0
54,70	32,82	1,0	5,9	5,0
54,72	32,90	1,0	5,9	5,0
54,74	32,96	1,0	5,9	5,0
54,77	33,00	1,0	5,9	5,0
54,79	33,04	1,0	5,9	5,0
54,82	33,13	1,0	5,9	5,0
54,84	33,18	1,0	5,9	5,0
54,87	33,21	1,0	5,9	5,0
54,89	33,27	1,0	5,9	5,0
54,92	33,34	1,0	5,9	5,0
54,94	33,39	1,0	5,9	5,0
54,96	33,43	1,0	5,9	5,0
54,99	33,49	1,0	5,9	5,0
55,01	33,57	1,0	5,9	5,0
55,04	33,63	1,0	5,9	5,0
55,06	33,66	1,0	5,9	5,0
55,09	33,72	1,0	5,9	5,0
55,11	33,79	1,0	5,9	5,0
55,14	33,84	1,0	5,9	5,0
55,16	33,88	1,0	5,9	5,0
55,18	33,94	1,0	5,9	5,0
55,21	34,02	1,0	5,9	5,0
55,23	34,08	1,0	5,9	5,0
55,26	34,11	1,0	5,9	5,0
55,28	34,18	1,0	5,9	5,0
55,31	34,27	1,0	5,9	5,0
55,33	34,32	1,0	5,9	5,0
55,36	34,36	1,0	5,9	5,0
55,38	34,42	1,0	5,9	5,0
55,40	34,50	1,0	5,9	5,0
55,43	34,54	1,0	5,9	5,0
55,45	34,58	1,0	5,9	5,0
55,48	34,65	1,0	5,9	5,0
55,50	34,73	1,0	5,9	5,0
55,53	34,79	1,0	5,9	5,0
55,55	34,83	1,0	5,9	5,0
55,57	34,90	1,0	5,9	5,0
55,60	34,98	1,0	5,9	5,0
55,62	35,03	1,0	5,9	5,0
55,65	35,08	1,0	5,9	5,0
55,67	35,14	1,0	5,9	5,0
55,70	35,22	1,0	5,9	5,0
55,72	35,28	1,0	5,9	5,0
55,75	35,32	1,0	5,9	5,0
55,77	35,39	1,0	5,9	5,0
55,79	35,47	1,0	5,9	5,0
55,82	35,52	1,0	5,9	5,0
55,84	35,56	1,0	5,9	5,0
55,87	35,63	1,0	5,9	5,0
55,89	35,69	1,0	5,9	5,0
55,92	35,73	1,0	5,9	5,0
55,94	35,78	1,0	5,9	5,0
55,97	35,87	1,0	5,9	5,0
55,99	35,94	1,0	5,9	5,0
56,01	35,97	1,0	5,9	5,0
56,04	36,04	1,0	5,9	5,0
56,06	36,12	1,0	5,9	5,0
56,09	36,18	1,0	5,9	5,0
56,11	36,21	1,0	5,9	5,0
56,14	36,26	1,0	5,9	5,0
56,16	36,34	1,0	5,9	5,0
56,19	36,39	1,0	5,9	5,0
56,21	36,43	1,0	5,9	5,0
56,23	36,49	1,0	5,9	5,0
56,26	36,57	1,0	5,9	5,0
56,28	36,64	1,0	5,9	5,0
56,31	36,68	1,0	5,9	5,0
56,33	36,74	1,0	5,9	5,0
56,36	36,82	1,0	5,9	5,0
56,38	36,87	1,0	5,9	5,0
56,41	36,90	1,0	5,9	5,0
56,43	36,97	1,0	5,9	5,0
56,45	37,05	1,0	5,9	5,0
56,48	37,10	1,0	5,9	5,0
56,50	37,15	1,0	5,9	5,0
56,53	37,23	1,0	5,9	5,0
56,55	37,29	1,0	5,9	5,0
56,58	37,33	1,0	5,9	5,0
56,60	37,37	1,0	5,9	5,0
56,62	37,45	1,0	5,9	5,0
56,65	37,52	1,0	5,9	5,0
56,67	37,56	1,0	5,9	5,0
56,70	37,62	1,0	5,9	5,0
56,72	37,70	1,0	5,9	5,0
56,75	37,77	1,0	5,9	5,0
56,77	37,81	1,0	5,9	5,0
56,80	37,87	1,0	5,9	5,0
56,82	37,95	1,0	5,9	5,0
56,84	38,00	1,0	5,9	5,0
56,87	38,04	1,0	5,9	5,0
56,89	38,09	1,0	5,9	5,0
56,92	38,17	1,0	5,9	5,0
56,94	38,23	1,0	5,9	5,0
56,97	38,27	1,0	5,9	5,0
56,99	38,33	1,0	5,9	5,0
57,02	38,40	1,0	5,9	5,0
57,04	38,46	1,0	5,9	5,0
57,06	38,50	1,0	5,9	5,0
57,09	38,56	1,0	5,9	5,0
57,11	38,64	1,0	5,9	5,0
57,14	38,68	1,0	5,9	5,0
57,16	38,72	1,0	5,9	5,0
57,19	38,79	1,0	5,9	5,0
57,21	38,87	1,0	5,9	5,0
57,24	38,93	1,0	5,9	5,0
57,26	38,96	1,0	5,9	5,0
57,28	39,02	1,0	5,9	5,0
57,31	39,10	1,0	5,9	5,0
57,33	39,15	1,0	5,9	5,0
57,36	39,19	1,0	5,9	5,0
57,38	39,25	1,0	5,9	5,0
57,41	39,33	1,0	5,9	5,0
57,43	39,38	1,0	5,9	5,0
57,46	39,43	1,0	5,9	5,0
57,48	39,49	1,0	5,9	5,0
57,50	39,57	1,0	5,9	5,0
57,53	39,61	1,0	5,9	5,0
57,55	39,65	1,0	5,9	5,0
57,58	39,72	1,0	5,9	5,0
57,60	39,79	1,0	5,9	5,0
57,63	39,85	1,0	5,9	5,0
57,65	39,90	1,0	5,9	5,0
57,68	39,97	1,0	5,9	5,0
57,70	40,04	1,0	5,9	5,0
57,72	40,09	1,0	5,9	5,0
57,75	40,14	1,0	5,9	5,0
57,77	40,21	1,0	5,9	5,0
57,80	40,28	1,0	5,9	5,0
57,82	40,32	1,0	5,9	5,0
57,85	40,36	1,0	5,9	5,0
57,87	40,44	1,0	5,9	5,0
57,89	40,51	1,0	5,9	5,0
57,92	40,56	1,0	5,9	5,0
57,94	40,60	1,0	5,9	5,0
57,97	40,68	1,0	5,9	5,0
57,99	40,75	1,0	5,9	5,0
58,02	40,79	1,0	5,9	5,0
58,04	40,83	1,0	5,9	5,0
58,07	40,91	1,0	5,9	5,0
58,09	40,98	1,0	5,9	5,0
58,11	41,02	1,0	5,9	5,0
58,14	41,07	1,0	5,9	5,0
58,16	41,15	1,0	5,9	5,0
58,19	41,21	1,0	5,9	5,0
58,21	41,25	1,0	5,9	5,0
58,24	41,29	1,0	5,9	5,0
58,26	41,36	1,0	5,9	5,0
58,29	41,43	1,0	5,9	5,0
58,31	41,47	1,0	5,9	5,0
58,33	41,53	1,0	5,9	5,0
58,36	41,60	1,0	5,9	5,0
58,38	41,65	1,0	5,9	5,0
58,41	41,68	1,0	5,9	5,0
58,43	41,75	1,0	5,9	5,0
58,46	41,83	1,0	5,9	5,0
58,48	41,87	1,0	5,9	5,0
58,51	41,90	1,0	5,9	5,0
58,53	41,97	1,0	5,9	5,0
58,55	42,05	1,0	5,9	5,0
58,58	42,08	1,0	5,9	5,0
58,60	42,12	1,0	5,9	5,0
58,63	42,20	1,0	5,9	5,0
58,65	42,28	1,0	5,9	5,0
58,68	42,32	1,0	5,9	5,0
58,70	42,37	1,0	5,9	5,0
58,73	42,44	1,0	5,9	5,0
58,75	42,51	1,0	5,9	5,0
58,77	42,55	1,0	5,9	5,0
58,80	42,59	1,0	5,9	5,0
58,82	42,66	1,0	5,9	5,0
58,85	42,74	1,0	5,9	5,0
58,87	42,78	1,0	5,9	5,0
58,90	42,83	1,0	5,9	5,0
58,92	42,90	1,0	5,9	5,0
58,94	42,96	1,0	5,9	5,0
58,97	43,00	1,0	5,9	5,0
58,99	43,06	1,0	5,9	5,0
59,02	43,14	1,0	5,9	5,0
59,04	43,20	1,0	5,9	5,0
59,07	43,23	1,0	5,9	5,0
59,09	43,29	1,0	5,9	5,0
59,12	43,37	1,0	5,9	5,0
59,14	43,41	1,0	5,9	5,0
59,16	43,45	1,0	5,9	5,0
59,19	43,51	1,0	5,9	5,0
59,21	43,59	1,0	5,9	5,0
59,24	43,62	1,0	5,9	5,0
59,26	43,66	1,0	5,9	5,0
59,29	43,73	1,0	5,9	5,0
59,31	43,79	1,0	5,9	5,0
59,34	43,85	1,0	5,9	5,0
59,36	43,88	1,0	5,9	5,0
59,38	43,95	1,0	5,9	5,0
59,41	44,02	1,0	5,9	5,0
59,43	44,06	1,0	5,9	5,0
59,46	44,10	1,0	5,9	5,0
59,48	44,16	1,0	5,9	5,0
59,51	44,23	1,0	5,9	5,0
59,53	44,27	1,0	5,9	5,0
59,56	44,31	1,0	5,9	5,0
59,58	44,38	1,0	5,9	5,0
59,60	44,45	1,0	5,9	5,0
59,63	44,50	1,0	5,9	5,0
59,65	44,54	1,0	5,9	5,0
59,68	44,62	1,0	5,9	5,0
59,70	44,68	1,0	5,9	5,0
59,73	44,72	1,0	5,9	5,0
59,75	44,77	1,0	5,9	5,0
59,78	44,84	1,0	5,9	5,0
59,80	44,90	1,0	5,9	5,0
59,82	44,94	1,0	5,9	5,0
59,85	44,98	1,0	5,9	5,0
59,87	45,06	1,0	5,9	5,0
59,90	45,12	1,0	5,9	5,0
59,92	45,16	1,0	5,9	5,0
59,95	45,19	1,0	5,9	5,0
59,97	45,28	1,0	5,9	5,0
59,99	45,34	1,0	5,9	5,0
60,02	45,37	1,0	5,9	5,0
60,04	45,41	1,0	5,9	5,0
60,07	45,48	1,0	5,9	5,0
60,09	45,55	1,0	5,9	5,0
60,12	45,59	1,0	5,9	5,0
60,14	45,64	1,0	5,9	5,0
60,17	45,71	1,0	5,9	5,0
60,19	45,78	1,0	5,9	5,0
60,21	45,81	1,0	5,9	5,0
60,24	45,85	1,0	5,9	5,0
60,26	45,93	1,0	5,9	5,0
60,29	45,99	1,0	5,9	5,0
60,31	46,03	1,0	5,9	5,0
60,34	46,08	1,0	5,9	5,0
60,36	46,15	1,0	5,9	5,0
60,39	46,21	1,0	5,9	5,0
60,41	46,25	1,0	5,9	5,0
60,43	46,30	1,0	5,9	5,0
60,46	46,37	1,0	5,9	5,0
60,48	46,42	1,0	5,9	5,0
60,51	46,45	1,0	5,9	5,0
60,53	46,51	1,0	5,9	5,0
60,56	46,59	1,0	5,9	5,0
60,58	46,64	1,0	5,9	5,0
60,61	46,67	1,0	5,9	5,0
60,63	46,74	1,0	5,9	5,0
60,65	46,81	1,0	5,9	5,0
60,68	46,86	1,0	5,9	5,0
60,70	46,89	1,0	5,9	5,0
60,73	46,93	1,0	5,9	5,0
60,75	47,00	1,0	5,9	5,0
60,78	47,03	1,0	5,9	5,0
60,80	47,07	1,0	5,9	5,0
60,83	47,14	1,0	5,9	5,0
60,85	47,21	1,0	5,9	5,0
60,87	47,24	1,0	5,9	5,0
60,90	47,27	1,0	5,9	5,0
60,92	47,35	1,0	5,9	5,0
60,95	47,40	1,0	5,9	5,0
60,97	47,44	1,0	5,9	5,0
61,00	47,48	1,0	5,9	5,0
61,02	47,55	1,0	5,9	5,0
61,05	47,62	1,0	5,9	5,0
61,07	47,65	1,0	5,9	5,0
61,09	47,70	1,0	5,9	5,0
61,12	47,76	1,0	5,9	5,0
61,14	47,82	1,0	5,9	5,0
61,17	47,84	1,0	5,9	5,0
61,19	47,89	1,0	5,9	5,0
61,22	47,95	1,0	5,9	5,0
61,24	48,01	1,0	5,9	5,0
61,26	48,04	1,0	5,9	5,0
61,29	48,08	1,0	5,9	5,0
61,31	48,16	1,0	5,9	5,0
61,34	48,22	1,0	5,9	5,0
61,36	48,25	1,0	5,9	5,0
61,39	48,31	1,0	5,9	5,0
61,41	48,38	1,0	5,9	5,0
61,44	48,42	1,0	5,9	5,0
61,46	48,44	1,0	5,9	5,0
61,48	48,51	1,0	5,9	5,0
61,51	48,57	1,0	5,9	5,0
61,53	48,61	1,0	5,9	5,0
61,56	48,65	1,0	5,9	5,0
61,58	48,72	1,0	5,9	5,0
61,61	48,77	1,0	5,9	5,0
61,63	48,81	1,0	5,9	5,0
61,66	48,84	1,0	5,9	5,0
61,68	48,91	1,0	5,9	5,0
61,70	48,97	1,0	5,9	5,0
61,73	49,01	1,0	5,9	5,0
61,75	49,04	1,0	5,9	5,0
61,78	49,11	1,0	5,9	5,0
61,80	49,17	1,0	5,9	5,0
61,83	49,21	1,0	5,9	5,0
61,85	49,25	1,0	5,9	5,0
61,88	49,31	1,0	5,9	5,0
61,90	49,37	1,0	5,9	5,0
61,92	49,38	1,0	5,9	5,0
61,95	49,43	1,0	5,9	5,0
61,97	49,49	1,0	5,9	5,0
62,00	49,53	1,0	5,9	5,0
62,02	49,56	1,0	5,9	5,0
62,05	49,60	1,0	5,9	5,0
62,07	49,65	1,0	5,9	5,0
62,10	49,68	1,0	5,9	5,0
62,12	49,70	1,0	5,9	5,0
62,14	49,73	1,0	5,9	5,0
62,17	49,77	1,0	5,9	5,0
62,19	49,79	1,0	5,9	5,0
62,22	49,81	1,0	5,9	5,0
62,24	49,84	1,0	5,9	5,0
62,27	49,87	1,0	5,9	5,0
62,29	49,88	1,0	5,9	5,0
62,31	49,89	1,0	5,9	5,0
62,34	49,91	1,0	5,9	5,0
62,36	49,93	1,0	5,9	5,0
62,39	49,94	1,0	5,9	5,0
62,41	49,94	1,0	5,9	5,0
62,44	49,96	1,0	5,9	5,0
62,46	49,97	1,0	5,9	5,0
62,49	49,97	1,0	5,9	5,0
62,51	49,97	1,0	5,9	5,0
62,53	49,99	1,0	5,9	5,0
62,56	49,99	1,0	5,9	5,0
62,58	49,99	1,0	5,9	5,0
62,61	49,99	1,0	5,9	5,0
62,63	49,99	1,0	5,9	5,0
62,66	49,99	1,0	5,9	5,0
62,68	49,99	1,0	5,9	5,0
62,71	49,99	1,0	5,9	5,0
62,73	49,99	1,0	5,9	5,0
62,75	49,99	1,0	5,9	5,0
62,78	49,99	1,0	5,9	5,0
62,80	49,99	1,0	5,9	5,0
62,83	49,99	1,0	5,9	5,0
62,85	49,99	1,0	5,9	5,0
62,88	49,99	1,0	5,9	5,0
62,90	49,99	1,0	5,9	5,0
62,93	49,99	1,0	5,9	5,0
62,95	49,99	1,0	5,9	5,0
62,97	49,99	1,0	5,9	5,0
63,00	49,99	1,0	5,9	5,0
63,02	49,99	1,0	5,9	5,0
63,05	49,99	1,0	5,9	5,0
63,07	49,99	1,0	5,9	5,0
63,10	49,99	1,0	5,9	5,0
63,12	49,99	1,0	5,9	5,0
63,15	49,99	1,0	5,9	5,0
63,17	49,99	1,0	5,9	5,0
63,19	49,99	1,0	5,9	5,0
63,22	49,99	1,0	5,9	5,0
63,24	49,99	1,0	5,9	5,0
63,27	49,99	1,0	5,9	5,0
63,29	49,99	1,0	5,9	5,0
63,32	49,99	1,0	5,9	5,0
63,34	49,99	1,0	5,9	5,0
63,36	49,99	1,0	5,9	5,0
63,39	49,99	1,0	5,9	5,0
63,41	49,99	1,0	5,9	5,0
63,44	49,99	1,0	5,9	5,0
63,46	49,99	1,0	5,9	5,0
63,49	49,99	1,0	5,9	5,0
63,51	49,99	1,0	5,9	5,0
63,54	49,99	1,0	5,9	5,0
63,56	49,99	1,0	5,9	5,0
63,58	49,99	1,0	5,9	5,0
63,61	49,99	1,0	5,9	5,0
63,63	49,99	1,0	5,9	5,0
63,66	49,99	1,0	5,9	5,0
63,68	49,99	1,0	5,9	5,0
63,71	49,99	1,0	5,9	5,0
63,73	49,99	1,0	5,9	5,0
63,76	49,99	1,0	5,9	5,0
63,78	49,99	1,0	5,9	5,0
63,80	49,99	1,0	5,9	5,0
63,83	49,99	1,0	5,9	5,0
63,85	49,99	1,0	5,9	5,0
63,88	49,99	1,0	5,9	5,0
63,90	49,99	1,0	5,9	5,0
63,93	49,99	1,0	5,9	5,0
63,95	49,99	1,0	5,9	5,0
63,98	49,99	1,0	5,9	5,0
64,00	49,99	1,0	5,9	5,0
64,02	49,99	1,0	5,9	5,0
64,05	49,99	1,0	5,9	5,0
64,07	49,99	1,0	5,9	5,0
64,10	49,99	1,0	5,9	5,0
64,12	49,99	1,0	5,9	5,0
64,15	49,99	1,0	5,9	5,0
64,17	49,99	1,0	5,9	5,0
64,20	49,99	1,0	5,9	5,0
64,22	49,99	1,0	5,9	5,0
64,24	49,99	1,0	5,9	5,0
64,27	49,99	1,0	5,9	5,0
64,29	49,99	1,0	5,9	5,0
64,32	49,99	1,0	5,9	5,0
64,34	49,99	1,0	5,9	5,0
64,37	49,99	1,0	5,9	5,0
64,39	49,99	1,0	5,9	5,0
64,41	49,99	1,0	5,9	5,0
64,44	49,99	1,0	5,9	5,0
64,46	49,99	1,0	5,9	5,0
64,49	49,99	1,0	5,9	5,0
64,51	49,99	1,0	5,9	5,0
64,54	49,99	1,0	5,9	5,0
64,56	49,99	1,0	5,9	5,0
64,59	49,99	1,0	5,9	5,0
64,61	49,99	1,0	5,9	5,0
64,63	49,99	1,0	5,9	5,0
64,66	49,99	1,0	5,9	5,0
64,68	49,99	1,0	5,9	5,0
64,71	49,99	1,0	5,9	5,0
64,73	49,99	1,0	5,9	5,0
64,76	49,99	1,0	5,9	5,0
64,78	49,99	1,0	5,9	5,0
64,81	49,99	1,0	5,9	5,0
64,83	49,99	1,0	5,9	5,0
64,85	49,99	1,0	5,9	5,0
64,88	49,99	1,0	5,9	5,0
64,90	49,99	1,0	5,9	5,0
64,93	49,99	1,0	5,9	5,0
64,95	49,99	1,0	5,9	5,0
64,98	49,99	1,0	5,9	5,0
65,00	49,99	1,0	5,9	5,0
65,03	49,99	1,0	5,9	5,0
65,05	49,99	1,0	5,9	5,0
65,07	49,99	1,0	5,9	5,0
65,10	49,99	1,0	5,9	5,0
65,12	49,99	1,0	5,9	5,0
65,15	49,99	1,0	5,9	5,0
65,17	49,99	1,0	5,9	5,0
65,20	49,99	1,0	5,9	5,0
65,22	49,99	1,0	5,9	5,0
65,25	49,99	1,0	5,9	5,0
65,27	49,99	1,0	5,9	5,0
65,29	49,99	1,0	5,9	5,0
65,32	49,99	1,0	5,9	5,0
65,34	49,99	1,0	5,9	5,0
65,37	49,99	1,0	5,9	5,0
65,39	49,99	1,0	5,9	5,0
65,42	49,99	1,0	5,9	5,0
65,44	49,99	1,0	5,9	5,0
65,47	49,99	1,0	5,9	5,0
65,49	49,99	1,0	5,9	5,0
65,51	49,99	1,0	5,9	5,0
65,54	49,99	1,0	5,9	5,0
65,56	49,99	1,0	5,9	5,0
65,59	49,99	1,0	5,9	5,0
65,61	49,99	1,0	5,9	5,0
65,64	49,99	1,0	5,9	5,0
65,66	49,99	1,0	5,9	5,0
65,68	49,99	1,0	5,9	5,0
65,71	49,99	1,0	5,9	5,0
65,73	49,99	1,0	5,9	5,0
65,76	49,99	1,0	5,9	5,0
65,78	49,99	1,0	5,9	5,0
65,81	49,99	1,0	5,9	5,0
65,83	49,99	1,0	5,9	5,0
65,86	49,99	1,0	5,9	5,0
65,88	49,99	1,0	5,9	5,0
65,90	49,99	1,0	5,9	5,0
65,93	49,99	1,0	5,9	5,0
65,95	49,99	1,0	5,9	5,0
65,98	49,99	1,0	5,9	5,0
66,00	49,99	1,0	5,9	5,0
66,03	49,99	1,0	5,9	5,0
66,05	49,99	1,0	5,9	5,0
66,08	49,99	1,0	5,9	5,0
66,10	49,99	1,0	5,9	5,0
66,12	49,99	1,0	5,9	5,0
66,15	49,99	1,0	5,9	5,0
66,17	49,99	1,0	5,9	5,0
66,20	49,99	1,0	5,9	5,0
66,22	49,99	1,0	5,9	5,0
66,25	49,99	1,0	5,9	5,0
66,27	49,99	1,0	5,9	5,0
66,30	49,99	1,0	5,9	5,0
66,32	49,99	1,0	5,9	5,0
66,34	49,99	1,0	5,9	5,0
66,37	49,99	1,0	5,9	5,0
66,39	49,99	1,0	5,9	5,0
66,42	49,99	1,0	5,9	5,0
66,44	49,99	1,0	5,9	5,0
66,47	49,99	1,0	5,9	5,0
66,49	49,99	1,0	5,9	5,0
66,52	49,99	1,0	5,9	5,0
66,54	49,99	1,0	5,9	5,0
66,56	49,99	1,0	5,9	5,0
66,59	49,99	1,0	5,9	5,0
66,61	49,99	1,0	5,9	5,0
66,64	49,99	1,0	5,9	5,0
66,66	49,99	1,0	5,9	5,0
66,69	49,99	1,0	5,9	5,0
66,71	49,99	1,0	5,9	5,0
66,73	49,99	1,0	5,9	5,0
66,76	49,99	1,0	5,9	5,0
66,78	49,99	1,0	5,9	5,0
66,81	49,99	1,0	5,9	5,0
66,83	49,99	1,0	5,9	5,0
66,86	49,99	1,0	5,9	5,0
66,88	49,99	1,0	5,9	5,0
66,91	49,99	1,0	5,9	5,0
66,93	49,99	1,0	5,9	5,0
66,95	49,99	1,0	5,9	5,0
66,98	49,99	1,0	5,9	5,0
67,00	49,99	1,0	5,9	5,0
67,03	49,99	1,0	5,9	5,0
67,05	49,99	1,0	5,9	5,0
67,08	49,99	1,0	5,9	5,0
67,10	49,99	1,0	5,9	5,0
67,13	49,99	1,0	5,9	5,0
67,15	49,99	1,0	5,9	5,0
67,17	49,99	1,0	5,9	5,0
67,20	49,99	1,0	5,9	5,0
67,22	49,99	1,0	5,9	5,0
67,25	49,99	1,0	5,9	5,0
67,27	49,99	1,0	5,9	5,0
67,30	49,99	1,0	5,9	5,0
67,32	49,99	1,0	5,9	5,0
67,35	49,99	1,0	5,9	5,0
67,37	49,99	1,0	5,9	5,0
67,39	49,99	1,0	5,9	5,0
67,42	49,99	1,0	5,9	5,0
67,44	49,99	1,0	5,9	5,0
67,47	49,99	1,0	5,9	5,0
67,49	49,99	1,0	5,9	5,0
67,52	49,99	1,0	5,9	5,0
67,54	49,99	1,0	5,9	5,0
67,57	49,99	1,0	5,9	5,0
67,59	49,99	1,0	5,9	5,0
67,61	49,99	1,0	5,9	5,0
67,64	49,99	1,0	5,9	5,0
67,66	49,99	1,0	5,9	5,0
67,69	49,99	1,0	5,9	5,0
67,71	49,99	1,0	5,9	5,0
67,74	49,99	1,0	5,9	5,0
67,76	49,99	1,0	5,9	5,0
67,78	49,99	1,0	5,9	5,0
67,81	49,99	1,0	5,9	5,0
67,83	49,99	1,0	5,9	5,0
67,86	49,99	1,0	5,9	5,0
67,88	49,99	1,0	5,9	5,0
67,91	49,99	1,0	5,9	5,0
67,93	49,99	1,0	5,9	5,0
67,96	49,99	1,0	5,9	5,0
67,98	49,99	1,0	5,9	5,0
68,00	49,99	1,0	5,9	5,0
68,03	49,99	1,0	5,9	5,0
68,05	49,99	1,0	5,9	5,0
68,08	49,99	1,0	5,9	5,0
68,10	49,99	1,0	5,9	5,0
68,13	49,99	1,0	5,9	5,0
68,15	49,99	1,0	5,9	5,0
68,18	49,99	1,0	5,9	5,0
68,20	49,99	1,0	5,9	5,0
68,22	49,99	1,0	5,9	5,0
68,25	49,99	1,0	5,9	5,0
68,27	49,99	1,0	5,9	5,0
68,30	49,99	1,0	5,9	5,0
68,32	49,99	1,0	5,9	5,0
68,35	49,99	1,0	5,9	5,0
68,37	49,99	1,0	5,9	5,0
68,40	49,99	1,0	5,9	5,0
68,42	49,99	1,0	5,9	5,0
68,44	49,99	1,0	5,9	5,0
68,47	49,99	1,0	5,9	5,0
68,49	49,99	1,0	5,9	5,0
68,52	49,99	1,0	5,9	5,0
68,54	49,99	1,0	5,9	5,0
68,57	49,99	1,0	5,9	5,0
68,59	49,99	1,0	5,9	5,0
68,62	49,99	1,0	5,9	5,0
68,64	49,99	1,0	5,9	5,0
68,66	49,99	1,0	5,9	5,0
68,69	49,99	1,0	5,9	5,0
68,71	49,99	1,0	5,9	5,0
68,74	49,99	1,0	5,9	5,0
68,76	49,99	1,0	5,9	5,0
68,79	49,99	1,0	5,9	5,0
68,81	49,99	1,0	5,9	5,0
68,83	49,99	1,0	5,9	5,0
68,86	49,99	1,0	5,9	5,0
68,88	49,99	1,0	5,9	5,0
68,91	49,99	1,0	5,9	5,0
68,93	49,99	1,0	5,9	5,0
68,96	49,99	1,0	5,9	5,0
68,98	49,99	1,0	5,9	5,0
69,01	49,99	1,0	5,9	5,0
69,03	49,99	1,0	5,9	5,0
69,05	49,99	1,0	5,9	5,0
69,08	49,99	1,0	5,9	5,0
69,10	49,99	1,0	5,9	5,0
69,13	49,99	1,0	5,9	5,0
69,15	49,99	1,0	5,9	5,0
69,18	49,99	1,0	5,9	5,0
69,20	49,99	1,0	5,9	5,0
69,23	49,99	1,0	5,9	5,0
69,25	49,99	1,0	5,9	5,0
69,27	49,99	1,0	5,9	5,0
69,30	49,99	1,0	5,9	5,0
69,32	49,99	1,0	5,9	5,0
69,35	49,99	1,0	5,9	5,0
69,37	49,99	1,0	5,9	5,0
69,40	49,99	1,0	5,9	5,0
69,42	49,99	1,0	5,9	5,0
69,45	49,99	1,0	5,9	5,0
69,47	49,99	1,0	5,9	5,0
69,49	49,99	1,0	5,9	5,0
69,52	49,99	1,0	5,9	5,0
69,54	49,99	1,0	5,9	5,0
69,57	49,99	1,0	5,9	5,0
69,59	49,99	1,0	5,9	5,0
69,62	49,99	1,0	5,9	5,0
69,64	49,99	1,0	5,9	5,0
69,67	49,99	1,0	5,9	5,0
69,69	49,99	1,0	5,9	5,0
69,71	49,99	1,0	5,9	5,0
69,74	49,99	1,0	5,9	5,0
69,76	49,99	1,0	5,9	5,0
69,79	49,99	1,0	5,9	5,0
69,81	49,99	1,0	5,9	5,0
69,84	49,99	1,0	5,9	5,0
69,86	49,99	1,0	5,9	5,0
69,89	49,99	1,0	5,9	5,0
69,91	49,99	1,0	5,9	5,0
69,93	49,99	1,0	5,9	5,0
69,96	49,99	1,0	5,9	5,0
69,98	49,99	1,0	5,9	5,0
70,01	49,99	1,0	5,9	5,0
70,03	49,99	1,0	5,9	5,0
70,06	49,99	1,0	5,9	5,0
70,08	49,99	1,0	5,9	5,0
70,10	49,99	1,0	5,9	5,0
70,13	49,99	1,0	5,9	5,0
70,15	49,99	1,0	5,9	5,0
70,18	49,99	1,0	5,9	5,0
70,20	49,99	1,0	5,9	5,0
70,23	49,99	1,0	5,9	5,0
70,25	49,99	1,0	5,9	5,0
70,28	49,99	1,0	5,9	5,0
70,30	49,99	1,0	5,9	5,0
70,32	49,99	1,0	5,9	5,0
70,35	49,99	1,0	5,9	5,0
70,37	49,99	1,0	5,9	5,0
70,40	49,99	1,0	5,9	5,0
70,42	49,99	1,0	5,9	5,0
70,45	49,99	1,0	5,9	5,0
70,47	49,99	1,0	5,9	5,0
70,50	49,99	1,0	5,9	5,0
70,52	49,99	1,0	5,9	5,0
70,54	49,99	1,0	5,9	5,0
70,57	49,99	1,0	5,9	5,0
70,59	49,99	1,0	5,9	5,0
70,62	49,99	1,0	5,9	5,0
70,64	49,99	1,0	5,9	5,0
70,67	49,99	1,0	5,9	5,0
70,69	49,99	1,0	5,9	5,0
70,72	49,99	1,0	5,9	5,0
70,74	49,99	1,0	5,9	5,0
70,76	49,99	1,0	5,9	5,0
70,79	49,99	1,0	5,9	5,0
70,81	49,99	1,0	5,9	5,0
70,84	49,99	1,0	5,9	5,0
70,86	49,99	1,0	5,9	5,0
70,89	49,99	1,0	5,9	5,0
70,91	49,99	1,0	5,9	5,0
70,94	49,99	1,0	5,9	5,0
70,96	49,99	1,0	5,9	5,0
70,98	49,99	1,0	5,9	5,0
71,01	49,99	1,0	5,9	5,0
71,03	49,99	1,0	5,9	5,0
71,06	49,99	1,0	5,9	5,0
71,08	49,99	1,0	5,9	5,0
71,11	49,99	1,0	5,9	5,0
71,13	49,99	1,0	5,9	5,0
71,15	49,99	1,0	5,9	5,0
71,18	49,99	1,0	5,9	5,0
71,20	49,99	1,0	5,9	5,0
71,23	49,99	1,0	5,9	5,0
71,25	49,99	1,0	5,9	5,0
71,28	49,99	1,0	5,9	5,0
71,30	49,99	1,0	5,9	5,0
71,33	49,99	1,0	5,9	5,0
71,35	49,99	1,0	5,9	5,0
71,37	49,99	1,0	5,9	5,0
71,40	49,99	1,0	5,9	5,0
71,42	49,99	1,0	5,9	5,0
71,45	49,99	1,0	5,9	5,0
71,47	49,99	1,0	5,9	5,0
71,50	49,99	1,0	5,9	5,0
71,52	49,99	1,0	5,9	5,0
71,55	49,99	1,0	5,9	5,0
71,57	49,99	1,0	5,9	5,0
71,59	49,99	1,0	5,9	5,0
71,62	49,99	1,0	5,9	5,0
71,64	49,99	1,0	5,9	5,0
71,67	49,99	1,0	5,9	5,0
71,69	49,99	1,0	5,9	5,0
71,72	49,99	1,0	5,9	5,0
71,74	49,99	1,0	5,9	5,0
71,77	49,99	1,0	5,9	5,0
71,79	49,99	1,0	5,9	5,0
71,81	49,99	1,0	5,9	5,0
71,84	49,99	1,0	5,9	5,0
71,86	49,99	1,0	5,9	5,0
71,89	49,99	1,0	5,9	5,0
71,91	49,99	1,0	5,9	5,0
71,94	49,99	1,0	5,9	5,0
71,96	49,99	1,0	5,9	5,0
71,99	49,99	1,0	5,9	5,0
72,01	49,99	1,0	5,9	5,0
72,03	49,99	1,0	5,9	5,0
72,06	49,99	1,0	5,9	5,0
72,08	49,99	1,0	5,9	5,0
72,11	49,99	1,0	5,9	5,0
72,13	49,99	1,0	5,9	5,0
72,16	49,99	1,0	5,9	5,0
72,18	49,99	1,0	5,9	5,0
72,20	49,99	1,0	5,9	5,0
72,23	49,99	1,0	5,9	5,0
72,25	49,99	1,0	5,9	5,0
72,28	49,99	1,0	5,9	5,0
72,30	49,99	1,0	5,9	5,0
72,33	49,99	1,0	5,9	5,0
72,35	49,99	1,0	5,9	5,0
72,38	49,99	1,0	5,9	5,0
72,40	49,99	1,0	5,9	5,0
72,42	49,99	1,0	5,9	5,0
72,45	49,99	1,0	5,9	5,0
72,47	49,99	1,0	5,9	5,0
72,50	49,99	1,0	5,9	5,0
72,52	49,99	1,0	5,9	5,0
72,55	49,99	1,0	5,9	5,0
72,57	49,99	1,0	5,9	5,0
72,60	49,99	1,0	5,9	5,0
72,62	49,99	1,0	5,9	5,0
72,64	49,99	1,0	5,9	5,0
72,67	49,99	1,0	5,9	5,0
72,69	49,99	1,0	5,9	5,0
72,72	49,99	1,0	5,9	5,0
72,74	49,99	1,0	5,9	5,0
72,77	49,99	1,0	5,9	5,0
72,79	49,99	1,0	5,9	5,0
72,82	49,99	1,0	5,9	5,0
72,84	49,99	1,0	5,9	5,0
72,86	49,99	1,0	5,9	5,0
72,89	49,99	1,0	5,9	5,0
72,91	49,99	1,0	5,9	5,0
72,94	49,99	1,0	5,9	5,0
72,96	49,99	1,0	5,9	5,0
72,99	49,99	1,0	5,9	5,0
73,01	49,99	1,0	5,9	5,0
73,04	49,99	1,0	5,9	5,0
73,06	49,99	1,0	5,9	5,0
73,08	49,99	1,0	5,9	5,0
73,11	49,99	1,0	5,9	5,0
73,13	49,99	1,0	5,9	5,0
73,16	49,99	1,0	5,9	5,0
73,18	49,99	1,0	5,9	5,0
73,21	49,99	1,0	5,9	5,0
73,23	49,99	1,0	5,9	5,0
73,25	49,99	1,0	5,9	5,0
73,28	49,99	1,0	5,9	5,0
73,30	49,99	1,0	5,9	5,0
73,33	49,99	1,0	5,9	5,0
73,35	49,99	1,0	5,9	5,0
73,38	49,99	1,0	5,9	5,0
73,40	49,99	1,0	5,9	5,0
73,43	49,99	1,0	5,9	5,0
73,45	49,99	1,0	5,9	5,0
73,47	49,99	1,0	5,9	5,0
73,50	49,99	1,0	5,9	5,0
73,52	49,99	1,0	5,9	5,0
73,55	49,99	1,0	5,9	5,0
73,57	49,99	1,0	5,9	5,0
73,60	49,99	1,0	5,9	5,0
73,62	49,99	1,0	5,9	5,0
73,65	49,99	1,0	5,9	5,0
73,67	49,99	1,0	5,9	5,0
73,69	49,99	1,0	5,9	5,0
73,72	49,99	1,0	5,9	5,0
73,74	49,99	1,0	5,9	5,0
73,77	49,99	1,0	5,9	5,0
73,79	49,99	1,0	5,9	5,0
73,82	49,99	1,0	5,9	5,0
73,84	49,99	1,0	5,9	5,0
73,87	49,99	1,0	5,9	5,0
73,89	49,99	1,0	5,9	5,0
73,91	49,99	1,0	5,9	5,0
73,94	49,99	1,0	5,9	5,0
73,96	49,99	1,0	5,9	5,0
73,99	49,99	1,0	5,9	5,0
74,01	49,99	1,0	5,9	5,0
74,04	49,99	1,0	5,9	5,0
74,06	49,99	1,0	5,9	5,0
74,09	49,99	1,0	5,9	5,0
74,11	49,99	1,0	5,9	5,0
74,13	49,99	1,0	5,9	5,0
74,16	49,99	1,0	5,9	5,0
74,18	49,99	1,0	5,9	5,0
74,21	49,99	1,0	5,9	5,0
74,23	49,99	1,0	5,9	5,0
74,26	49,99	1,0	5,9	5,0
74,28	49,99	1,0	5,9	5,0
74,31	49,99	1,0	5,9	5,0
74,33	49,99	1,0	5,9	5,0
74,35	49,99	1,0	5,9	5,0
74,38	49,99	1,0	5,9	5,0
74,40	49,99	1,0	5,9	5,0
74,43	49,99	1,0	5,9	5,0
74,45	49,99	1,0	5,9	5,0
74,48	49,99	1,0	5,9	5,0
74,50	49,99	1,0	5,9	5,0
74,52	49,99	1,0	5,9	5,0
74,55	49,99	1,0	5,9	5,0
74,57	49,99	1,0	5,9	5,0
74,60	49,99	1,0	5,9	5,0
74,62	49,99	1,0	5,9	5,0
74,65	49,99	1,0	5,9	5,0
74,67	49,99	1,0	5,9	5,0
74,70	49,99	1,0	5,9	5,0
74,72	49,99	1,0	5,9	5,0
74,74	49,99	1,0	5,9	5,0
74,77	49,99	1,0	5,9	5,0
74,79	49,99	1,0	5,9	5,0
74,82	49,99	1,0	5,9	5,0
74,84	49,99	1,0	5,9	5,0
74,87	49,99	1,0	5,9	5,0
74,89	49,99	1,0	5,9	5,0
74,92	49,99	1,0	5,9	5,0
74,94	49,99	1,0	5,9	5,0
74,96	49,99	1,0	5,9	5,0
74,99	49,99	1,0	5,9	5,0
75,01	49,99	1,0	5,9	5,0
75,04	49,99	1,0	5,9	5,0
75,06	49,99	1,0	5,9	5,0
75,09	49,99	1,0	5,9	5,0
75,11	49,99	1,0	5,9	5,0
75,14	49,99	1,0	5,9	5,0
75,16	49,99	1,0	5,9	5,0
75,18	49,99	1,0	5,9	5,0
75,21	49,99	1,0	5,9	5,0
75,23	49,99	1,0	5,9	5,0
75,26	49,99	1,0	5,9	5,0
75,28	49,99	1,0	5,9	5,0
75,31	49,99	1,0	5,9	5,0
75,33	49,99	1,0	5,9	5,0
75,36	49,99	1,0	5,9	5,0
75,38	49,99	1,0	5,9	5,0
75,40	49,99	1,0	5,9	5,0
75,43	49,99	1,0	5,9	5,0
75,45	49,99	1,0	5,9	5,0
75,48	49,99	1,0	5,9	5,0
75,50	49,99	1,0	5,9	5,0
75,53	49,99	1,0	5,9	5,0
75,55	49,99	1,0	5,9	5,0
75,57	49,99	1,0	5,9	5,0
75,60	49,99	1,0	5,9	5,0
75,62	49,99	1,0	5,9	5,0
75,65	49,99	1,0	5,9	5,0
75,67	49,99	1,0	5,9	5,0
75,70	49,99	1,0	5,9	5,0
75,72	49,99	1,0	5,9	5,0
75,75	49,99	1,0	5,9	5,0
75,77	49,99	1,0	5,9	5,0
75,79	49,99	1,0	5,9	5,0
75,82	49,99	1,0	5,9	5,0
75,84	49,99	1,0	5,9	5,0
75,87	49,99	1,0	5,9	5,0
75,89	49,99	1,0	5,9	5,0
75,92	49,99	1,0	5,9	5,0
75,94	49,99	1,0	5,9	5,0
75,97	49,99	1,0	5,9	5,0
75,99	49,99	1,0	5,9	5,0
76,01	49,99	1,0	5,9	5,0
76,04	49,99	1,0	5,9	5,0
76,06	49,99	1,0	5,9	5,0
76,09	49,99	1,0	5,9	5,0
76,11	49,99	1,0	5,9	5,0
76,14	49,99	1,0	5,9	5,0
76,16	49,99	1,0	5,9	5,0
76,19	49,99	1,0	5,9	5,0
76,21	49,99	1,0	5,9	5,0
76,23	49,99	1,0	5,9	5,0
76,26	49,99	1,0	5,9	5,0
76,28	49,99	1,0	5,9	5,0
76,31	49,99	1,0	5,9	5,0
76,33	49,99	1,0	5,9	5,0
76,36	49,99	1,0	5,9	5,0
76,38	49,99	1,0	5,9	5,0
76,41	49,99	1,0	5,9	5,0
76,43	49,99	1,0	5,9	5,0
76,45	49,99	1,0	5,9	5,0
76,48	49,99	1,0	5,9	5,0
76,50	49,99	1,0	5,9	5,0
76,53	49,99	1,0	5,9	5,0
76,55	49,99	1,0	5,9	5,0
76,58	49,99	1,0	5,9	5,0
76,60	49,99	1,0	5,9	5,0
76,62	49,99	1,0	5,9	5,0
76,65	49,99	1,0	5,9	5,0
76,67	49,99	1,0	5,9	5,0
76,70	49,99	1,0	5,9	5,0
76,72	49,99	1,0	5,9	5,0
76,75	49,99	1,0	5,9	5,0
76,77	49,99	1,0	5,9	5,0
76,80	49,99	1,0	5,9	5,0
76,82	49,99	1,0	5,9	5,0
76,84	49,99	1,0	5,9	5,0
76,87	49,99	1,0	5,9	5,0
76,89	49,99	1,0	5,9	5,0
76,92	49,99	1,0	5,9	5,0
76,94	49,99	1,0	5,9	5,0
76,97	49,99	1,0	5,9	5,0
76,99	49,99	1,0	5,9	5,0
77,02	49,99	1,0	5,9	5,0
77,04	49,99	1,0	5,9	5,0
77,06	49,99	1,0	5,9	5,0
77,09	49,99	1,0	5,9	5,0
77,11	49,99	1,0	5,9	5,0
77,14	49,99	1,0	5,9	5,0
77,16	49,99	1,0	5,9	5,0
77,19	49,99	1,0	5,9	5,0
77,21	49,99	1,0	5,9	5,0
77,24	49,99	1,0	5,9	5,0
77,26	49,99	1,0	5,9	5,0
77,28	49,99	1,0	5,9	5,0
77,31	49,99	1,0	5,9	5,0
77,33	49,99	1,0	5,9	5,0
77,36	49,99	1,0	5,9	5,0
77,38	49,99	1,0	5,9	5,0
77,41	49,99	1,0	5,9	5,0
77,43	49,99	1,0	5,9	5,0
77,46	49,99	1,0	5,9	5,0
77,48	49,99	1,0	5,9	5,0
77,50	49,99	1,0	5,9	5,0
77,53	49,99	1,0	5,9	5,0
77,55	49,99	1,0	5,9	5,0
77,58	49,99	1,0	5,9	5,0
77,60	49,99	1,0	5,9	5,0
77,63	49,99	1,0	5,9	5,0
77,65	49,99	1,0	5,9	5,0
77,68	49,99	1,0	5,9	5,0
77,70	49,99	1,0	5,9	5,0
77,72	49,99	1,0	5,9	5,0
77,75	49,99	1,0	5,9	5,0
77,77	49,99	1,0	5,9	5,0
77,80	49,99	1,0	5,9	5,0
77,82	49,99	1,0	5,9	5,0
77,85	49,99	1,0	5,9	5,0
77,87	49,99	1,0	5,9	5,0
77,89	49,99	1,0	5,9	5,0
77,92	49,99	1,0	5,9	5,0
77,94	49,99	1,0	5,9	5,0
77,97	49,99	1,0	5,9	5,0
77,99	49,99	1,0	5,9	5,0
78,02	49,99	1,0	5,9	5,0
78,04	49,99	1,0	5,9	5,0
78,07	49,99	1,0	5,9	5,0
78,09	49,99	1,0	5,9	5,0
78,11	49,99	1,0	5,9	5,0
78,14	49,99	1,0	5,9	5,0
78,16	49,99	1,0	5,9	5,0
78,19	49,99	1,0	5,9	5,0
78,21	49,99	1,0	5,9	5,0
78,24	49,99	1,0	5,9	5,0
78,26	49,99	1,0	5,9	5,0
78,29	49,99	1,0	5,9	5,0
78,31	49,99	1,0	5,9	5,0
78,33	49,99	1,0	5,9	5,0
78,36	49,99	1,0	5,9	5,0
78,38	49,99	1,0	5,9	5,0
78,41	49,99	1,0	5,9	5,0
78,43	49,99	1,0	5,9	5,0
78,46	49,99	1,0	5,9	5,0
78,48	49,99	1,0	5,9	5,0
78,51	49,99	1,0	5,9	5,0
78,53	49,99	1,0	5,9	5,0
78,55	49,99	1,0	5,9	5,0
78,58	49,99	1,0	5,9	5,0
78,60	49,99	1,0	5,9	5,0
78,63	49,99	1,0	5,9	5,0
78,65	49,99	1,0	5,9	5,0
78,68	49,99	1,0	5,9	5,0
78,70	49,99	1,0	5,9	5,0
78,73	49,99	1,0	5,9	5,0
78,75	49,99	1,0	5,9	5,0
78,77	49,99	1,0	5,9	5,0
78,80	49,99	1,0	5,9	5,0
78,82	49,99	1,0	5,9	5,0
78,85	49,99	1,0	5,9	5,0
78,87	49,99	1,0	5,9	5,0
78,90	49,99	1,0	5,9	5,0
78,92	49,99	1,0	5,9	5,0
78,94	49,99	1,0	5,9	5,0
78,97	49,99	1,0	5,9	5,0
78,99	49,99	1,0	5,9	5,0
79,02	49,99	1,0	5,9	5,0
79,04	49,99	1,0	5,9	5,0
79,07	49,99	1,0	5,9	5,0
79,09	49,99	1,0	5,9	5,0
79,12	49,99	1,0	5,9	5,0
79,14	49,99	1,0	5,9	5,0
79,16	49,99	1,0	5,9	5,0
79,19	49,99	1,0	5,9	5,0
79,21	49,99	1,0	5,9	5,0
79,24	49,99	1,0	5,9	5,0
79,26	49,99	1,0	5,9	5,0
79,29	49,99	1,0	5,9	5,0
79,31	49,99	1,0	5,9	5,0
79,34	49,99	1,0	5,9	5,0
79,36	49,99	1,0	5,9	5,0
79,38	49,99	1,0	5,9	5,0
79,41	49,99	1,0	5,9	5,0
79,43	49,99	1,0	5,9	5,0
79,46	49,99	1,0	5,9	5,0
79,48	49,99	1,0	5,9	5,0
79,51	49,99	1,0	5,9	5,0
79,53	49,99	1,0	5,9	5,0
79,56	49,99	1,0	5,9	5,0
79,58	49,99	1,0	5,9	5,0
79,60	49,99	1,0	5,9	5,0
79,63	49,99	1,0	5,9	5,0
79,65	49,99	1,0	5,9	5,0
79,68	49,99	1,0	5,9	5,0
79,70	49,99	1,0	5,9	5,0
79,73	49,99	1,0	5,9	5,0
79,75	49,99	1,0	5,9	5,0
79,78	49,99	1,0	5,9	5,0
79,80	49,99	1,0	5,9	5,0
79,82	49,99	1,0	5,9	5,0
79,85	49,99	1,0	5,9	5,0
79,87	49,99	1,0	5,9	5,0
79,90	49,99	1,0	5,9	5,0
79,92	49,99	1,0	5,9	5,0
79,95	49,99	1,0	5,9	5,0
79,97	49,99	1,0	5,9	5,0
79,99	49,99	1,0	5,9	5,0
80,02	49,99	1,0	5,9	5,0
80,04	49,99	1,0	5,9	5,0
80,07	49,99	1,0	5,9	5,0
80,09	49,99	1,0	5,9	5,0
80,12	49,99	1,0	5,9	5,0
80,14	49,99	1,0	5,9	5,0
80,17	49,99	1,0	5,9	5,0
80,19	49,99	1,0	5,9	5,0
80,21	49,99	1,0	5,9	5,0
80,24	49,99	1,0	5,9	5,0
80,26	49,99	1,0	5,9	5,0
80,29	49,99	1,0	5,9	5,0
80,31	49,99	1,0	5,9	5,0
80,34	49,99	1,0	5,9	5,0
80,36	49,99	1,0	5,9	5,0
80,39	49,99	1,0	5,9	5,0
80,41	49,99	1,0	5,9	5,0
80,43	49,99	1,0	5,9	5,0
80,46	49,99	1,0	5,9	5,0
80,48	49,99	1,0	5,9	5,0
80,51	49,99	1,0	5,9	5,0
80,53	49,99	1,0	5,9	5,0
80,56	49,99	1,0	5,9	5,0
80,58	49,99	1,0	5,9	5,0
80,61	49,99	1,0	5,9	5,0
80,63	49,99	1,0	5,9	5,0
80,65	49,99	1,0	5,9	5,0
80,68	49,99	1,0	5,9	5,0
80,70	49,99	1,0	5,9	5,0
80,73	49,99	1,0	5,9	5,0
80,75	49,99	1,0	5,9	5,0
80,78	49,99	1,0	5,9	5,0
80,80	49,99	1,0	5,9	5,0
80,83	49,99	1,0	5,9	5,0
80,85	49,99	1,0	5,9	5,0
80,87	49,99	1,0	5,9	5,0
80,90	49,99	1,0	5,9	5,0
80,92	49,99	1,0	5,9	5,0
80,95	49,99	1,0	5,9	5,0
80,97	49,99	1,0	5,9	5,0
81,00	49,99	1,0	5,9	5,0
81,02	49,99	1,0	5,9	5,0
81,04	49,99	1,0	5,9	5,0
81,07	49,99	1,0	5,9	5,0
81,09	49,99	1,0	5,9	5,0
81,12	49,99	1,0	5,9	5,0
81,14	49,99	1,0	5,9	5,0
81,17	49,99	1,0	5,9	5,0
81,19	49,99	1,0	5,9	5,0
81,22	49,99	1,0	5,9	5,0
81,24	49,99	1,0	5,9	5,0
81,26	49,99	1,0	5,9	5,0
81,29	49,99	1,0	5,9	5,0
81,31	49,99	1,0	5,9	5,0
81,34	49,99	1,0	5,9	5,0
81,36	49,99	1,0	5,9	5,0
81,39	49,99	1,0	5,9	5,0
81,41	49,99	1,0	5,9	5,0
81,44	49,99	1,0	5,9	5,0
81,46	49,99	1,0	5,9	5,0
81,48	49,99	1,0	5,9	5,0
81,51	49,99	1,0	5,9	5,0
81,53	49,99	1,0	5,9	5,0
81,56	49,99	1,0	5,9	5,0
81,58	49,99	1,0	5,9	5,0
81,61	49,99	1,0	5,9	5,0
81,63	49,99	1,0	5,9	5,0
81,66	49,99	1,0	5,9	5,0
81,68	49,99	1,0	5,9	5,0
81,70	49,99	1,0	5,9	5,0
81,73	49,99	1,0	5,9	5,0
81,75	49,99	1,0	5,9	5,0
81,78	49,99	1,0	5,9	5,0
81,80	49,99	1,0	5,9	5,0
81,83	49,99	1,0	5,9	5,0
81,85	49,99	1,0	5,9	5,0
81,88	49,99	1,0	5,9	5,0
81,90	49,99	1,0	5,9	5,0
81,92	49,99	1,0	5,9	5,0
81,95	49,99	1,0	5,9	5,0
81,97	49,99	1,0	5,9	5,0
82,00	49,99	1,0	5,9	5,0
82,02	49,99	1,0	5,9	5,0
82,05	49,99	1,0	5,9	5,0
82,07	49,99	1,0	5,9	5,0
82,10	49,99	1,0	5,9	5,0
82,12	49,99	1,0	5,9	5,0
82,14	49,99	1,0	5,9	5,0
82,17	49,99	1,0	5,9	5,0
82,19	49,99	1,0	5,9	5,0
82,22	49,99	1,0	5,9	5,0
82,24	49,99	1,0	5,9	5,0
82,27	49,99	1,0	5,9	5,0
82,29	49,99	1,0	5,9	5,0
82,31	49,99	1,0	5,9	5,0
82,34	49,99	1,0	5,9	5,0
82,36	49,99	1,0	5,9	5,0
82,39	49,99	1,0	5,9	5,0
82,41	49,99	1,0	5,9	5,0
82,44	49,99	1,0	5,9	5,0
82,46	49,99	1,0	5,9	5,0
82,49	49,99	1,0	5,9	5,0
82,51	49,99	1,0	5,9	5,0
82,53	49,99	1,0	5,9	5,0
82,56	49,99	1,0	5,9	5,0
82,58	49,99	1,0	5,9	5,0
82,61	49,99	1,0	5,9	5,0
82,63	49,99	1,0	5,9	5,0
82,66	49,99	1,0	5,9	5,0
82,68	49,99	1,0	5,9	5,0
82,71	49,99	1,0	5,9	5,0
82,73	49,99	1,0	5,9	5,0
82,75	49,99	1,0	5,9	5,0
82,78	49,99	1,0	5,9	5,0
82,80	49,99	1,0	5,9	5,0
82,83	49,99	1,0	5,9	5,0
82,85	49,99	1,0	5,9	5,0
82,88	49,99	1,0	5,9	5,0
82,90	49,99	1,0	5,9	5,0
82,93	49,99	1,0	5,9	5,0
82,95	49,99	1,0	5,9	5,0
82,97	49,99	1,0	5,9	5,0
83,00	49,99	1,0	5,9	5,0
83,02	49,99	1,0	5,9	5,0
83,05	49,99	1,0	5,9	5,0
83,07	49,99	1,0	5,9	5,0
83,10	49,99	1,0	5,9	5,0
83,12	49,99	1,0	5,9	5,0
83,15	49,99	1,0	5,9	5,0
83,17	49,99	1,0	5,9	5,0
83,19	49,99	1,0	5,9	5,0
83,22	49,99	1,0	5,9	5,0
83,24	49,99	1,0	5,9	5,0
83,27	49,99	1,0	5,9	5,0
83,29	49,99	1,0	5,9	5,0
83,32	49,99	1,0	5,9	5,0
83,34	49,99	1,0	5,9	5,0
83,36	49,99	1,0	5,9	5,0
83,39	49,99	1,0	5,9	5,0
83,41	49,99	1,0	5,9	5,0
83,44	49,99	1,0	5,9	5,0
83,46	49,99	1,0	5,9	5,0
83,49	49,99	1,0	5,9	5,0
83,51	49,99	1,0	5,9	5,0
83,54	49,99	1,0	5,9	5,0
83,56	49,99	1,0	5,9	5,0
83,58	49,99	1,0	5,9	5,0
83,61	49,99	1,0	5,9	5,0
83,63	49,99	1,0	5,9	5,0
83,66	49,99	1,0	5,9	5,0
83,68	49,99	1,0	5,9	5,0
83,71	49,99	1,0	5,9	5,0
83,73	49,99	1,0	5,9	5,0
83,76	49,99	1,0	5,9	5,0
83,78	49,99	1,0	5,9	5,0
83,80	49,99	1,0	5,9	5,0
83,83	49,99	1,0	5,9	5,0
83,85	49,99	1,0	5,9	5,0
83,88	49,99	1,0	5,9	5,0
83,90	49,99	1,0	5,9	5,0
83,93	49,99	1,0	5,9	5,0
83,95	49,99	1,0	5,9	5,0
83,98	49,99	1,0	5,9	5,0
84,00	49,99	1,0	5,9	5,0
84,02	49,99	1,0	5,9	5,0
84,05	49,99	1,0	5,9	5,0
84,07	49,99	1,0	5,9	5,0
84,10	49,99	1,0	5,9	5,0
84,12	49,99	1,0	5,9	5,0
84,15	49,99	1,0	5,9	5,0
84,17	49,99	1,0	5,9	5,0
84,20	49,99	1,0	5,9	5,0
84,22	49,99	1,0	5,9	5,0
84,24	49,99	1,0	5,9	5,0
84,27	49,99	1,0	5,9	5,0
84,29	49,99	1,0	5,9	5,0
84,32	49,99	1,0	5,9	5,0
84,34	49,99	1,0	5,9	5,0
84,37	49,99	1,0	5,9	5,0
84,39	49,99	1,0	5,9	5,0
84,41	49,99	1,0	5,9	5,0
84,44	49,99	1,0	5,9	5,0
84,46	49,99	1,0	5,9	5,0
84,49	49,99	1,0	5,9	5,0
84,51	49,99	1,0	5,9	5,0
84,54	49,99	1,0	5,9	5,0
84,56	49,99	1,0	5,9	5,0
84,59	49,99	1,0	5,9	5,0
84,61	49,99	1,0	5,9	5,0
84,63	49,99	1,0	5,9	5,0
84,66	49,99	1,0	5,9	5,0
84,68	49,99	1,0	5,9	5,0
84,71	49,99	1,0	5,9	5,0
84,73	49,99	1,0	5,9	5,0
84,76	49,99	1,0	5,9	5,0
84,78	49,99	1,0	5,9	5,0
84,81	49,99	1,0	5,9	5,0
84,83	49,99	1,0	5,9	5,0
84,85	49,99	1,0	5,9	5,0
84,88	49,99	1,0	5,9	5,0
84,90	49,99	1,0	5,9	5,0
84,93	49,99	1,0	5,9	5,0
84,95	49,99	1,0	5,9	5,0
84,98	49,99	1,0	5,9	5,0
85,00	49,99	1,0	5,9	5,0
85,03	49,99	1,0	5,9	5,0
85,05	49,99	1,0	5,9	5,0
85,07	49,99	1,0	5,9	5,0
85,10	49,99	1,0	5,9	5,0
85,12	49,99	1,0	5,9	5,0
85,15	49,99	1,0	5,9	5,0
85,17	49,99	1,0	5,9	5,0
85,20	49,99	1,0	5,9	5,0
85,22	49,99	1,0	5,9	5,0
85,25	49,99	1,0	5,9	5,0
85,27	49,99	1,0	5,9	5,0
85,29	49,99	1,0	5,9	5,0
85,32	49,99	1,0	5,9	5,0
85,34	49,99	1,0	5,9	5,0
85,37	49,99	1,0	5,9	5,0
85,39	49,99	1,0	5,9	5,0
85,42	49,99	1,0	5,9	5,0
85,44	49,99	1,0	5,9	5,0
85,47	49,99	1,0	5,9	5,0
85,49	49,99	1,0	5,9	5,0
85,51	49,99	1,0	5,9	5,0
85,54	49,99	1,0	5,9	5,0
85,56	49,99	1,0	5,9	5,0
85,59	49,99	1,0	5,9	5,0
85,61	49,99	1,0	5,9	5,0
85,64	49,99	1,0	5,9	5,0
85,66	49,99	1,0	5,9	5,0
85,68	49,99	1,0	5,9	5,0
85,71	49,99	1,0	5,9	5,0
85,73	49,99	1,0	5,9	5,0
85,76	49,99	1,0	5,9	5,0
85,78	49,99	1,0	5,9	5,0
85,81	49,99	1,0	5,9	5,0
85,83	49,99	1,0	5,9	5,0
85,86	49,99	1,0	5,9	5,0
85,88	49,99	1,0	5,9	5,0
85,90	49,99	1,0	5,9	5,0
85,93	49,99	1,0	5,9	5,0
85,95	49,99	1,0	5,9	5,0
85,98	49,99	1,0	5,9	5,0
86,00	49,99	1,0	5,9	5,0
86,03	49,99	1,0	5,9	5,0
86,05	49,99	1,0	5,9	5,0
86,08	49,99	1,0	5,9	5,0
86,10	49,99	1,0	5,9	5,0
86,12	49,99	1,0	5,9	5,0
86,15	49,99	1,0	5,9	5,0
86,17	49,99	1,0	5,9	5,0
86,20	49,99	1,0	5,9	5,0
86,22	49,99	1,0	5,9	5,0
86,25	49,99	1,0	5,9	5,0
86,27	49,99	1,0	5,9	5,0
86,30	49,99	1,0	5,9	5,0
86,32	49,99	1,0	5,9	5,0
86,34	49,99	1,0	5,9	5,0
86,37	49,99	1,0	5,9	5,0
86,39	49,99	1,0	5,9	5,0
86,42	49,99	1,0	5,9	5,0
86,44	49,99	1,0	5,9	5,0
86,47	49,99	1,0	5,9	5,0
86,49	49,99	1,0	5,9	5,0
86,52	49,99	1,0	5,9	5,0
86,54	49,99	1,0	5,9	5,0
86,56	49,99	1,0	5,9	5,0
86,59	49,99	1,0	5,9	5,0
86,61	49,99	1,0	5,9	5,0
86,64	49,99	1,0	5,9	5,0
86,66	49,99	1,0	5,9	5,0
86,69	49,99	1,0	5,9	5,0
86,71	49,99	1,0	5,9	5,0
86,73	49,99	1,0	5,9	5,0
86,76	49,99	1,0	5,9	5,0
86,78	49,99	1,0	5,9	5,0
86,81	49,99	1,0	5,9	5,0
86,83	49,99	1,0	5,9	5,0
86,86	49,99	1,0	5,9	5,0
86,88	49,99	1,0	5,9	5,0
86,91	49,99	1,0	5,9	5,0
86,93	49,99	1,0	5,9	5,0
86,95	49,99	1,0	5,9	5,0
86,98	49,99	1,0	5,9	5,0
87,00	49,99	1,0	5,9	5,0
87,03	49,99	1,0	5,9	5,0
87,05	49,99	1,0	5,9	5,0
87,08	49,99	1,0	5,9	5,0
87,10	49,99	1,0	5,9	5,0
87,13	49,99	1,0	5,9	5,0
87,15	49,99	1,0	5,9	5,0
87,17	49,99	1,0	5,9	5,0
87,20	49,99	1,0	5,9	5,0
87,22	49,99	1,0	5,9	5,0
87,25	49,99	1,0	5,9	5,0
87,27	49,99	1,0	5,9	5,0
87,30	49,99	1,0	5,9	5,0
87,32	49,99	1,0	5,9	5,0
87,35	49,99	1,0	5,9	5,0
87,37	49,99	1,0	5,9	5,0
87,39	49,99	1,0	5,9	5,0
87,42	49,99	1,0	5,9	5,0
87,44	49,99	1,0	5,9	5,0
87,47	49,99	1,0	5,9	5,0
87,49	49,99	1,0	5,9	5,0
87,52	49,99	1,0	5,9	5,0
87,54	49,99	1,0	5,9	5,0
87,57	49,99	1,0	5,9	5,0
87,59	49,99	1,0	5,9	5,0
87,61	49,99	1,0	5,9	5,0
87,64	49,99	1,0	5,9	5,0
87,66	49,99	1,0	5,9	5,0
87,69	49,99	1,0	5,9	5,0
87,71	49,99	1,0	5,9	5,0
87,74	49,99	1,0	5,9	5,0
87,76	49,99	1,0	5,9	5,0
87,78	49,99	1,0	5,9	5,0
87,81	49,99	1,0	5,9	5,0
87,83	49,99	1,0	5,9	5,0
87,86	49,99	1,0	5,9	5,0
87,88	49,99	1,0	5,9	5,0
87,91	49,99	1,0	5,9	5,0
87,93	49,99	1,0	5,9	5,0
87,96	49,99	1,0	5,9	5,0
87,98	49,99	1,0	5,9	5,0
88,00	49,99	1,0	5,9	5,0
88,03	49,99	1,0	5,9	5,0
88,05	49,99	1,0	5,9	5,0
88,08	49,99	1,0	5,9	5,0
88,10	49,99	1,0	5,9	5,0
88,13	49,99	1,0	5,9	5,0
88,15	49,99	1,0	5,9	5,0
88,18	49,99	1,0	5,9	5,0
88,20	49,99	1,0	5,9	5,0
88,22	49,99	1,0	5,9	5,0
88,25	49,99	1,0	5,9	5,0
88,27	49,99	1,0	5,9	5,0
88,30	49,99	1,0	5,9	5,0
88,32	49,99	1,0	5,9	5,0
88,35	49,99	1,0	5,9	5,0
88,37	49,99	1,0	5,9	5,0
88,40	49,99	1,0	5,9	5,0
88,42	49,99	1,0	5,9	5,0
88,44	49,99	1,0	5,9	5,0
88,47	49,99	1,0	5,9	5,0
88,49	49,99	1,0	5,9	5,0
88,52	49,99	1,0	5,9	5,0
88,54	49,99	1,0	5,9	5,0
88,57	49,99	1,0	5,9	5,0
88,59	49,99	1,0	5,9	5,0
88,62	49,99	1,0	5,9	5,0
88,64	49,99	1,0	5,9	5,0
88,66	49,99	1,0	5,9	5,0
88,69	49,99	1,0	5,9	5,0
88,71	49,99	1,0	5,9	5,0
88,74	49,99	1,0	5,9	5,0
88,76	49,99	1,0	5,9	5,0
88,79	49,99	1,0	5,9	5,0
88,81	49,99	1,0	5,9	5,0
88,83	49,99	1,0	5,9	5,0
88,86	49,99	1,0	5,9	5,0
88,88	49,99	1,0	5,9	5,0
88,91	49,99	1,0	5,9	5,0
88,93	49,99	1,0	5,9	5,0
88,96	49,99	1,0	5,9	5,0
88,98	49,99	1,0	5,9	5,0
89,01	49,99	1,0	5,9	5,0
89,03	49,99	1,0	5,9	5,0
89,05	49,99	1,0	5,9	5,0
89,08	49,99	1,0	5,9	5,0
89,10	49,99	1,0	5,9	5,0
89,13	49,99	1,0	5,9	5,0
89,15	49,99	1,0	5,9	5,0
89,18	49,99	1,0	5,9	5,0
89,20	49,99	1,0	5,9	5,0
89,23	49,99	1,0	5,9	5,0
89,25	49,99	1,0	5,9	5,0
89,27	49,99	1,0	5,9	5,0
89,30	49,99	1,0	5,9	5,0
89,32	49,99	1,0	5,9	5,0
89,35	49,99	1,0	5,9	5,0
89,37	49,99	1,0	5,9	5,0
89,40	49,99	1,0	5,9	5,0
89,42	49,99	1,0	5,9	5,0
89,45	49,99	1,0	5,9	5,0
89,47	49,99	1,0	5,9	5,0
89,49	49,99	1,0	5,9	5,0
89,52	49,99	1,0	5,9	5,0
89,54	49,99	1,0	5,9	5,0
89,57	49,99	1,0	5,9	5,0
89,59	49,99	1,0	5,9	5,0
89,62	49,99	1,0	5,9	5,0
89,64	49,99	1,0	5,9	5,0
89,67	49,99	1,0	5,9	5,0
89,69	49,99	1,0	5,9	5,0
89,71	49,99	1,0	5,9	5,0
89,74	49,99	1,0	5,9	5,0
89,76	49,99	1,0	5,9	5,0
89,79	49,99	1,0	5,9	5,0
89,81	49,99	1,0	5,9	5,0
89,84	49,99	1,0	5,9	5,0
89,86	49,99	1,0	5,9	5,0
89,89	49,99	1,0	5,9	5,0
89,91	49,99	1,0	5,9	5,0
89,93	49,99	1,0	5,9	5,0
89,96	49,99	1,0	5,9	5,0
89,98	49,99	1,0	5,9	5,0
90,01	49,99	1,0	5,9	5,0
90,03	49,99	1,0	5,9	5,0
90,06	49,99	1,0	5,9	5,0
90,08	49,99	1,0	5,9	5,0
90,10	49,99	1,0	5,9	5,0
90,13	49,99	1,0	5,9	5,0
90,15	49,99	1,0	5,9	5,0
90,18	49,99	1,0	5,9	5,0
90,20	49,99	1,0	5,9	5,0
90,23	49,99	1,0	5,9	5,0
90,25	49,99	1,0	5,9	5,0
90,28	49,99	1,0	5,9	5,0
90,30	49,99	1,0	5,9	5,0
90,32	49,99	1,0	5,9	5,0
90,35	49,99	1,0	5,9	5,0
90,37	49,99	1,0	5,9	5,0
90,40	49,99	1,0	5,9	5,0
90,42	49,99	1,0	5,9	5,0
90,45	49,99	1,0	5,9	5,0
90,47	49,99	1,0	5,9	5,0
90,50	49,99	1,0	5,9	5,0
90,52	49,99	1,0	5,9	5,0
90,54	49,99	1,0	5,9	5,0
90,57	49,99	1,0	5,9	5,0
90,59	49,99	1,0	5,9	5,0
90,62	49,99	1,0	5,9	5,0
90,64	49,99	1,0	5,9	5,0
90,67	49,99	1,0	5,9	5,0
90,69	49,99	1,0	5,9	5,0
90,72	49,99	1,0	5,9	5,0
90,74	49,99	1,0	5,9	5,0
90,76	49,99	1,0	5,9	5,0
90,79	49,99	1,0	5,9	5,0
90,81	49,99	1,0	5,9	5,0
90,84	49,99	1,0	5,9	5,0
90,86	49,99	1,0	5,9	5,0
90,89	49,99	1,0	5,9	5,0
90,91	49,99	1,0	5,9	5,0
90,94	49,99	1,0	5,9	5,0
90,96	49,99	1,0	5,9	5,0
90,98	49,99	1,0	5,9	5,0
91,01	49,99	1,0	5,9	5,0
91,03	49,99	1,0	5,9	5,0
91,06	49,99	1,0	5,9	5,0
91,08	49,99	1,0	5,9	5,0
91,11	49,99	1,0	5,9	5,0
91,13	49,99	1,0	5,9	5,0
91,15	49,99	1,0	5,9	5,0
91,18	49,99	1,0	5,9	5,0
91,20	49,99	1,0	5,9	5,0
91,23	49,99	1,0	5,9	5,0
91,25	49,99	1,0	5,9	5,0
91,28	49,99	1,0	5,9	5,0
91,30	49,99	1,0	5,9	5,0
91,33	49,99	1,0	5,9	5,0
91,35	49,99	1,0	5,9	5,0
91,37	49,99	1,0	5,9	5,0
91,40	49,99	1,0	5,9	5,0
91,42	49,99	1,0	5,9	5,0
91,45	49,99	1,0	5,9	5,0
91,47	49,99	1,0	5,9	5,0
91,50	49,99	1,0	5,9	5,0
91,52	49,99	1,0	5,9	5,0
91,55	49,99	1,0	5,9	5,0
91,57	49,99	1,0	5,9	5,0
91,59	49,99	1,0	5,9	5,0
91,62	49,99	1,0	5,9	5,0
91,64	49,99	1,0	5,9	5,0
91,67	49,99	1,0	5,9	5,0
91,69	49,99	1,0	5,9	5,0
91,72	49,99	1,0	5,9	5,0
91,74	49,99	1,0	5,9	5,0
91,77	49,99	1,0	5,9	5,0
91,79	49,99	1,0	5,9	5,0
91,81	49,99	1,0	5,9	5,0
91,84	49,99	1,0	5,9	5,0
91,86	49,99	1,0	5,9	5,0
91,89	49,99	1,0	5,9	5,0
91,91	49,99	1,0	5,9	5,0
91,94	49,99	1,0	5,9	5,0
91,96	49,99	1,0	5,9	5,0
91,99	49,99	1,0	5,9	5,0
92,01	49,99	1,0	5,9	5,0
92,03	49,99	1,0	5,9	5,0
92,06	49,99	1,0	5,9	5,0
92,08	49,99	1,0	5,9	5,0
92,11	49,99	1,0	5,9	5,0
92,13	49,99	1,0	5,9	5,0
92,16	49,99	1,0	5,9	5,0
92,18	49,99	1,0	5,9	5,0
92,20	49,99	1,0	5,9	5,0
92,23	49,99	1,0	5,9	5,0
92,25	49,99	1,0	5,9	5,0
92,28	49,99	1,0	5,9	5,0
92,30	49,99	1,0	5,9	5,0
92,33	49,99	1,0	5,9	5,0
92,35	49,99	1,0	5,9	5,0
92,38	49,99	1,0	5,9	5,0
92,40	49,99	1,0	5,9	5,0
92,42	49,99	1,0	5,9	5,0
92,45	49,99	1,0	5,9	5,0
92,47	49,99	1,0	5,9	5,0
92,50	49,99	1,0	5,9	5,0
92,52	49,99	1,0	5,9	5,0
92,55	49,99	1,0	5,9	5,0
92,57	49,99	1,0	5,9	5,0
92,60	49,99	1,0	5,9	5,0
92,62	49,99	1,0	5,9	5,0
92,64	49,99	1,0	5,9	5,0
92,67	49,99	1,0	5,9	5,0
92,69	49,99	1,0	5,9	5,0
92,72	49,99	1,0	5,9	5,0
92,74	49,99	1,0	5,9	5,0
92,77	49,99	1,0	5,9	5,0
92,79	49,99	1,0	5,9	5,0
92,82	49,99	1,0	5,9	5,0
92,84	49,99	1,0	5,9	5,0
92,86	49,99	1,0	5,9	5,0
92,89	49,99	1,0	5,9	5,0
92,91	49,99	1,0	5,9	5,0
92,94	49,99	1,0	5,9	5,0
92,96	49,99	1,0	5,9	5,0
92,99	49,99	1,0	5,9	5,0
93,01	49,99	1,0	5,9	5,0
93,04	49,99	1,0	5,9	5,0
93,06	49,99	1,0	5,9	5,0
93,08	49,99	1,0	5,9	5,0
93,11	49,99	1,0	5,9	5,0
93,13	49,99	1,0	5,9	5,0
93,16	49,99	1,0	5,9	5,0
93,18	49,99	1,0	5,9	5,0
93,21	49,99	1,0	5,9	5,0
93,23	49,99	1,0	5,9	5,0
93,25	49,99	1,0	5,9	5,0
93,28	49,99	1,0	5,9	5,0
93,30	49,99	1,0	5,9	5,0
93,33	49,99	1,0	5,9	5,0
93,35	49,99	1,0	5,9	5,0
93,38	49,99	1,0	5,9	5,0
93,40	49,99	1,0	5,9	5,0
93,43	49,99	1,0	5,9	5,0
93,45	49,99	1,0	5,9	5,0
93,47	49,99	1,0	5,9	5,0
93,50	49,99	1,0	5,9	5,0
93,52	49,99	1,0	5,9	5,0
93,55	49,99	1,0	5,9	5,0
93,57	49,99	1,0	5,9	5,0
93,60	49,99	1,0	5,9	5,0
93,62	49,99	1,0	5,9	5,0
93,65	49,99	1,0	5,9	5,0
93,67	49,99	1,0	5,9	5,0
93,69	49,99	1,0	5,9	5,0
93,72	49,99	1,0	5,9	5,0
93,74	49,99	1,0	5,9	5,0
93,77	49,99	1,0	5,9	5,0
93,79	49,99	1,0	5,9	5,0
93,82	49,99	1,0	5,9	5,0
93,84	49,99	1,0	5,9	5,0
93,87	49,99	1,0	5,9	5,0
93,89	49,99	1,0	5,9	5,0
93,91	49,99	1,0	5,9	5,0
93,94	49,99	1,0	5,9	5,0
93,96	49,99	1,0	5,9	5,0
93,99	49,99	1,0	5,9	5,0
94,01	49,99	1,0	5,9	5,0
94,04	49,99	1,0	5,9	5,0
94,06	49,99	1,0	5,9	5,0
94,09	49,99	1,0	5,9	5,0
94,11	49,99	1,0	5,9	5,0
94,13	49,99	1,0	5,9	5,0
94,16	49,99	1,0	5,9	5,0
94,18	49,99	1,0	5,9	5,0
94,21	49,99	1,0	5,9	5,0
94,23	49,99	1,0	5,9	5,0
94,26	49,99	1,0	5,9	5,0
94,28	49,99	1,0	5,9	5,0
94,31	49,99	1,0	5,9	5,0
94,33	49,99	1,0	5,9	5,0
94,35	49,99	1,0	5,9	5,0
94,38	49,99	1,0	5,9	5,0
94,40	49,99	1,0	5,9	5,0
94,43	49,99	1,0	5,9	5,0
94,45	49,99	1,0	5,9	5,0
94,48	49,99	1,0	5,9	5,0
94,50	49,99	1,0	5,9	5,0
94,52	49,99	1,0	5,9	5,0
94,55	49,99	1,0	5,9	5,0
94,57	49,99	1,0	5,9	5,0
94,60	49,99	1,0	5,9	5,0
94,62	49,99	1,0	5,9	5,0
94,65	49,99	1,0	5,9	5,0
94,67	49,99	1,0	5,9	5,0
94,70	49,99	1,0	5,9	5,0
94,72	49,99	1,0	5,9	5,0
94,74	49,99	1,0	5,9	5,0
94,77	49,99	1,0	5,9	5,0
94,79	49,99	1,0	5,9	5,0
94,82	49,99	1,0	5,9	5,0
94,84	49,99	1,0	5,9	5,0
94,87	49,99	1,0	5,9	5,0
94,89	49,99	1,0	5,9	5,0
94,92	49,99	1,0	5,9	5,0
94,94	49,99	1,0	5,9	5,0
94,96	49,99	1,0	5,9	5,0
94,99	49,99	1,0	5,9	5,0
95,01	49,99	1,0	5,9	5,0
95,04	49,99	1,0	5,9	5,0
95,06	49,99	1,0	5,9	5,0
95,09	49,99	1,0	5,9	5,0
95,11	49,99	1,0	5,9	5,0
95,14	49,99	1,0	5,9	5,0
95,16	49,99	1,0	5,9	5,0
95,18	49,99	1,0	5,9	5,0
95,21	49,99	1,0	5,9	5,0
95,23	49,99	1,0	5,9	5,0
95,26	49,99	1,0	5,9	5,0
95,28	49,99	1,0	5,9	5,0
95,31	49,99	1,0	5,9	5,0
95,33	49,99	1,0	5,9	5,0
95,36	49,99	1,0	5,9	5,0
95,38	49,99	1,0	5,9	5,0
95,40	49,99	1,0	5,9	5,0
95,43	49,99	1,0	5,9	5,0
95,45	49,99	1,0	5,9	5,0
95,48	49,99	1,0	5,9	5,0
95,50	49,99	1,0	5,9	5,0
95,53	49,99	1,0	5,9	5,0
95,55	49,99	1,0	5,9	5,0
95,57	49,99	1,0	5,9	5,0
95,60	49,99	1,0	5,9	5,0
95,62	49,99	1,0	5,9	5,0
95,65	49,99	1,0	5,9	5,0
95,67	49,99	1,0	5,9	5,0
95,70	49,99	1,0	5,9	5,0
95,72	49,99	1,0	5,9	5,0
95,75	49,99	1,0	5,9	5,0
95,77	49,99	1,0	5,9	5,0
95,79	49,99	1,0	5,9	5,0
95,82	49,99	1,0	5,9	5,0
95,84	49,99	1,0	5,9	5,0
95,87	49,99	1,0	5,9	5,0
95,89	49,99	1,0	5,9	5,0
95,92	49,99	1,0	5,9	5,0
95,94	49,99	1,0	5,9	5,0
95,97	49,99	1,0	5,9	5,0
95,99	49,99	1,0	5,9	5,0
96,01	49,99	1,0	5,9	5,0
96,04	49,99	1,0	5,9	5,0
96,06	49,99	1,0	5,9	5,0
96,09	49,99	1,0	5,9	5,0
96,11	49,99	1,0	5,9	5,0
96,14	49,99	1,0	5,9	5,0
96,16	49,99	1,0	5,9	5,0
96,19	49,99	1,0	5,9	5,0
