Voltage U1	Corriente IA	Voltage U2	Voltage U3	Voltage UH
U1/V	IA/nA	U2/V	U3/V	UH/V

0,02	0,07	6,0	5,9	5,0
0,04	0,08	6,0	5,9	5,0
0,07	0,08	6,0	5,9	5,0
0,09	0,08	6,0	5,9	5,0
0,12	0,09	6,0	5,9	5,0
0,14	0,09	6,0	5,9	5,0
0,17	0,09	6,0	5,9	5,0
0,19	0,09	6,0	5,9	5,0
0,21	0,10	6,0	5,9	5,0
0,24	0,11	6,0	5,9	5,0
0,26	0,11	6,0	5,9	5,0
0,29	0,11	6,0	5,9	5,0
0,31	0,12	6,0	5,9	5,0
0,34	0,13	6,0	5,9	5,0
0,36	0,13	6,0	5,9	5,0
0,39	0,13	6,0	5,9	5,0
0,41	0,13	6,0	5,9	5,0
0,43	0,13	6,0	5,9	5,0
0,46	0,13	6,0	5,9	5,0
0,48	0,12	6,0	5,9	5,0
0,51	0,13	6,0	5,9	5,0
0,53	0,13	6,0	5,9	5,0
0,56	0,13	6,0	5,9	5,0
0,58	0,12	6,0	5,9	5,0
0,61	0,12	6,0	5,9	5,0
0,63	0,13	6,0	5,9	5,0
0,65	0,13	6,0	5,9	5,0
0,68	0,12	6,0	5,9	5,0
0,70	0,12	6,0	5,9	5,0
0,73	0,13	6,0	5,9	5,0
0,75	0,12	6,0	5,9	5,0
0,78	0,12	6,0	5,9	5,0
0,80	0,12	6,0	5,9	5,0
0,83	0,12	6,0	5,9	5,0
0,85	0,12	6,0	5,9	5,0
0,87	0,11	6,0	5,9	5,0
0,90	0,12	6,0	5,9	5,0
0,92	0,12	6,0	5,9	5,0
0,95	0,12	6,0	5,9	5,0
0,97	0,11	6,0	5,9	5,0
1,00	0,12	6,0	5,9	5,0
1,02	0,12	6,0	5,9	5,0
1,05	0,12	6,0	5,9	5,0
1,07	0,11	6,0	5,9	5,0
1,09	0,12	6,0	5,9	5,0
1,12	0,12	6,0	5,9	5,0
1,14	0,12	6,0	5,9	5,0
1,17	0,12	6,0	5,9	5,0
1,19	0,12	6,0	5,9	5,0
1,22	0,12	6,0	5,9	5,0
1,24	0,12	6,0	5,9	5,0
1,26	0,11	6,0	5,9	5,0
1,29	0,12	6,0	5,9	5,0
1,31	0,12	6,0	5,9	5,0
1,34	0,12	6,0	5,9	5,0
1,36	0,12	6,0	5,9	5,0
1,39	0,12	6,0	5,9	5,0
1,41	0,12	6,0	5,9	5,0
1,44	0,12	6,0	5,9	5,0
1,46	0,12	6,0	5,9	5,0
1,48	0,13	6,0	5,9	5,0
1,51	0,13	6,0	5,9	5,0
1,53	0,13	6,0	5,9	5,0
1,56	0,12	6,0	5,9	5,0
1,58	0,13	6,0	5,9	5,0
1,61	0,13	6,0	5,9	5,0
1,63	0,12	6,0	5,9	5,0
1,66	0,12	6,0	5,9	5,0
1,68	0,13	6,0	5,9	5,0
1,70	0,13	6,0	5,9	5,0
1,73	0,13	6,0	5,9	5,0
1,75	0,12	6,0	5,9	5,0
1,78	0,13	6,0	5,9	5,0
1,80	0,13	6,0	5,9	5,0
1,83	0,13	6,0	5,9	5,0
1,85	0,13	6,0	5,9	5,0
1,88	0,14	6,0	5,9	5,0
1,90	0,14	6,0	5,9	5,0
1,92	0,14	6,0	5,9	5,0
1,95	0,14	6,0	5,9	5,0
1,97	0,15	6,0	5,9	5,0
2,00	0,15	6,0	5,9	5,0
2,02	0,15	6,0	5,9	5,0
2,05	0,15	6,0	5,9	5,0
2,07	0,16	6,0	5,9	5,0
2,10	0,16	6,0	5,9	5,0
2,12	0,16	6,0	5,9	5,0
2,14	0,16	6,0	5,9	5,0
2,17	0,16	6,0	5,9	5,0
2,19	0,17	6,0	5,9	5,0
2,22	0,18	6,0	5,9	5,0
2,24	0,18	6,0	5,9	5,0
2,27	0,18	6,0	5,9	5,0
2,29	0,19	6,0	5,9	5,0
2,31	0,20	6,0	5,9	5,0
2,34	0,20	6,0	5,9	5,0
2,36	0,20	6,0	5,9	5,0
2,39	0,21	6,0	5,9	5,0
2,41	0,22	6,0	5,9	5,0
2,44	0,22	6,0	5,9	5,0
2,46	0,22	6,0	5,9	5,0
2,49	0,24	6,0	5,9	5,0
2,51	0,25	6,0	5,9	5,0
2,53	0,24	6,0	5,9	5,0
2,56	0,24	6,0	5,9	5,0
2,58	0,26	6,0	5,9	5,0
2,61	0,27	6,0	5,9	5,0
2,63	0,27	6,0	5,9	5,0
2,66	0,27	6,0	5,9	5,0
2,68	0,28	6,0	5,9	5,0
2,71	0,29	6,0	5,9	5,0
2,73	0,29	6,0	5,9	5,0
2,75	0,29	6,0	5,9	5,0
2,78	0,30	6,0	5,9	5,0
2,80	0,31	6,0	5,9	5,0
2,83	0,32	6,0	5,9	5,0
2,85	0,32	6,0	5,9	5,0
2,88	0,32	6,0	5,9	5,0
2,90	0,33	6,0	5,9	5,0
2,93	0,34	6,0	5,9	5,0
2,95	0,34	6,0	5,9	5,0
2,97	0,33	6,0	5,9	5,0
3,00	0,34	6,0	5,9	5,0
3,02	0,35	6,0	5,9	5,0
3,05	0,35	6,0	5,9	5,0
3,07	0,35	6,0	5,9	5,0
3,10	0,36	6,0	5,9	5,0
3,12	0,37	6,0	5,9	5,0
3,15	0,37	6,0	5,9	5,0
3,17	0,36	6,0	5,9	5,0
3,19	0,38	6,0	5,9	5,0
3,22	0,38	6,0	5,9	5,0
3,24	0,38	6,0	5,9	5,0
3,27	0,38	6,0	5,9	5,0
3,29	0,39	6,0	5,9	5,0
3,32	0,41	6,0	5,9	5,0
3,34	0,40	6,0	5,9	5,0
3,36	0,40	6,0	5,9	5,0
3,39	0,42	6,0	5,9	5,0
3,41	0,42	6,0	5,9	5,0
3,44	0,42	6,0	5,9	5,0
3,46	0,42	6,0	5,9	5,0
3,49	0,43	6,0	5,9	5,0
3,51	0,44	6,0	5,9	5,0
3,54	0,43	6,0	5,9	5,0
3,56	0,43	6,0	5,9	5,0
3,58	0,44	6,0	5,9	5,0
3,61	0,45	6,0	5,9	5,0
3,63	0,45	6,0	5,9	5,0
3,66	0,45	6,0	5,9	5,0
3,68	0,46	6,0	5,9	5,0
3,71	0,46	6,0	5,9	5,0
3,73	0,46	6,0	5,9	5,0
3,76	0,46	6,0	5,9	5,0
3,78	0,47	6,0	5,9	5,0
3,80	0,47	6,0	5,9	5,0
3,83	0,47	6,0	5,9	5,0
3,85	0,47	6,0	5,9	5,0
3,88	0,48	6,0	5,9	5,0
3,90	0,49	6,0	5,9	5,0
3,93	0,48	6,0	5,9	5,0
3,95	0,49	6,0	5,9	5,0
3,98	0,49	6,0	5,9	5,0
4,00	0,49	6,0	5,9	5,0
4,02	0,49	6,0	5,9	5,0
4,05	0,50	6,0	5,9	5,0
4,07	0,51	6,0	5,9	5,0
4,10	0,51	6,0	5,9	5,0
4,12	0,50	6,0	5,9	5,0
4,15	0,51	6,0	5,9	5,0
4,17	0,52	6,0	5,9	5,0
4,20	0,52	6,0	5,9	5,0
4,22	0,52	6,0	5,9	5,0
4,24	0,52	6,0	5,9	5,0
4,27	0,53	6,0	5,9	5,0
4,29	0,53	6,0	5,9	5,0
4,32	0,53	6,0	5,9	5,0
4,34	0,54	6,0	5,9	5,0
4,37	0,55	6,0	5,9	5,0
4,39	0,54	6,0	5,9	5,0
4,42	0,54	6,0	5,9	5,0
4,44	0,55	6,0	5,9	5,0
4,46	0,56	6,0	5,9	5,0
4,49	0,56	6,0	5,9	5,0
4,51	0,55	6,0	5,9	5,0
4,54	0,57	6,0	5,9	5,0
4,56	0,57	6,0	5,9	5,0
4,59	0,58	6,0	5,9	5,0
4,61	0,58	6,0	5,9	5,0
4,63	0,57	6,0	5,9	5,0
4,66	0,58	6,0	5,9	5,0
4,68	0,58	6,0	5,9	5,0
4,71	0,59	6,0	5,9	5,0
4,73	0,58	6,0	5,9	5,0
4,76	0,59	6,0	5,9	5,0
4,78	0,60	6,0	5,9	5,0
4,81	0,60	6,0	5,9	5,0
4,83	0,59	6,0	5,9	5,0
4,85	0,60	6,0	5,9	5,0
4,88	0,61	6,0	5,9	5,0
4,90	0,61	6,0	5,9	5,0
4,93	0,60	6,0	5,9	5,0
4,95	0,61	6,0	5,9	5,0
4,98	0,61	6,0	5,9	5,0
5,00	0,61	6,0	5,9	5,0
5,03	0,61	6,0	5,9	5,0
5,05	0,61	6,0	5,9	5,0
5,07	0,62	6,0	5,9	5,0
5,10	0,62	6,0	5,9	5,0
5,12	0,62	6,0	5,9	5,0
5,15	0,63	6,0	5,9	5,0
5,17	0,64	6,0	5,9	5,0
5,20	0,63	6,0	5,9	5,0
5,22	0,63	6,0	5,9	5,0
5,25	0,64	6,0	5,9	5,0
5,27	0,64	6,0	5,9	5,0
5,29	0,65	6,0	5,9	5,0
5,32	0,65	6,0	5,9	5,0
5,34	0,65	6,0	5,9	5,0
5,37	0,65	6,0	5,9	5,0
5,39	0,65	6,0	5,9	5,0
5,42	0,66	6,0	5,9	5,0
5,44	0,65	6,0	5,9	5,0
5,47	0,66	6,0	5,9	5,0
5,49	0,67	6,0	5,9	5,0
5,51	0,67	6,0	5,9	5,0
5,54	0,67	6,0	5,9	5,0
5,56	0,67	6,0	5,9	5,0
5,59	0,68	6,0	5,9	5,0
5,61	0,68	6,0	5,9	5,0
5,64	0,68	6,0	5,9	5,0
5,66	0,69	6,0	5,9	5,0
5,68	0,70	6,0	5,9	5,0
5,71	0,70	6,0	5,9	5,0
5,73	0,70	6,0	5,9	5,0
5,76	0,70	6,0	5,9	5,0
5,78	0,72	6,0	5,9	5,0
5,81	0,71	6,0	5,9	5,0
5,83	0,71	6,0	5,9	5,0
5,86	0,72	6,0	5,9	5,0
5,88	0,72	6,0	5,9	5,0
5,90	0,72	6,0	5,9	5,0
5,93	0,72	6,0	5,9	5,0
5,95	0,73	6,0	5,9	5,0
5,98	0,74	6,0	5,9	5,0
6,00	0,73	6,0	5,9	5,0
6,03	0,73	6,0	5,9	5,0
6,05	0,74	6,0	5,9	5,0
6,08	0,75	6,0	5,9	5,0
6,10	0,74	6,0	5,9	5,0
6,12	0,74	6,0	5,9	5,0
6,15	0,75	6,0	5,9	5,0
6,17	0,76	6,0	5,9	5,0
6,20	0,75	6,0	5,9	5,0
6,22	0,75	6,0	5,9	5,0
6,25	0,76	6,0	5,9	5,0
6,27	0,78	6,0	5,9	5,0
6,30	0,77	6,0	5,9	5,0
6,32	0,77	6,0	5,9	5,0
6,34	0,78	6,0	5,9	5,0
6,37	0,78	6,0	5,9	5,0
6,39	0,78	6,0	5,9	5,0
6,42	0,77	6,0	5,9	5,0
6,44	0,79	6,0	5,9	5,0
6,47	0,80	6,0	5,9	5,0
6,49	0,79	6,0	5,9	5,0
6,52	0,79	6,0	5,9	5,0
6,54	0,80	6,0	5,9	5,0
6,56	0,81	6,0	5,9	5,0
6,59	0,80	6,0	5,9	5,0
6,61	0,79	6,0	5,9	5,0
6,64	0,81	6,0	5,9	5,0
6,66	0,81	6,0	5,9	5,0
6,69	0,80	6,0	5,9	5,0
6,71	0,80	6,0	5,9	5,0
6,73	0,81	6,0	5,9	5,0
6,76	0,82	6,0	5,9	5,0
6,78	0,81	6,0	5,9	5,0
6,81	0,81	6,0	5,9	5,0
6,83	0,82	6,0	5,9	5,0
6,86	0,82	6,0	5,9	5,0
6,88	0,81	6,0	5,9	5,0
6,91	0,82	6,0	5,9	5,0
6,93	0,82	6,0	5,9	5,0
6,95	0,83	6,0	5,9	5,0
6,98	0,82	6,0	5,9	5,0
7,00	0,82	6,0	5,9	5,0
7,03	0,82	6,0	5,9	5,0
7,05	0,83	6,0	5,9	5,0
7,08	0,84	6,0	5,9	5,0
7,10	0,83	6,0	5,9	5,0
7,13	0,83	6,0	5,9	5,0
7,15	0,84	6,0	5,9	5,0
7,17	0,84	6,0	5,9	5,0
7,20	0,84	6,0	5,9	5,0
7,22	0,84	6,0	5,9	5,0
7,25	0,84	6,0	5,9	5,0
7,27	0,85	6,0	5,9	5,0
7,30	0,84	6,0	5,9	5,0
7,32	0,84	6,0	5,9	5,0
7,35	0,85	6,0	5,9	5,0
7,37	0,86	6,0	5,9	5,0
7,39	0,85	6,0	5,9	5,0
7,42	0,85	6,0	5,9	5,0
7,44	0,86	6,0	5,9	5,0
7,47	0,87	6,0	5,9	5,0
7,49	0,86	6,0	5,9	5,0
7,52	0,86	6,0	5,9	5,0
7,54	0,86	6,0	5,9	5,0
7,57	0,86	6,0	5,9	5,0
7,59	0,86	6,0	5,9	5,0
7,61	0,86	6,0	5,9	5,0
7,64	0,87	6,0	5,9	5,0
7,66	0,87	6,0	5,9	5,0
7,69	0,88	6,0	5,9	5,0
7,71	0,87	6,0	5,9	5,0
7,74	0,87	6,0	5,9	5,0
7,76	0,88	6,0	5,9	5,0
7,78	0,88	6,0	5,9	5,0
7,81	0,87	6,0	5,9	5,0
7,83	0,87	6,0	5,9	5,0
7,86	0,88	6,0	5,9	5,0
7,88	0,89	6,0	5,9	5,0
7,91	0,88	6,0	5,9	5,0
7,93	0,88	6,0	5,9	5,0
7,96	0,89	6,0	5,9	5,0
7,98	0,89	6,0	5,9	5,0
8,00	0,88	6,0	5,9	5,0
8,03	0,88	6,0	5,9	5,0
8,05	0,89	6,0	5,9	5,0
8,08	0,90	6,0	5,9	5,0
8,10	0,89	6,0	5,9	5,0
8,13	0,89	6,0	5,9	5,0
8,15	0,90	6,0	5,9	5,0
8,18	0,91	6,0	5,9	5,0
8,20	0,91	6,0	5,9	5,0
8,22	0,91	6,0	5,9	5,0
8,25	0,92	6,0	5,9	5,0
8,27	0,92	6,0	5,9	5,0
8,30	0,90	6,0	5,9	5,0
8,32	0,91	6,0	5,9	5,0
8,35	0,92	6,0	5,9	5,0
8,37	0,92	6,0	5,9	5,0
8,40	0,91	6,0	5,9	5,0
8,42	0,92	6,0	5,9	5,0
8,44	0,93	6,0	5,9	5,0
8,47	0,94	6,0	5,9	5,0
8,49	0,93	6,0	5,9	5,0
8,52	0,92	6,0	5,9	5,0
8,54	0,94	6,0	5,9	5,0
8,57	0,94	6,0	5,9	5,0
8,59	0,93	6,0	5,9	5,0
8,62	0,93	6,0	5,9	5,0
8,64	0,94	6,0	5,9	5,0
8,66	0,95	6,0	5,9	5,0
8,69	0,94	6,0	5,9	5,0
8,71	0,94	6,0	5,9	5,0
8,74	0,95	6,0	5,9	5,0
8,76	0,95	6,0	5,9	5,0
8,79	0,94	6,0	5,9	5,0
8,81	0,94	6,0	5,9	5,0
8,84	0,95	6,0	5,9	5,0
8,86	0,96	6,0	5,9	5,0
8,88	0,95	6,0	5,9	5,0
8,91	0,95	6,0	5,9	5,0
8,93	0,97	6,0	5,9	5,0
8,96	0,97	6,0	5,9	5,0
8,98	0,96	6,0	5,9	5,0
9,01	0,96	6,0	5,9	5,0
9,03	0,97	6,0	5,9	5,0
9,05	0,97	6,0	5,9	5,0
9,08	0,96	6,0	5,9	5,0
9,10	0,97	6,0	5,9	5,0
9,13	0,97	6,0	5,9	5,0
9,15	0,97	6,0	5,9	5,0
9,18	0,97	6,0	5,9	5,0
9,20	0,97	6,0	5,9	5,0
9,23	0,98	6,0	5,9	5,0
9,25	0,98	6,0	5,9	5,0
9,27	0,97	6,0	5,9	5,0
9,30	0,98	6,0	5,9	5,0
9,32	0,98	6,0	5,9	5,0
9,35	0,98	6,0	5,9	5,0
9,37	0,98	6,0	5,9	5,0
9,40	0,98	6,0	5,9	5,0
9,42	0,99	6,0	5,9	5,0
9,45	0,98	6,0	5,9	5,0
9,47	0,98	6,0	5,9	5,0
9,49	0,98	6,0	5,9	5,0
9,52	0,98	6,0	5,9	5,0
9,54	0,99	6,0	5,9	5,0
9,57	0,99	6,0	5,9	5,0
9,59	0,98	6,0	5,9	5,0
9,62	0,99	6,0	5,9	5,0
9,64	1,00	6,0	5,9	5,0
9,67	1,00	6,0	5,9	5,0
9,69	0,99	6,0	5,9	5,0
9,71	0,98	6,0	5,9	5,0
9,74	0,99	6,0	5,9	5,0
9,76	0,99	6,0	5,9	5,0
9,79	0,99	6,0	5,9	5,0
9,81	0,99	6,0	5,9	5,0
9,84	1,00	6,0	5,9	5,0
9,86	1,00	6,0	5,9	5,0
9,89	1,00	6,0	5,9	5,0
9,91	1,00	6,0	5,9	5,0
9,93	1,01	6,0	5,9	5,0
9,96	1,01	6,0	5,9	5,0
9,98	1,01	6,0	5,9	5,0
10,01	1,01	6,0	5,9	5,0
10,03	1,01	6,0	5,9	5,0
10,06	1,02	6,0	5,9	5,0
10,08	1,01	6,0	5,9	5,0
10,10	1,01	6,0	5,9	5,0
10,13	1,02	6,0	5,9	5,0
10,15	1,03	6,0	5,9	5,0
10,18	1,03	6,0	5,9	5,0
10,20	1,02	6,0	5,9	5,0
10,23	1,02	6,0	5,9	5,0
10,25	1,04	6,0	5,9	5,0
10,28	1,04	6,0	5,9	5,0
10,30	1,03	6,0	5,9	5,0
10,32	1,03	6,0	5,9	5,0
10,35	1,04	6,0	5,9	5,0
10,37	1,04	6,0	5,9	5,0
10,40	1,03	6,0	5,9	5,0
10,42	1,03	6,0	5,9	5,0
10,45	1,05	6,0	5,9	5,0
10,47	1,05	6,0	5,9	5,0
10,50	1,04	6,0	5,9	5,0
10,52	1,04	6,0	5,9	5,0
10,54	1,05	6,0	5,9	5,0
10,57	1,05	6,0	5,9	5,0
10,59	1,04	6,0	5,9	5,0
10,62	1,04	6,0	5,9	5,0
10,64	1,05	6,0	5,9	5,0
10,67	1,05	6,0	5,9	5,0
10,69	1,04	6,0	5,9	5,0
10,72	1,05	6,0	5,9	5,0
10,74	1,06	6,0	5,9	5,0
10,76	1,06	6,0	5,9	5,0
10,79	1,05	6,0	5,9	5,0
10,81	1,06	6,0	5,9	5,0
10,84	1,07	6,0	5,9	5,0
10,86	1,06	6,0	5,9	5,0
10,89	1,05	6,0	5,9	5,0
10,91	1,06	6,0	5,9	5,0
10,94	1,06	6,0	5,9	5,0
10,96	1,06	6,0	5,9	5,0
10,98	1,05	6,0	5,9	5,0
11,01	1,06	6,0	5,9	5,0
11,03	1,07	6,0	5,9	5,0
11,06	1,06	6,0	5,9	5,0
11,08	1,06	6,0	5,9	5,0
11,11	1,07	6,0	5,9	5,0
11,13	1,07	6,0	5,9	5,0
11,15	1,07	6,0	5,9	5,0
11,18	1,06	6,0	5,9	5,0
11,20	1,07	6,0	5,9	5,0
11,23	1,07	6,0	5,9	5,0
11,25	1,07	6,0	5,9	5,0
11,28	1,07	6,0	5,9	5,0
11,30	1,08	6,0	5,9	5,0
11,33	1,08	6,0	5,9	5,0
11,35	1,07	6,0	5,9	5,0
11,37	1,07	6,0	5,9	5,0
11,40	1,08	6,0	5,9	5,0
11,42	1,08	6,0	5,9	5,0
11,45	1,07	6,0	5,9	5,0
11,47	1,07	6,0	5,9	5,0
11,50	1,08	6,0	5,9	5,0
11,52	1,08	6,0	5,9	5,0
11,55	1,08	6,0	5,9	5,0
11,57	1,07	6,0	5,9	5,0
11,59	1,09	6,0	5,9	5,0
11,62	1,09	6,0	5,9	5,0
11,64	1,08	6,0	5,9	5,0
11,67	1,08	6,0	5,9	5,0
11,69	1,09	6,0	5,9	5,0
11,72	1,09	6,0	5,9	5,0
11,74	1,08	6,0	5,9	5,0
11,77	1,08	6,0	5,9	5,0
11,79	1,10	6,0	5,9	5,0
11,81	1,09	6,0	5,9	5,0
11,84	1,08	6,0	5,9	5,0
11,86	1,09	6,0	5,9	5,0
11,89	1,10	6,0	5,9	5,0
11,91	1,10	6,0	5,9	5,0
11,94	1,11	6,0	5,9	5,0
11,96	1,10	6,0	5,9	5,0
11,99	1,10	6,0	5,9	5,0
12,01	1,11	6,0	5,9	5,0
12,03	1,11	6,0	5,9	5,0
12,06	1,10	6,0	5,9	5,0
12,08	1,10	6,0	5,9	5,0
12,11	1,11	6,0	5,9	5,0
12,13	1,10	6,0	5,9	5,0
12,16	1,10	6,0	5,9	5,0
12,18	1,10	6,0	5,9	5,0
12,21	1,11	6,0	5,9	5,0
12,23	1,11	6,0	5,9	5,0
12,25	1,11	6,0	5,9	5,0
12,28	1,11	6,0	5,9	5,0
12,30	1,12	6,0	5,9	5,0
12,33	1,12	6,0	5,9	5,0
12,35	1,11	6,0	5,9	5,0
12,38	1,11	6,0	5,9	5,0
12,40	1,12	6,0	5,9	5,0
12,42	1,12	6,0	5,9	5,0
12,45	1,11	6,0	5,9	5,0
12,47	1,11	6,0	5,9	5,0
12,50	1,12	6,0	5,9	5,0
12,52	1,12	6,0	5,9	5,0
12,55	1,12	6,0	5,9	5,0
12,57	1,11	6,0	5,9	5,0
12,60	1,11	6,0	5,9	5,0
12,62	1,11	6,0	5,9	5,0
12,64	1,12	6,0	5,9	5,0
12,67	1,12	6,0	5,9	5,0
12,69	1,11	6,0	5,9	5,0
12,72	1,12	6,0	5,9	5,0
12,74	1,13	6,0	5,9	5,0
12,77	1,12	6,0	5,9	5,0
12,79	1,12	6,0	5,9	5,0
12,82	1,12	6,0	5,9	5,0
12,84	1,12	6,0	5,9	5,0
12,86	1,11	6,0	5,9	5,0
12,89	1,11	6,0	5,9	5,0
12,91	1,11	6,0	5,9	5,0
12,94	1,12	6,0	5,9	5,0
12,96	1,11	6,0	5,9	5,0
12,99	1,11	6,0	5,9	5,0
13,01	1,11	6,0	5,9	5,0
13,04	1,11	6,0	5,9	5,0
13,06	1,10	6,0	5,9	5,0
13,08	1,09	6,0	5,9	5,0
13,11	1,10	6,0	5,9	5,0
13,13	1,10	6,0	5,9	5,0
13,16	1,09	6,0	5,9	5,0
13,18	1,09	6,0	5,9	5,0
13,21	1,10	6,0	5,9	5,0
13,23	1,09	6,0	5,9	5,0
13,26	1,08	6,0	5,9	5,0
13,28	1,08	6,0	5,9	5,0
13,30	1,08	6,0	5,9	5,0
13,33	1,07	6,0	5,9	5,0
13,35	1,06	6,0	5,9	5,0
13,38	1,06	6,0	5,9	5,0
13,40	1,06	6,0	5,9	5,0
13,43	1,05	6,0	5,9	5,0
13,45	1,04	6,0	5,9	5,0
13,47	1,03	6,0	5,9	5,0
13,50	1,04	6,0	5,9	5,0
13,52	1,03	6,0	5,9	5,0
13,55	1,01	6,0	5,9	5,0
13,57	1,01	6,0	5,9	5,0
13,60	1,01	6,0	5,9	5,0
13,62	1,00	6,0	5,9	5,0
13,65	0,98	6,0	5,9	5,0
13,67	0,98	6,0	5,9	5,0
13,69	0,98	6,0	5,9	5,0
13,72	0,97	6,0	5,9	5,0
13,74	0,95	6,0	5,9	5,0
13,77	0,94	6,0	5,9	5,0
13,79	0,93	6,0	5,9	5,0
13,82	0,92	6,0	5,9	5,0
13,84	0,90	6,0	5,9	5,0
13,87	0,89	6,0	5,9	5,0
13,89	0,89	6,0	5,9	5,0
13,91	0,88	6,0	5,9	5,0
13,94	0,86	6,0	5,9	5,0
13,96	0,85	6,0	5,9	5,0
13,99	0,85	6,0	5,9	5,0
14,01	0,83	6,0	5,9	5,0
14,04	0,81	6,0	5,9	5,0
14,06	0,80	6,0	5,9	5,0
14,09	0,80	6,0	5,9	5,0
14,11	0,78	6,0	5,9	5,0
14,13	0,76	6,0	5,9	5,0
14,16	0,76	6,0	5,9	5,0
14,18	0,75	6,0	5,9	5,0
14,21	0,74	6,0	5,9	5,0
14,23	0,72	6,0	5,9	5,0
14,26	0,71	6,0	5,9	5,0
14,28	0,71	6,0	5,9	5,0
14,31	0,69	6,0	5,9	5,0
14,33	0,67	6,0	5,9	5,0
14,35	0,66	6,0	5,9	5,0
14,38	0,65	6,0	5,9	5,0
14,40	0,65	6,0	5,9	5,0
14,43	0,63	6,0	5,9	5,0
14,45	0,62	6,0	5,9	5,0
14,48	0,61	6,0	5,9	5,0
14,50	0,61	6,0	5,9	5,0
14,52	0,59	6,0	5,9	5,0
14,55	0,57	6,0	5,9	5,0
14,57	0,56	6,0	5,9	5,0
14,60	0,56	6,0	5,9	5,0
14,62	0,54	6,0	5,9	5,0
14,65	0,52	6,0	5,9	5,0
14,67	0,51	6,0	5,9	5,0
14,70	0,50	6,0	5,9	5,0
14,72	0,49	6,0	5,9	5,0
14,74	0,47	6,0	5,9	5,0
14,77	0,46	6,0	5,9	5,0
14,79	0,45	6,0	5,9	5,0
14,82	0,44	6,0	5,9	5,0
14,84	0,42	6,0	5,9	5,0
14,87	0,41	6,0	5,9	5,0
14,89	0,40	6,0	5,9	5,0
14,92	0,39	6,0	5,9	5,0
14,94	0,37	6,0	5,9	5,0
14,96	0,36	6,0	5,9	5,0
14,99	0,35	6,0	5,9	5,0
15,01	0,35	6,0	5,9	5,0
15,04	0,34	6,0	5,9	5,0
15,06	0,31	6,0	5,9	5,0
15,09	0,31	6,0	5,9	5,0
15,11	0,30	6,0	5,9	5,0
15,14	0,30	6,0	5,9	5,0
15,16	0,28	6,0	5,9	5,0
15,18	0,26	6,0	5,9	5,0
15,21	0,26	6,0	5,9	5,0
15,23	0,25	6,0	5,9	5,0
15,26	0,23	6,0	5,9	5,0
15,28	0,22	6,0	5,9	5,0
15,31	0,22	6,0	5,9	5,0
15,33	0,22	6,0	5,9	5,0
15,36	0,20	6,0	5,9	5,0
15,38	0,19	6,0	5,9	5,0
15,40	0,19	6,0	5,9	5,0
15,43	0,18	6,0	5,9	5,0
15,45	0,17	6,0	5,9	5,0
15,48	0,16	6,0	5,9	5,0
15,50	0,16	6,0	5,9	5,0
15,53	0,16	6,0	5,9	5,0
15,55	0,14	6,0	5,9	5,0
15,57	0,13	6,0	5,9	5,0
15,60	0,13	6,0	5,9	5,0
15,62	0,13	6,0	5,9	5,0
15,65	0,12	6,0	5,9	5,0
15,67	0,11	6,0	5,9	5,0
15,70	0,11	6,0	5,9	5,0
15,72	0,11	6,0	5,9	5,0
15,75	0,09	6,0	5,9	5,0
15,77	0,09	6,0	5,9	5,0
15,79	0,09	6,0	5,9	5,0
15,82	0,09	6,0	5,9	5,0
15,84	0,08	6,0	5,9	5,0
15,87	0,08	6,0	5,9	5,0
15,89	0,08	6,0	5,9	5,0
15,92	0,08	6,0	5,9	5,0
15,94	0,06	6,0	5,9	5,0
15,97	0,06	6,0	5,9	5,0
15,99	0,06	6,0	5,9	5,0
16,01	0,06	6,0	5,9	5,0
16,04	0,05	6,0	5,9	5,0
16,06	0,05	6,0	5,9	5,0
16,09	0,05	6,0	5,9	5,0
16,11	0,05	6,0	5,9	5,0
16,14	0,04	6,0	5,9	5,0
16,16	0,04	6,0	5,9	5,0
16,19	0,04	6,0	5,9	5,0
16,21	0,04	6,0	5,9	5,0
16,23	0,03	6,0	5,9	5,0
16,26	0,03	6,0	5,9	5,0
16,28	0,03	6,0	5,9	5,0
16,31	0,03	6,0	5,9	5,0
16,33	0,03	6,0	5,9	5,0
16,36	0,03	6,0	5,9	5,0
16,38	0,03	6,0	5,9	5,0
16,41	0,03	6,0	5,9	5,0
16,43	0,02	6,0	5,9	5,0
16,45	0,02	6,0	5,9	5,0
16,48	0,02	6,0	5,9	5,0
16,50	0,02	6,0	5,9	5,0
16,53	0,01	6,0	5,9	5,0
16,55	0,01	6,0	5,9	5,0
16,58	0,01	6,0	5,9	5,0
16,60	0,01	6,0	5,9	5,0
16,63	0,01	6,0	5,9	5,0
16,65	0,01	6,0	5,9	5,0
16,67	0,01	6,0	5,9	5,0
16,70	0,01	6,0	5,9	5,0
16,72	0,01	6,0	5,9	5,0
16,75	0,01	6,0	5,9	5,0
16,77	0,01	6,0	5,9	5,0
16,80	0,01	6,0	5,9	5,0
16,82	0,01	6,0	5,9	5,0
16,84	0,01	6,0	5,9	5,0
16,87	0,01	6,0	5,9	5,0
16,89	0,01	6,0	5,9	5,0
16,92	0,01	6,0	5,9	5,0
16,94	0,01	6,0	5,9	5,0
16,97	0,01	6,0	5,9	5,0
16,99	0,01	6,0	5,9	5,0
17,02	0,01	6,0	5,9	5,0
17,04	0,01	6,0	5,9	5,0
17,06	0,01	6,0	5,9	5,0
17,09	0,01	6,0	5,9	5,0
17,11	0,01	6,0	5,9	5,0
17,14	0,01	6,0	5,9	5,0
17,16	0,01	6,0	5,9	5,0
17,19	0,01	6,0	5,9	5,0
17,21	0,01	6,0	5,9	5,0
17,24	0,01	6,0	5,9	5,0
17,26	0,01	6,0	5,9	5,0
17,28	0,01	6,0	5,9	5,0
17,31	0,01	6,0	5,9	5,0
17,33	0,01	6,0	5,9	5,0
17,36	0,01	6,0	5,9	5,0
17,38	0,01	6,0	5,9	5,0
17,41	0,01	6,0	5,9	5,0
17,43	0,02	6,0	5,9	5,0
17,46	0,01	6,0	5,9	5,0
17,48	0,01	6,0	5,9	5,0
17,50	0,01	6,0	5,9	5,0
17,53	0,01	6,0	5,9	5,0
17,55	0,01	6,0	5,9	5,0
17,58	0,01	6,0	5,9	5,0
17,60	0,01	6,0	5,9	5,0
17,63	0,01	6,0	5,9	5,0
17,65	0,01	6,0	5,9	5,0
17,68	0,01	6,0	5,9	5,0
17,70	0,01	6,0	5,9	5,0
17,72	0,01	6,0	5,9	5,0
17,75	0,01	6,0	5,9	5,0
17,77	0,01	6,0	5,9	5,0
17,80	0,01	6,0	5,9	5,0
17,82	0,01	6,0	5,9	5,0
17,85	0,01	6,0	5,9	5,0
17,87	0,01	6,0	5,9	5,0
17,89	0,01	6,0	5,9	5,0
17,92	0,01	6,0	5,9	5,0
17,94	0,01	6,0	5,9	5,0
17,97	0,01	6,0	5,9	5,0
17,99	0,01	6,0	5,9	5,0
18,02	0,01	6,0	5,9	5,0
18,04	0,01	6,0	5,9	5,0
18,07	0,01	6,0	5,9	5,0
18,09	0,01	6,0	5,9	5,0
18,11	0,01	6,0	5,9	5,0
18,14	0,01	6,0	5,9	5,0
18,16	0,01	6,0	5,9	5,0
18,19	0,01	6,0	5,9	5,0
18,21	0,01	6,0	5,9	5,0
18,24	0,01	6,0	5,9	5,0
18,26	0,01	6,0	5,9	5,0
18,29	0,01	6,0	5,9	5,0
18,31	0,01	6,0	5,9	5,0
18,33	0,01	6,0	5,9	5,0
18,36	0,02	6,0	5,9	5,0
18,38	0,02	6,0	5,9	5,0
18,41	0,02	6,0	5,9	5,0
18,43	0,02	6,0	5,9	5,0
18,46	0,02	6,0	5,9	5,0
18,48	0,02	6,0	5,9	5,0
18,51	0,02	6,0	5,9	5,0
18,53	0,02	6,0	5,9	5,0
18,55	0,02	6,0	5,9	5,0
18,58	0,02	6,0	5,9	5,0
18,60	0,02	6,0	5,9	5,0
18,63	0,03	6,0	5,9	5,0
18,65	0,03	6,0	5,9	5,0
18,68	0,03	6,0	5,9	5,0
18,70	0,03	6,0	5,9	5,0
18,73	0,04	6,0	5,9	5,0
18,75	0,04	6,0	5,9	5,0
18,77	0,04	6,0	5,9	5,0
18,80	0,04	6,0	5,9	5,0
18,82	0,05	6,0	5,9	5,0
18,85	0,06	6,0	5,9	5,0
18,87	0,06	6,0	5,9	5,0
18,90	0,06	6,0	5,9	5,0
18,92	0,08	6,0	5,9	5,0
18,94	0,08	6,0	5,9	5,0
18,97	0,08	6,0	5,9	5,0
18,99	0,09	6,0	5,9	5,0
19,02	0,10	6,0	5,9	5,0
19,04	0,11	6,0	5,9	5,0
19,07	0,11	6,0	5,9	5,0
19,09	0,11	6,0	5,9	5,0
19,12	0,13	6,0	5,9	5,0
19,14	0,14	6,0	5,9	5,0
19,16	0,14	6,0	5,9	5,0
19,19	0,15	6,0	5,9	5,0
19,21	0,18	6,0	5,9	5,0
19,24	0,18	6,0	5,9	5,0
19,26	0,20	6,0	5,9	5,0
19,29	0,22	6,0	5,9	5,0
19,31	0,23	6,0	5,9	5,0
19,34	0,24	6,0	5,9	5,0
19,36	0,26	6,0	5,9	5,0
19,38	0,28	6,0	5,9	5,0
19,41	0,30	6,0	5,9	5,0
19,43	0,31	6,0	5,9	5,0
19,46	0,33	6,0	5,9	5,0
19,48	0,36	6,0	5,9	5,0
19,51	0,37	6,0	5,9	5,0
19,53	0,38	6,0	5,9	5,0
19,56	0,41	6,0	5,9	5,0
19,58	0,42	6,0	5,9	5,0
19,60	0,44	6,0	5,9	5,0
19,63	0,46	6,0	5,9	5,0
19,65	0,48	6,0	5,9	5,0
19,68	0,50	6,0	5,9	5,0
19,70	0,52	6,0	5,9	5,0
19,73	0,54	6,0	5,9	5,0
19,75	0,57	6,0	5,9	5,0
19,78	0,59	6,0	5,9	5,0
19,80	0,60	6,0	5,9	5,0
19,82	0,62	6,0	5,9	5,0
19,85	0,65	6,0	5,9	5,0
19,87	0,67	6,0	5,9	5,0
19,90	0,69	6,0	5,9	5,0
19,92	0,70	6,0	5,9	5,0
19,95	0,72	6,0	5,9	5,0
19,97	0,75	6,0	5,9	5,0
19,99	0,77	6,0	5,9	5,0
20,02	0,78	6,0	5,9	5,0
20,04	0,80	6,0	5,9	5,0
20,07	0,82	6,0	5,9	5,0
20,09	0,84	6,0	5,9	5,0
20,12	0,86	6,0	5,9	5,0
20,14	0,87	6,0	5,9	5,0
20,17	0,90	6,0	5,9	5,0
20,19	0,92	6,0	5,9	5,0
20,21	0,93	6,0	5,9	5,0
20,24	0,95	6,0	5,9	5,0
20,26	0,97	6,0	5,9	5,0
20,29	0,99	6,0	5,9	5,0
20,31	1,00	6,0	5,9	5,0
20,34	1,02	6,0	5,9	5,0
20,36	1,04	6,0	5,9	5,0
20,39	1,06	6,0	5,9	5,0
20,41	1,07	6,0	5,9	5,0
20,43	1,09	6,0	5,9	5,0
20,46	1,11	6,0	5,9	5,0
20,48	1,12	6,0	5,9	5,0
20,51	1,13	6,0	5,9	5,0
20,53	1,15	6,0	5,9	5,0
20,56	1,18	6,0	5,9	5,0
20,58	1,19	6,0	5,9	5,0
20,61	1,20	6,0	5,9	5,0
20,63	1,22	6,0	5,9	5,0
20,65	1,25	6,0	5,9	5,0
20,68	1,26	6,0	5,9	5,0
20,70	1,27	6,0	5,9	5,0
20,73	1,29	6,0	5,9	5,0
20,75	1,32	6,0	5,9	5,0
20,78	1,32	6,0	5,9	5,0
20,80	1,33	6,0	5,9	5,0
20,83	1,35	6,0	5,9	5,0
20,85	1,38	6,0	5,9	5,0
20,87	1,39	6,0	5,9	5,0
20,90	1,40	6,0	5,9	5,0
20,92	1,42	6,0	5,9	5,0
20,95	1,44	6,0	5,9	5,0
20,97	1,45	6,0	5,9	5,0
21,00	1,46	6,0	5,9	5,0
21,02	1,48	6,0	5,9	5,0
21,05	1,51	6,0	5,9	5,0
21,07	1,52	6,0	5,9	5,0
21,09	1,53	6,0	5,9	5,0
21,12	1,55	6,0	5,9	5,0
21,14	1,57	6,0	5,9	5,0
21,17	1,58	6,0	5,9	5,0
21,19	1,59	6,0	5,9	5,0
21,22	1,61	6,0	5,9	5,0
21,24	1,63	6,0	5,9	5,0
21,26	1,64	6,0	5,9	5,0
21,29	1,65	6,0	5,9	5,0
21,31	1,67	6,0	5,9	5,0
21,34	1,69	6,0	5,9	5,0
21,36	1,70	6,0	5,9	5,0
21,39	1,71	6,0	5,9	5,0
21,41	1,74	6,0	5,9	5,0
21,44	1,76	6,0	5,9	5,0
21,46	1,77	6,0	5,9	5,0
21,48	1,78	6,0	5,9	5,0
21,51	1,80	6,0	5,9	5,0
21,53	1,82	6,0	5,9	5,0
21,56	1,82	6,0	5,9	5,0
21,58	1,84	6,0	5,9	5,0
21,61	1,86	6,0	5,9	5,0
21,63	1,88	6,0	5,9	5,0
21,66	1,89	6,0	5,9	5,0
21,68	1,90	6,0	5,9	5,0
21,70	1,91	6,0	5,9	5,0
21,73	1,93	6,0	5,9	5,0
21,75	1,95	6,0	5,9	5,0
21,78	1,96	6,0	5,9	5,0
21,80	1,97	6,0	5,9	5,0
21,83	1,99	6,0	5,9	5,0
21,85	2,01	6,0	5,9	5,0
21,88	2,02	6,0	5,9	5,0
21,90	2,03	6,0	5,9	5,0
21,92	2,05	6,0	5,9	5,0
21,95	2,07	6,0	5,9	5,0
21,97	2,08	6,0	5,9	5,0
22,00	2,09	6,0	5,9	5,0
22,02	2,11	6,0	5,9	5,0
22,05	2,13	6,0	5,9	5,0
22,07	2,13	6,0	5,9	5,0
22,10	2,15	6,0	5,9	5,0
22,12	2,17	6,0	5,9	5,0
22,14	2,18	6,0	5,9	5,0
22,17	2,20	6,0	5,9	5,0
22,19	2,20	6,0	5,9	5,0
22,22	2,23	6,0	5,9	5,0
22,24	2,24	6,0	5,9	5,0
22,27	2,25	6,0	5,9	5,0
22,29	2,26	6,0	5,9	5,0
22,31	2,28	6,0	5,9	5,0
22,34	2,30	6,0	5,9	5,0
22,36	2,32	6,0	5,9	5,0
22,39	2,32	6,0	5,9	5,0
22,41	2,33	6,0	5,9	5,0
22,44	2,35	6,0	5,9	5,0
22,46	2,37	6,0	5,9	5,0
22,49	2,38	6,0	5,9	5,0
22,51	2,39	6,0	5,9	5,0
22,53	2,41	6,0	5,9	5,0
22,56	2,43	6,0	5,9	5,0
22,58	2,44	6,0	5,9	5,0
22,61	2,45	6,0	5,9	5,0
22,63	2,47	6,0	5,9	5,0
22,66	2,48	6,0	5,9	5,0
22,68	2,49	6,0	5,9	5,0
22,71	2,49	6,0	5,9	5,0
22,73	2,51	6,0	5,9	5,0
22,75	2,53	6,0	5,9	5,0
22,78	2,54	6,0	5,9	5,0
22,80	2,55	6,0	5,9	5,0
22,83	2,57	6,0	5,9	5,0
22,85	2,59	6,0	5,9	5,0
22,88	2,59	6,0	5,9	5,0
22,90	2,59	6,0	5,9	5,0
22,93	2,62	6,0	5,9	5,0
22,95	2,63	6,0	5,9	5,0
22,97	2,64	6,0	5,9	5,0
23,00	2,65	6,0	5,9	5,0
23,02	2,67	6,0	5,9	5,0
23,05	2,69	6,0	5,9	5,0
23,07	2,69	6,0	5,9	5,0
23,10	2,70	6,0	5,9	5,0
23,12	2,72	6,0	5,9	5,0
23,15	2,73	6,0	5,9	5,0
23,17	2,73	6,0	5,9	5,0
23,19	2,74	6,0	5,9	5,0
23,22	2,76	6,0	5,9	5,0
23,24	2,78	6,0	5,9	5,0
23,27	2,78	6,0	5,9	5,0
23,29	2,79	6,0	5,9	5,0
23,32	2,81	6,0	5,9	5,0
23,34	2,82	6,0	5,9	5,0
23,36	2,83	6,0	5,9	5,0
23,39	2,84	6,0	5,9	5,0
23,41	2,85	6,0	5,9	5,0
23,44	2,87	6,0	5,9	5,0
23,46	2,87	6,0	5,9	5,0
23,49	2,88	6,0	5,9	5,0
23,51	2,90	6,0	5,9	5,0
23,54	2,91	6,0	5,9	5,0
23,56	2,91	6,0	5,9	5,0
23,58	2,92	6,0	5,9	5,0
23,61	2,94	6,0	5,9	5,0
23,63	2,95	6,0	5,9	5,0
23,66	2,95	6,0	5,9	5,0
23,68	2,96	6,0	5,9	5,0
23,71	2,98	6,0	5,9	5,0
23,73	2,99	6,0	5,9	5,0
23,76	3,00	6,0	5,9	5,0
23,78	3,01	6,0	5,9	5,0
23,80	3,03	6,0	5,9	5,0
23,83	3,04	6,0	5,9	5,0
23,85	3,04	6,0	5,9	5,0
23,88	3,05	6,0	5,9	5,0
23,90	3,07	6,0	5,9	5,0
23,93	3,07	6,0	5,9	5,0
23,95	3,07	6,0	5,9	5,0
23,98	3,09	6,0	5,9	5,0
24,00	3,10	6,0	5,9	5,0
24,02	3,11	6,0	5,9	5,0
24,05	3,11	6,0	5,9	5,0
24,07	3,13	6,0	5,9	5,0
24,10	3,15	6,0	5,9	5,0
24,12	3,15	6,0	5,9	5,0
24,15	3,16	6,0	5,9	5,0
24,17	3,17	6,0	5,9	5,0
24,20	3,18	6,0	5,9	5,0
24,22	3,19	6,0	5,9	5,0
24,24	3,20	6,0	5,9	5,0
24,27	3,21	6,0	5,9	5,0
24,29	3,21	6,0	5,9	5,0
24,32	3,23	6,0	5,9	5,0
24,34	3,24	6,0	5,9	5,0
24,37	3,24	6,0	5,9	5,0
24,39	3,25	6,0	5,9	5,0
24,42	3,26	6,0	5,9	5,0
24,44	3,27	6,0	5,9	5,0
24,46	3,27	6,0	5,9	5,0
24,49	3,28	6,0	5,9	5,0
24,51	3,29	6,0	5,9	5,0
24,54	3,30	6,0	5,9	5,0
24,56	3,30	6,0	5,9	5,0
24,59	3,32	6,0	5,9	5,0
24,61	3,32	6,0	5,9	5,0
24,63	3,33	6,0	5,9	5,0
24,66	3,33	6,0	5,9	5,0
24,68	3,34	6,0	5,9	5,0
24,71	3,36	6,0	5,9	5,0
24,73	3,36	6,0	5,9	5,0
24,76	3,36	6,0	5,9	5,0
24,78	3,37	6,0	5,9	5,0
24,81	3,37	6,0	5,9	5,0
24,83	3,39	6,0	5,9	5,0
24,85	3,40	6,0	5,9	5,0
24,88	3,40	6,0	5,9	5,0
24,90	3,40	6,0	5,9	5,0
24,93	3,42	6,0	5,9	5,0
24,95	3,43	6,0	5,9	5,0
24,98	3,43	6,0	5,9	5,0
25,00	3,44	6,0	5,9	5,0
25,03	3,46	6,0	5,9	5,0
25,05	3,47	6,0	5,9	5,0
25,07	3,46	6,0	5,9	5,0
25,10	3,47	6,0	5,9	5,0
25,12	3,48	6,0	5,9	5,0
25,15	3,49	6,0	5,9	5,0
25,17	3,49	6,0	5,9	5,0
25,20	3,50	6,0	5,9	5,0
25,22	3,51	6,0	5,9	5,0
25,25	3,52	6,0	5,9	5,0
25,27	3,52	6,0	5,9	5,0
25,29	3,52	6,0	5,9	5,0
25,32	3,53	6,0	5,9	5,0
25,34	3,54	6,0	5,9	5,0
25,37	3,54	6,0	5,9	5,0
25,39	3,54	6,0	5,9	5,0
25,42	3,56	6,0	5,9	5,0
25,44	3,57	6,0	5,9	5,0
25,47	3,57	6,0	5,9	5,0
25,49	3,57	6,0	5,9	5,0
25,51	3,58	6,0	5,9	5,0
25,54	3,59	6,0	5,9	5,0
25,56	3,59	6,0	5,9	5,0
25,59	3,59	6,0	5,9	5,0
25,61	3,60	6,0	5,9	5,0
25,64	3,60	6,0	5,9	5,0
25,66	3,61	6,0	5,9	5,0
25,68	3,61	6,0	5,9	5,0
25,71	3,63	6,0	5,9	5,0
25,73	3,63	6,0	5,9	5,0
25,76	3,62	6,0	5,9	5,0
25,78	3,64	6,0	5,9	5,0
25,81	3,65	6,0	5,9	5,0
25,83	3,64	6,0	5,9	5,0
25,86	3,64	6,0	5,9	5,0
25,88	3,65	6,0	5,9	5,0
25,90	3,66	6,0	5,9	5,0
25,93	3,66	6,0	5,9	5,0
25,95	3,66	6,0	5,9	5,0
25,98	3,68	6,0	5,9	5,0
26,00	3,69	6,0	5,9	5,0
26,03	3,68	6,0	5,9	5,0
26,05	3,68	6,0	5,9	5,0
26,08	3,69	6,0	5,9	5,0
26,10	3,69	6,0	5,9	5,0
26,12	3,69	6,0	5,9	5,0
26,15	3,69	6,0	5,9	5,0
26,17	3,71	6,0	5,9	5,0
26,20	3,71	6,0	5,9	5,0
26,22	3,71	6,0	5,9	5,0
26,25	3,71	6,0	5,9	5,0
26,27	3,72	6,0	5,9	5,0
26,30	3,73	6,0	5,9	5,0
26,32	3,72	6,0	5,9	5,0
26,34	3,72	6,0	5,9	5,0
26,37	3,74	6,0	5,9	5,0
26,39	3,74	6,0	5,9	5,0
26,42	3,73	6,0	5,9	5,0
26,44	3,74	6,0	5,9	5,0
26,47	3,75	6,0	5,9	5,0
26,49	3,76	6,0	5,9	5,0
26,52	3,75	6,0	5,9	5,0
26,54	3,75	6,0	5,9	5,0
26,56	3,75	6,0	5,9	5,0
26,59	3,76	6,0	5,9	5,0
26,61	3,77	6,0	5,9	5,0
26,64	3,77	6,0	5,9	5,0
26,66	3,76	6,0	5,9	5,0
26,69	3,78	6,0	5,9	5,0
26,71	3,78	6,0	5,9	5,0
26,73	3,78	6,0	5,9	5,0
26,76	3,78	6,0	5,9	5,0
26,78	3,79	6,0	5,9	5,0
26,81	3,80	6,0	5,9	5,0
26,83	3,79	6,0	5,9	5,0
26,86	3,80	6,0	5,9	5,0
26,88	3,81	6,0	5,9	5,0
26,91	3,81	6,0	5,9	5,0
26,93	3,81	6,0	5,9	5,0
26,95	3,81	6,0	5,9	5,0
26,98	3,82	6,0	5,9	5,0
27,00	3,82	6,0	5,9	5,0
27,03	3,81	6,0	5,9	5,0
27,05	3,81	6,0	5,9	5,0
27,08	3,82	6,0	5,9	5,0
27,10	3,82	6,0	5,9	5,0
27,13	3,82	6,0	5,9	5,0
27,15	3,82	6,0	5,9	5,0
27,17	3,83	6,0	5,9	5,0
27,20	3,84	6,0	5,9	5,0
27,22	3,84	6,0	5,9	5,0
27,25	3,84	6,0	5,9	5,0
27,27	3,83	6,0	5,9	5,0
27,30	3,84	6,0	5,9	5,0
27,32	3,85	6,0	5,9	5,0
27,35	3,84	6,0	5,9	5,0
27,37	3,84	6,0	5,9	5,0
27,39	3,85	6,0	5,9	5,0
27,42	3,85	6,0	5,9	5,0
27,44	3,85	6,0	5,9	5,0
27,47	3,85	6,0	5,9	5,0
27,49	3,85	6,0	5,9	5,0
27,52	3,86	6,0	5,9	5,0
27,54	3,85	6,0	5,9	5,0
27,57	3,86	6,0	5,9	5,0
27,59	3,86	6,0	5,9	5,0
27,61	3,87	6,0	5,9	5,0
27,64	3,86	6,0	5,9	5,0
27,66	3,86	6,0	5,9	5,0
27,69	3,87	6,0	5,9	5,0
27,71	3,87	6,0	5,9	5,0
27,74	3,86	6,0	5,9	5,0
27,76	3,86	6,0	5,9	5,0
27,78	3,87	6,0	5,9	5,0
27,81	3,87	6,0	5,9	5,0
27,83	3,87	6,0	5,9	5,0
27,86	3,86	6,0	5,9	5,0
27,88	3,88	6,0	5,9	5,0
27,91	3,88	6,0	5,9	5,0
27,93	3,87	6,0	5,9	5,0
27,96	3,87	6,0	5,9	5,0
27,98	3,88	6,0	5,9	5,0
28,00	3,88	6,0	5,9	5,0
28,03	3,88	6,0	5,9	5,0
28,05	3,87	6,0	5,9	5,0
28,08	3,89	6,0	5,9	5,0
28,10	3,89	6,0	5,9	5,0
28,13	3,88	6,0	5,9	5,0
28,15	3,88	6,0	5,9	5,0
28,18	3,89	6,0	5,9	5,0
28,20	3,89	6,0	5,9	5,0
28,22	3,88	6,0	5,9	5,0
28,25	3,87	6,0	5,9	5,0
28,27	3,89	6,0	5,9	5,0
28,30	3,89	6,0	5,9	5,0
28,32	3,88	6,0	5,9	5,0
28,35	3,88	6,0	5,9	5,0
28,37	3,89	6,0	5,9	5,0
28,40	3,89	6,0	5,9	5,0
28,42	3,88	6,0	5,9	5,0
28,44	3,88	6,0	5,9	5,0
28,47	3,89	6,0	5,9	5,0
28,49	3,89	6,0	5,9	5,0
28,52	3,88	6,0	5,9	5,0
28,54	3,88	6,0	5,9	5,0
28,57	3,89	6,0	5,9	5,0
28,59	3,90	6,0	5,9	5,0
28,62	3,88	6,0	5,9	5,0
28,64	3,88	6,0	5,9	5,0
28,66	3,89	6,0	5,9	5,0
28,69	3,89	6,0	5,9	5,0
28,71	3,88	6,0	5,9	5,0
28,74	3,88	6,0	5,9	5,0
28,76	3,88	6,0	5,9	5,0
28,79	3,89	6,0	5,9	5,0
28,81	3,88	6,0	5,9	5,0
28,84	3,88	6,0	5,9	5,0
28,86	3,89	6,0	5,9	5,0
28,88	3,88	6,0	5,9	5,0
28,91	3,88	6,0	5,9	5,0
28,93	3,88	6,0	5,9	5,0
28,96	3,88	6,0	5,9	5,0
28,98	3,88	6,0	5,9	5,0
29,01	3,88	6,0	5,9	5,0
29,03	3,87	6,0	5,9	5,0
29,05	3,87	6,0	5,9	5,0
29,08	3,87	6,0	5,9	5,0
29,10	3,87	6,0	5,9	5,0
29,13	3,86	6,0	5,9	5,0
29,15	3,87	6,0	5,9	5,0
29,18	3,87	6,0	5,9	5,0
29,20	3,87	6,0	5,9	5,0
29,23	3,86	6,0	5,9	5,0
29,25	3,86	6,0	5,9	5,0
29,27	3,87	6,0	5,9	5,0
29,30	3,87	6,0	5,9	5,0
29,32	3,86	6,0	5,9	5,0
29,35	3,86	6,0	5,9	5,0
29,37	3,87	6,0	5,9	5,0
29,40	3,86	6,0	5,9	5,0
29,42	3,85	6,0	5,9	5,0
29,45	3,84	6,0	5,9	5,0
29,47	3,85	6,0	5,9	5,0
29,49	3,85	6,0	5,9	5,0
29,52	3,84	6,0	5,9	5,0
29,54	3,84	6,0	5,9	5,0
29,57	3,84	6,0	5,9	5,0
29,59	3,84	6,0	5,9	5,0
29,62	3,83	6,0	5,9	5,0
29,64	3,83	6,0	5,9	5,0
29,67	3,82	6,0	5,9	5,0
29,69	3,83	6,0	5,9	5,0
29,71	3,83	6,0	5,9	5,0
29,74	3,81	6,0	5,9	5,0
29,76	3,81	6,0	5,9	5,0
29,79	3,81	6,0	5,9	5,0
29,81	3,81	6,0	5,9	5,0
29,84	3,79	6,0	5,9	5,0
29,86	3,78	6,0	5,9	5,0
29,89	3,79	6,0	5,9	5,0
29,91	3,78	6,0	5,9	5,0
29,93	3,76	6,0	5,9	5,0
29,96	3,75	6,0	5,9	5,0
29,98	3,76	6,0	5,9	5,0
30,01	3,75	6,0	5,9	5,0
30,03	3,73	6,0	5,9	5,0
30,06	3,72	6,0	5,9	5,0
30,08	3,72	6,0	5,9	5,0
30,10	3,71	6,0	5,9	5,0
30,13	3,68	6,0	5,9	5,0
30,15	3,67	6,0	5,9	5,0
30,18	3,67	6,0	5,9	5,0
30,20	3,65	6,0	5,9	5,0
30,23	3,62	6,0	5,9	5,0
30,25	3,61	6,0	5,9	5,0
30,28	3,60	6,0	5,9	5,0
30,30	3,59	6,0	5,9	5,0
30,32	3,56	6,0	5,9	5,0
30,35	3,54	6,0	5,9	5,0
30,37	3,53	6,0	5,9	5,0
30,40	3,51	6,0	5,9	5,0
30,42	3,48	6,0	5,9	5,0
30,45	3,45	6,0	5,9	5,0
30,47	3,44	6,0	5,9	5,0
30,50	3,41	6,0	5,9	5,0
30,52	3,38	6,0	5,9	5,0
30,54	3,36	6,0	5,9	5,0
30,57	3,34	6,0	5,9	5,0
30,59	3,31	6,0	5,9	5,0
30,62	3,28	6,0	5,9	5,0
30,64	3,25	6,0	5,9	5,0
30,67	3,23	6,0	5,9	5,0
30,69	3,20	6,0	5,9	5,0
30,72	3,17	6,0	5,9	5,0
30,74	3,14	6,0	5,9	5,0
30,76	3,12	6,0	5,9	5,0
30,79	3,09	6,0	5,9	5,0
30,81	3,06	6,0	5,9	5,0
30,84	3,03	6,0	5,9	5,0
30,86	3,01	6,0	5,9	5,0
30,89	2,97	6,0	5,9	5,0
30,91	2,93	6,0	5,9	5,0
30,94	2,91	6,0	5,9	5,0
30,96	2,88	6,0	5,9	5,0
30,98	2,85	6,0	5,9	5,0
31,01	2,82	6,0	5,9	5,0
31,03	2,79	6,0	5,9	5,0
31,06	2,76	6,0	5,9	5,0
31,08	2,73	6,0	5,9	5,0
31,11	2,70	6,0	5,9	5,0
31,13	2,67	6,0	5,9	5,0
31,15	2,64	6,0	5,9	5,0
31,18	2,61	6,0	5,9	5,0
31,20	2,58	6,0	5,9	5,0
31,23	2,55	6,0	5,9	5,0
31,25	2,52	6,0	5,9	5,0
31,28	2,48	6,0	5,9	5,0
31,30	2,45	6,0	5,9	5,0
31,33	2,43	6,0	5,9	5,0
31,35	2,39	6,0	5,9	5,0
31,37	2,35	6,0	5,9	5,0
31,40	2,32	6,0	5,9	5,0
31,42	2,30	6,0	5,9	5,0
31,45	2,27	6,0	5,9	5,0
31,47	2,25	6,0	5,9	5,0
31,50	2,21	6,0	5,9	5,0
31,52	2,17	6,0	5,9	5,0
31,55	2,14	6,0	5,9	5,0
31,57	2,12	6,0	5,9	5,0
31,59	2,08	6,0	5,9	5,0
31,62	2,05	6,0	5,9	5,0
31,64	2,02	6,0	5,9	5,0
31,67	1,99	6,0	5,9	5,0
31,69	1,95	6,0	5,9	5,0
31,72	1,92	6,0	5,9	5,0
31,74	1,89	6,0	5,9	5,0
31,77	1,86	6,0	5,9	5,0
31,79	1,82	6,0	5,9	5,0
31,81	1,79	6,0	5,9	5,0
31,84	1,76	6,0	5,9	5,0
31,86	1,72	6,0	5,9	5,0
31,89	1,69	6,0	5,9	5,0
31,91	1,65	6,0	5,9	5,0
31,94	1,63	6,0	5,9	5,0
31,96	1,60	6,0	5,9	5,0
31,99	1,56	6,0	5,9	5,0
32,01	1,52	6,0	5,9	5,0
32,03	1,50	6,0	5,9	5,0
32,06	1,46	6,0	5,9	5,0
32,08	1,42	6,0	5,9	5,0
32,11	1,38	6,0	5,9	5,0
32,13	1,34	6,0	5,9	5,0
32,16	1,31	6,0	5,9	5,0
32,18	1,29	6,0	5,9	5,0
32,20	1,25	6,0	5,9	5,0
32,23	1,21	6,0	5,9	5,0
32,25	1,18	6,0	5,9	5,0
32,28	1,15	6,0	5,9	5,0
32,30	1,11	6,0	5,9	5,0
32,33	1,07	6,0	5,9	5,0
32,35	1,04	6,0	5,9	5,0
32,38	1,01	6,0	5,9	5,0
32,40	0,98	6,0	5,9	5,0
32,42	0,94	6,0	5,9	5,0
32,45	0,91	6,0	5,9	5,0
32,47	0,88	6,0	5,9	5,0
32,50	0,84	6,0	5,9	5,0
32,52	0,81	6,0	5,9	5,0
32,55	0,78	6,0	5,9	5,0
32,57	0,75	6,0	5,9	5,0
32,60	0,71	6,0	5,9	5,0
32,62	0,67	6,0	5,9	5,0
32,64	0,65	6,0	5,9	5,0
32,67	0,63	6,0	5,9	5,0
32,69	0,59	6,0	5,9	5,0
32,72	0,56	6,0	5,9	5,0
32,74	0,53	6,0	5,9	5,0
32,77	0,51	6,0	5,9	5,0
32,79	0,48	6,0	5,9	5,0
32,82	0,44	6,0	5,9	5,0
32,84	0,42	6,0	5,9	5,0
32,86	0,40	6,0	5,9	5,0
32,89	0,37	6,0	5,9	5,0
32,91	0,34	6,0	5,9	5,0
32,94	0,32	6,0	5,9	5,0
32,96	0,30	6,0	5,9	5,0
32,99	0,28	6,0	5,9	5,0
33,01	0,25	6,0	5,9	5,0
33,04	0,23	6,0	5,9	5,0
33,06	0,22	6,0	5,9	5,0
33,08	0,20	6,0	5,9	5,0
33,11	0,18	6,0	5,9	5,0
33,13	0,16	6,0	5,9	5,0
33,16	0,16	6,0	5,9	5,0
33,18	0,14	6,0	5,9	5,0
33,21	0,12	6,0	5,9	5,0
33,23	0,11	6,0	5,9	5,0
33,26	0,10	6,0	5,9	5,0
33,28	0,09	6,0	5,9	5,0
33,30	0,07	6,0	5,9	5,0
33,33	0,07	6,0	5,9	5,0
33,35	0,07	6,0	5,9	5,0
33,38	0,06	6,0	5,9	5,0
33,40	0,04	6,0	5,9	5,0
33,43	0,04	6,0	5,9	5,0
33,45	0,04	6,0	5,9	5,0
33,47	0,03	6,0	5,9	5,0
33,50	0,03	6,0	5,9	5,0
33,52	0,03	6,0	5,9	5,0
33,55	0,03	6,0	5,9	5,0
33,57	0,02	6,0	5,9	5,0
33,60	0,02	6,0	5,9	5,0
33,62	0,01	6,0	5,9	5,0
33,65	0,01	6,0	5,9	5,0
33,67	0,01	6,0	5,9	5,0
33,69	0,01	6,0	5,9	5,0
33,72	0,01	6,0	5,9	5,0
33,74	0,01	6,0	5,9	5,0
33,77	0,01	6,0	5,9	5,0
33,79	0,01	6,0	5,9	5,0
33,82	0,01	6,0	5,9	5,0
33,84	0,01	6,0	5,9	5,0
33,87	0,01	6,0	5,9	5,0
33,89	0,01	6,0	5,9	5,0
33,91	0,01	6,0	5,9	5,0
33,94	0,01	6,0	5,9	5,0
33,96	0,01	6,0	5,9	5,0
33,99	0,01	6,0	5,9	5,0
34,01	0,01	6,0	5,9	5,0
34,04	0,01	6,0	5,9	5,0
34,06	0,01	6,0	5,9	5,0
34,09	0,01	6,0	5,9	5,0
34,11	0,01	6,0	5,9	5,0
34,13	0,01	6,0	5,9	5,0
34,16	0,01	6,0	5,9	5,0
34,18	0,01	6,0	5,9	5,0
34,21	0,01	6,0	5,9	5,0
34,23	0,01	6,0	5,9	5,0
34,26	0,01	6,0	5,9	5,0
34,28	0,01	6,0	5,9	5,0
34,31	0,01	6,0	5,9	5,0
34,33	0,01	6,0	5,9	5,0
34,35	0,01	6,0	5,9	5,0
34,38	0,01	6,0	5,9	5,0
34,40	0,01	6,0	5,9	5,0
34,43	0,01	6,0	5,9	5,0
34,45	0,01	6,0	5,9	5,0
34,48	0,01	6,0	5,9	5,0
34,50	0,01	6,0	5,9	5,0
34,52	0,01	6,0	5,9	5,0
34,55	0,01	6,0	5,9	5,0
34,57	0,01	6,0	5,9	5,0
34,60	0,01	6,0	5,9	5,0
34,62	0,01	6,0	5,9	5,0
34,65	0,01	6,0	5,9	5,0
34,67	0,01	6,0	5,9	5,0
34,70	0,01	6,0	5,9	5,0
34,72	0,01	6,0	5,9	5,0
34,74	0,01	6,0	5,9	5,0
34,77	0,01	6,0	5,9	5,0
34,79	0,01	6,0	5,9	5,0
34,82	0,01	6,0	5,9	5,0
34,84	0,01	6,0	5,9	5,0
34,87	0,01	6,0	5,9	5,0
34,89	0,01	6,0	5,9	5,0
34,92	0,01	6,0	5,9	5,0
34,94	0,01	6,0	5,9	5,0
34,96	0,01	6,0	5,9	5,0
34,99	0,01	6,0	5,9	5,0
35,01	0,01	6,0	5,9	5,0
35,04	0,01	6,0	5,9	5,0
35,06	0,01	6,0	5,9	5,0
35,09	0,01	6,0	5,9	5,0
35,11	0,01	6,0	5,9	5,0
35,14	0,01	6,0	5,9	5,0
35,16	0,01	6,0	5,9	5,0
35,18	0,01	6,0	5,9	5,0
35,21	0,01	6,0	5,9	5,0
35,23	0,01	6,0	5,9	5,0
35,26	0,01	6,0	5,9	5,0
35,28	0,01	6,0	5,9	5,0
35,31	0,01	6,0	5,9	5,0
35,33	0,01	6,0	5,9	5,0
35,36	0,01	6,0	5,9	5,0
35,38	0,01	6,0	5,9	5,0
35,40	0,01	6,0	5,9	5,0
35,43	0,01	6,0	5,9	5,0
35,45	0,01	6,0	5,9	5,0
35,48	0,01	6,0	5,9	5,0
35,50	0,01	6,0	5,9	5,0
35,53	0,01	6,0	5,9	5,0
35,55	0,01	6,0	5,9	5,0
35,57	0,01	6,0	5,9	5,0
35,60	0,01	6,0	5,9	5,0
35,62	0,01	6,0	5,9	5,0
35,65	0,01	6,0	5,9	5,0
35,67	0,01	6,0	5,9	5,0
35,70	0,01	6,0	5,9	5,0
35,72	0,01	6,0	5,9	5,0
35,75	0,01	6,0	5,9	5,0
35,77	0,01	6,0	5,9	5,0
35,79	0,01	6,0	5,9	5,0
35,82	0,01	6,0	5,9	5,0
35,84	0,01	6,0	5,9	5,0
35,87	0,01	6,0	5,9	5,0
35,89	0,01	6,0	5,9	5,0
35,92	0,01	6,0	5,9	5,0
35,94	0,01	6,0	5,9	5,0
35,97	0,01	6,0	5,9	5,0
35,99	0,01	6,0	5,9	5,0
36,01	0,01	6,0	5,9	5,0
36,04	0,01	6,0	5,9	5,0
36,06	0,01	6,0	5,9	5,0
36,09	0,01	6,0	5,9	5,0
36,11	0,01	6,0	5,9	5,0
36,14	0,01	6,0	5,9	5,0
36,16	0,01	6,0	5,9	5,0
36,19	0,01	6,0	5,9	5,0
36,21	0,01	6,0	5,9	5,0
36,23	0,01	6,0	5,9	5,0
36,26	0,01	6,0	5,9	5,0
36,28	0,01	6,0	5,9	5,0
36,31	0,01	6,0	5,9	5,0
36,33	0,01	6,0	5,9	5,0
36,36	0,01	6,0	5,9	5,0
36,38	0,01	6,0	5,9	5,0
36,41	0,01	6,0	5,9	5,0
36,43	0,01	6,0	5,9	5,0
36,45	0,01	6,0	5,9	5,0
36,48	0,01	6,0	5,9	5,0
36,50	0,01	6,0	5,9	5,0
36,53	0,01	6,0	5,9	5,0
36,55	0,01	6,0	5,9	5,0
36,58	0,01	6,0	5,9	5,0
36,60	0,01	6,0	5,9	5,0
36,62	0,01	6,0	5,9	5,0
36,65	0,01	6,0	5,9	5,0
36,67	0,01	6,0	5,9	5,0
36,70	0,01	6,0	5,9	5,0
36,72	0,01	6,0	5,9	5,0
36,75	0,01	6,0	5,9	5,0
36,77	0,01	6,0	5,9	5,0
36,80	0,01	6,0	5,9	5,0
36,82	0,01	6,0	5,9	5,0
36,84	0,01	6,0	5,9	5,0
36,87	0,01	6,0	5,9	5,0
36,89	0,01	6,0	5,9	5,0
36,92	0,02	6,0	5,9	5,0
36,94	0,02	6,0	5,9	5,0
36,97	0,02	6,0	5,9	5,0
36,99	0,02	6,0	5,9	5,0
37,02	0,03	6,0	5,9	5,0
37,04	0,03	6,0	5,9	5,0
37,06	0,03	6,0	5,9	5,0
37,09	0,03	6,0	5,9	5,0
37,11	0,05	6,0	5,9	5,0
37,14	0,05	6,0	5,9	5,0
37,16	0,06	6,0	5,9	5,0
37,19	0,06	6,0	5,9	5,0
37,21	0,08	6,0	5,9	5,0
37,24	0,09	6,0	5,9	5,0
37,26	0,09	6,0	5,9	5,0
37,28	0,10	6,0	5,9	5,0
37,31	0,12	6,0	5,9	5,0
37,33	0,13	6,0	5,9	5,0
37,36	0,13	6,0	5,9	5,0
37,38	0,15	6,0	5,9	5,0
37,41	0,17	6,0	5,9	5,0
37,43	0,19	6,0	5,9	5,0
37,46	0,20	6,0	5,9	5,0
37,48	0,22	6,0	5,9	5,0
37,50	0,25	6,0	5,9	5,0
37,53	0,27	6,0	5,9	5,0
37,55	0,28	6,0	5,9	5,0
37,58	0,30	6,0	5,9	5,0
37,60	0,33	6,0	5,9	5,0
37,63	0,35	6,0	5,9	5,0
37,65	0,37	6,0	5,9	5,0
37,68	0,39	6,0	5,9	5,0
37,70	0,43	6,0	5,9	5,0
37,72	0,45	6,0	5,9	5,0
37,75	0,47	6,0	5,9	5,0
37,77	0,49	6,0	5,9	5,0
37,80	0,53	6,0	5,9	5,0
37,82	0,56	6,0	5,9	5,0
37,85	0,58	6,0	5,9	5,0
37,87	0,61	6,0	5,9	5,0
37,89	0,65	6,0	5,9	5,0
37,92	0,68	6,0	5,9	5,0
37,94	0,70	6,0	5,9	5,0
37,97	0,73	6,0	5,9	5,0
37,99	0,77	6,0	5,9	5,0
38,02	0,80	6,0	5,9	5,0
38,04	0,83	6,0	5,9	5,0
38,07	0,86	6,0	5,9	5,0
38,09	0,89	6,0	5,9	5,0
38,11	0,93	6,0	5,9	5,0
38,14	0,96	6,0	5,9	5,0
38,16	0,99	6,0	5,9	5,0
38,19	1,03	6,0	5,9	5,0
38,21	1,06	6,0	5,9	5,0
38,24	1,08	6,0	5,9	5,0
38,26	1,12	6,0	5,9	5,0
38,29	1,16	6,0	5,9	5,0
38,31	1,19	6,0	5,9	5,0
38,33	1,21	6,0	5,9	5,0
38,36	1,25	6,0	5,9	5,0
38,38	1,29	6,0	5,9	5,0
38,41	1,32	6,0	5,9	5,0
38,43	1,35	6,0	5,9	5,0
38,46	1,38	6,0	5,9	5,0
38,48	1,43	6,0	5,9	5,0
38,51	1,46	6,0	5,9	5,0
38,53	1,48	6,0	5,9	5,0
38,55	1,52	6,0	5,9	5,0
38,58	1,56	6,0	5,9	5,0
38,60	1,59	6,0	5,9	5,0
38,63	1,62	6,0	5,9	5,0
38,65	1,66	6,0	5,9	5,0
38,68	1,70	6,0	5,9	5,0
38,70	1,73	6,0	5,9	5,0
38,73	1,75	6,0	5,9	5,0
38,75	1,79	6,0	5,9	5,0
38,77	1,83	6,0	5,9	5,0
38,80	1,86	6,0	5,9	5,0
38,82	1,90	6,0	5,9	5,0
38,85	1,93	6,0	5,9	5,0
38,87	1,95	6,0	5,9	5,0
38,90	1,99	6,0	5,9	5,0
38,92	2,03	6,0	5,9	5,0
38,94	2,06	6,0	5,9	5,0
38,97	2,09	6,0	5,9	5,0
38,99	2,13	6,0	5,9	5,0
39,02	2,16	6,0	5,9	5,0
39,04	2,19	6,0	5,9	5,0
39,07	2,22	6,0	5,9	5,0
39,09	2,26	6,0	5,9	5,0
39,12	2,29	6,0	5,9	5,0
39,14	2,31	6,0	5,9	5,0
39,16	2,35	6,0	5,9	5,0
39,19	2,38	6,0	5,9	5,0
39,21	2,41	6,0	5,9	5,0
39,24	2,44	6,0	5,9	5,0
39,26	2,47	6,0	5,9	5,0
39,29	2,51	6,0	5,9	5,0
39,31	2,54	6,0	5,9	5,0
39,34	2,57	6,0	5,9	5,0
39,36	2,60	6,0	5,9	5,0
39,38	2,64	6,0	5,9	5,0
39,41	2,67	6,0	5,9	5,0
39,43	2,71	6,0	5,9	5,0
39,46	2,73	6,0	5,9	5,0
39,48	2,76	6,0	5,9	5,0
39,51	2,80	6,0	5,9	5,0
39,53	2,83	6,0	5,9	5,0
39,56	2,86	6,0	5,9	5,0
39,58	2,89	6,0	5,9	5,0
39,60	2,93	6,0	5,9	5,0
39,63	2,97	6,0	5,9	5,0
39,65	2,99	6,0	5,9	5,0
39,68	3,02	6,0	5,9	5,0
39,70	3,06	6,0	5,9	5,0
39,73	3,10	6,0	5,9	5,0
39,75	3,12	6,0	5,9	5,0
39,78	3,16	6,0	5,9	5,0
39,80	3,20	6,0	5,9	5,0
39,82	3,24	6,0	5,9	5,0
39,85	3,27	6,0	5,9	5,0
39,87	3,30	6,0	5,9	5,0
39,90	3,34	6,0	5,9	5,0
39,92	3,37	6,0	5,9	5,0
39,95	3,40	6,0	5,9	5,0
39,97	3,43	6,0	5,9	5,0
39,99	3,47	6,0	5,9	5,0
40,02	3,50	6,0	5,9	5,0
40,04	3,53	6,0	5,9	5,0
40,07	3,56	6,0	5,9	5,0
40,09	3,60	6,0	5,9	5,0
40,12	3,64	6,0	5,9	5,0
40,14	3,66	6,0	5,9	5,0
40,17	3,70	6,0	5,9	5,0
40,19	3,73	6,0	5,9	5,0
40,21	3,76	6,0	5,9	5,0
40,24	3,79	6,0	5,9	5,0
40,26	3,82	6,0	5,9	5,0
40,29	3,86	6,0	5,9	5,0
40,31	3,89	6,0	5,9	5,0
40,34	3,92	6,0	5,9	5,0
40,36	3,95	6,0	5,9	5,0
40,39	3,99	6,0	5,9	5,0
40,41	4,01	6,0	5,9	5,0
40,43	4,04	6,0	5,9	5,0
40,46	4,07	6,0	5,9	5,0
40,48	4,11	6,0	5,9	5,0
40,51	4,13	6,0	5,9	5,0
40,53	4,16	6,0	5,9	5,0
40,56	4,20	6,0	5,9	5,0
40,58	4,24	6,0	5,9	5,0
40,61	4,26	6,0	5,9	5,0
40,63	4,29	6,0	5,9	5,0
40,65	4,33	6,0	5,9	5,0
40,68	4,37	6,0	5,9	5,0
40,70	4,39	6,0	5,9	5,0
40,73	4,41	6,0	5,9	5,0
40,75	4,45	6,0	5,9	5,0
40,78	4,48	6,0	5,9	5,0
40,80	4,50	6,0	5,9	5,0
40,83	4,53	6,0	5,9	5,0
40,85	4,57	6,0	5,9	5,0
40,87	4,61	6,0	5,9	5,0
40,90	4,63	6,0	5,9	5,0
40,92	4,65	6,0	5,9	5,0
40,95	4,69	6,0	5,9	5,0
40,97	4,73	6,0	5,9	5,0
41,00	4,75	6,0	5,9	5,0
41,02	4,78	6,0	5,9	5,0
41,05	4,82	6,0	5,9	5,0
41,07	4,86	6,0	5,9	5,0
41,09	4,88	6,0	5,9	5,0
41,12	4,90	6,0	5,9	5,0
41,14	4,94	6,0	5,9	5,0
41,17	4,98	6,0	5,9	5,0
41,19	4,99	6,0	5,9	5,0
41,22	5,02	6,0	5,9	5,0
41,24	5,04	6,0	5,9	5,0
41,26	5,08	6,0	5,9	5,0
41,29	5,11	6,0	5,9	5,0
41,31	5,13	6,0	5,9	5,0
41,34	5,16	6,0	5,9	5,0
41,36	5,19	6,0	5,9	5,0
41,39	5,23	6,0	5,9	5,0
41,41	5,25	6,0	5,9	5,0
41,44	5,28	6,0	5,9	5,0
41,46	5,31	6,0	5,9	5,0
41,48	5,34	6,0	5,9	5,0
41,51	5,36	6,0	5,9	5,0
41,53	5,39	6,0	5,9	5,0
41,56	5,43	6,0	5,9	5,0
41,58	5,46	6,0	5,9	5,0
41,61	5,48	6,0	5,9	5,0
41,63	5,51	6,0	5,9	5,0
41,66	5,54	6,0	5,9	5,0
41,68	5,57	6,0	5,9	5,0
41,70	5,59	6,0	5,9	5,0
41,73	5,61	6,0	5,9	5,0
41,75	5,65	6,0	5,9	5,0
41,78	5,68	6,0	5,9	5,0
41,80	5,70	6,0	5,9	5,0
41,83	5,72	6,0	5,9	5,0
41,85	5,75	6,0	5,9	5,0
41,88	5,78	6,0	5,9	5,0
41,90	5,81	6,0	5,9	5,0
41,92	5,83	6,0	5,9	5,0
41,95	5,85	6,0	5,9	5,0
41,97	5,88	6,0	5,9	5,0
42,00	5,91	6,0	5,9	5,0
42,02	5,94	6,0	5,9	5,0
42,05	5,95	6,0	5,9	5,0
42,07	5,98	6,0	5,9	5,0
42,10	6,02	6,0	5,9	5,0
42,12	6,03	6,0	5,9	5,0
42,14	6,05	6,0	5,9	5,0
42,17	6,08	6,0	5,9	5,0
42,19	6,12	6,0	5,9	5,0
42,22	6,14	6,0	5,9	5,0
42,24	6,15	6,0	5,9	5,0
42,27	6,19	6,0	5,9	5,0
42,29	6,22	6,0	5,9	5,0
42,31	6,24	6,0	5,9	5,0
42,34	6,26	6,0	5,9	5,0
42,36	6,29	6,0	5,9	5,0
42,39	6,32	6,0	5,9	5,0
42,41	6,33	6,0	5,9	5,0
42,44	6,34	6,0	5,9	5,0
42,46	6,38	6,0	5,9	5,0
42,49	6,41	6,0	5,9	5,0
42,51	6,42	6,0	5,9	5,0
42,53	6,44	6,0	5,9	5,0
42,56	6,47	6,0	5,9	5,0
42,58	6,50	6,0	5,9	5,0
42,61	6,51	6,0	5,9	5,0
42,63	6,53	6,0	5,9	5,0
42,66	6,57	6,0	5,9	5,0
42,68	6,59	6,0	5,9	5,0
42,71	6,60	6,0	5,9	5,0
42,73	6,62	6,0	5,9	5,0
42,75	6,65	6,0	5,9	5,0
42,78	6,68	6,0	5,9	5,0
42,80	6,69	6,0	5,9	5,0
42,83	6,71	6,0	5,9	5,0
42,85	6,74	6,0	5,9	5,0
42,88	6,76	6,0	5,9	5,0
42,90	6,77	6,0	5,9	5,0
42,93	6,78	6,0	5,9	5,0
42,95	6,82	6,0	5,9	5,0
42,97	6,85	6,0	5,9	5,0
43,00	6,86	6,0	5,9	5,0
43,02	6,88	6,0	5,9	5,0
43,05	6,91	6,0	5,9	5,0
43,07	6,93	6,0	5,9	5,0
43,10	6,94	6,0	5,9	5,0
43,12	6,96	6,0	5,9	5,0
43,15	6,98	6,0	5,9	5,0
43,17	7,01	6,0	5,9	5,0
43,19	7,02	6,0	5,9	5,0
43,22	7,04	6,0	5,9	5,0
43,24	7,06	6,0	5,9	5,0
43,27	7,08	6,0	5,9	5,0
43,29	7,10	6,0	5,9	5,0
43,32	7,11	6,0	5,9	5,0
43,34	7,14	6,0	5,9	5,0
43,36	7,16	6,0	5,9	5,0
43,39	7,17	6,0	5,9	5,0
43,41	7,19	6,0	5,9	5,0
43,44	7,22	6,0	5,9	5,0
43,46	7,24	6,0	5,9	5,0
43,49	7,25	6,0	5,9	5,0
43,51	7,27	6,0	5,9	5,0
43,54	7,30	6,0	5,9	5,0
43,56	7,32	6,0	5,9	5,0
43,58	7,33	6,0	5,9	5,0
43,61	7,35	6,0	5,9	5,0
43,63	7,37	6,0	5,9	5,0
43,66	7,38	6,0	5,9	5,0
43,68	7,40	6,0	5,9	5,0
43,71	7,41	6,0	5,9	5,0
43,73	7,42	6,0	5,9	5,0
43,76	7,45	6,0	5,9	5,0
43,78	7,47	6,0	5,9	5,0
43,80	7,49	6,0	5,9	5,0
43,83	7,50	6,0	5,9	5,0
43,85	7,52	6,0	5,9	5,0
43,88	7,53	6,0	5,9	5,0
43,90	7,55	6,0	5,9	5,0
43,93	7,56	6,0	5,9	5,0
43,95	7,58	6,0	5,9	5,0
43,98	7,60	6,0	5,9	5,0
44,00	7,61	6,0	5,9	5,0
44,02	7,62	6,0	5,9	5,0
44,05	7,65	6,0	5,9	5,0
44,07	7,66	6,0	5,9	5,0
44,10	7,67	6,0	5,9	5,0
44,12	7,68	6,0	5,9	5,0
44,15	7,70	6,0	5,9	5,0
44,17	7,72	6,0	5,9	5,0
44,20	7,73	6,0	5,9	5,0
44,22	7,74	6,0	5,9	5,0
44,24	7,76	6,0	5,9	5,0
44,27	7,78	6,0	5,9	5,0
44,29	7,78	6,0	5,9	5,0
44,32	7,80	6,0	5,9	5,0
44,34	7,80	6,0	5,9	5,0
44,37	7,83	6,0	5,9	5,0
44,39	7,85	6,0	5,9	5,0
44,41	7,84	6,0	5,9	5,0
44,44	7,85	6,0	5,9	5,0
44,46	7,87	6,0	5,9	5,0
44,49	7,89	6,0	5,9	5,0
44,51	7,89	6,0	5,9	5,0
44,54	7,90	6,0	5,9	5,0
44,56	7,92	6,0	5,9	5,0
44,59	7,93	6,0	5,9	5,0
44,61	7,93	6,0	5,9	5,0
44,63	7,95	6,0	5,9	5,0
44,66	7,97	6,0	5,9	5,0
44,68	7,98	6,0	5,9	5,0
44,71	7,98	6,0	5,9	5,0
44,73	7,99	6,0	5,9	5,0
44,76	8,02	6,0	5,9	5,0
44,78	8,03	6,0	5,9	5,0
44,81	8,03	6,0	5,9	5,0
44,83	8,04	6,0	5,9	5,0
44,85	8,06	6,0	5,9	5,0
44,88	8,07	6,0	5,9	5,0
44,90	8,08	6,0	5,9	5,0
44,93	8,08	6,0	5,9	5,0
44,95	8,10	6,0	5,9	5,0
44,98	8,11	6,0	5,9	5,0
45,00	8,12	6,0	5,9	5,0
45,03	8,13	6,0	5,9	5,0
45,05	8,14	6,0	5,9	5,0
45,07	8,15	6,0	5,9	5,0
45,10	8,16	6,0	5,9	5,0
45,12	8,17	6,0	5,9	5,0
45,15	8,19	6,0	5,9	5,0
45,17	8,20	6,0	5,9	5,0
45,20	8,20	6,0	5,9	5,0
45,22	8,21	6,0	5,9	5,0
45,25	8,23	6,0	5,9	5,0
45,27	8,23	6,0	5,9	5,0
45,29	8,23	6,0	5,9	5,0
45,32	8,25	6,0	5,9	5,0
45,34	8,26	6,0	5,9	5,0
45,37	8,26	6,0	5,9	5,0
45,39	8,27	6,0	5,9	5,0
45,42	8,28	6,0	5,9	5,0
45,44	8,30	6,0	5,9	5,0
45,47	8,30	6,0	5,9	5,0
45,49	8,30	6,0	5,9	5,0
45,51	8,31	6,0	5,9	5,0
45,54	8,32	6,0	5,9	5,0
45,56	8,32	6,0	5,9	5,0
45,59	8,32	6,0	5,9	5,0
45,61	8,34	6,0	5,9	5,0
45,64	8,35	6,0	5,9	5,0
45,66	8,35	6,0	5,9	5,0
45,68	8,35	6,0	5,9	5,0
45,71	8,37	6,0	5,9	5,0
45,73	8,38	6,0	5,9	5,0
45,76	8,37	6,0	5,9	5,0
45,78	8,37	6,0	5,9	5,0
45,81	8,39	6,0	5,9	5,0
45,83	8,39	6,0	5,9	5,0
45,86	8,39	6,0	5,9	5,0
45,88	8,39	6,0	5,9	5,0
45,90	8,41	6,0	5,9	5,0
45,93	8,41	6,0	5,9	5,0
45,95	8,41	6,0	5,9	5,0
45,98	8,41	6,0	5,9	5,0
46,00	8,42	6,0	5,9	5,0
46,03	8,43	6,0	5,9	5,0
46,05	8,41	6,0	5,9	5,0
46,08	8,42	6,0	5,9	5,0
46,10	8,42	6,0	5,9	5,0
46,12	8,42	6,0	5,9	5,0
46,15	8,43	6,0	5,9	5,0
46,17	8,44	6,0	5,9	5,0
46,20	8,43	6,0	5,9	5,0
46,22	8,44	6,0	5,9	5,0
46,25	8,44	6,0	5,9	5,0
46,27	8,44	6,0	5,9	5,0
46,30	8,43	6,0	5,9	5,0
46,32	8,44	6,0	5,9	5,0
46,34	8,45	6,0	5,9	5,0
46,37	8,44	6,0	5,9	5,0
46,39	8,44	6,0	5,9	5,0
46,42	8,45	6,0	5,9	5,0
46,44	8,45	6,0	5,9	5,0
46,47	8,44	6,0	5,9	5,0
46,49	8,44	6,0	5,9	5,0
46,52	8,45	6,0	5,9	5,0
46,54	8,45	6,0	5,9	5,0
46,56	8,45	6,0	5,9	5,0
46,59	8,45	6,0	5,9	5,0
46,61	8,45	6,0	5,9	5,0
46,64	8,45	6,0	5,9	5,0
46,66	8,44	6,0	5,9	5,0
46,69	8,44	6,0	5,9	5,0
46,71	8,44	6,0	5,9	5,0
46,73	8,44	6,0	5,9	5,0
46,76	8,43	6,0	5,9	5,0
46,78	8,43	6,0	5,9	5,0
46,81	8,42	6,0	5,9	5,0
46,83	8,41	6,0	5,9	5,0
46,86	8,41	6,0	5,9	5,0
46,88	8,40	6,0	5,9	5,0
46,91	8,39	6,0	5,9	5,0
46,93	8,38	6,0	5,9	5,0
46,95	8,38	6,0	5,9	5,0
46,98	8,37	6,0	5,9	5,0
47,00	8,35	6,0	5,9	5,0
47,03	8,35	6,0	5,9	5,0
47,05	8,34	6,0	5,9	5,0
47,08	8,32	6,0	5,9	5,0
47,10	8,30	6,0	5,9	5,0
47,13	8,29	6,0	5,9	5,0
47,15	8,28	6,0	5,9	5,0
47,17	8,26	6,0	5,9	5,0
47,20	8,23	6,0	5,9	5,0
47,22	8,22	6,0	5,9	5,0
47,25	8,20	6,0	5,9	5,0
47,27	8,18	6,0	5,9	5,0
47,30	8,16	6,0	5,9	5,0
47,32	8,15	6,0	5,9	5,0
47,35	8,13	6,0	5,9	5,0
47,37	8,10	6,0	5,9	5,0
47,39	8,08	6,0	5,9	5,0
47,42	8,06	6,0	5,9	5,0
47,44	8,04	6,0	5,9	5,0
47,47	8,01	6,0	5,9	5,0
47,49	7,98	6,0	5,9	5,0
47,52	7,96	6,0	5,9	5,0
47,54	7,94	6,0	5,9	5,0
47,57	7,91	6,0	5,9	5,0
47,59	7,88	6,0	5,9	5,0
47,61	7,87	6,0	5,9	5,0
47,64	7,84	6,0	5,9	5,0
47,66	7,80	6,0	5,9	5,0
47,69	7,77	6,0	5,9	5,0
47,71	7,76	6,0	5,9	5,0
47,74	7,73	6,0	5,9	5,0
47,76	7,70	6,0	5,9	5,0
47,78	7,67	6,0	5,9	5,0
47,81	7,65	6,0	5,9	5,0
47,83	7,63	6,0	5,9	5,0
47,86	7,59	6,0	5,9	5,0
47,88	7,56	6,0	5,9	5,0
47,91	7,54	6,0	5,9	5,0
47,93	7,52	6,0	5,9	5,0
47,96	7,47	6,0	5,9	5,0
47,98	7,44	6,0	5,9	5,0
48,00	7,43	6,0	5,9	5,0
48,03	7,40	6,0	5,9	5,0
48,05	7,36	6,0	5,9	5,0
48,08	7,33	6,0	5,9	5,0
48,10	7,31	6,0	5,9	5,0
48,13	7,28	6,0	5,9	5,0
48,15	7,24	6,0	5,9	5,0
48,18	7,21	6,0	5,9	5,0
48,20	7,19	6,0	5,9	5,0
48,22	7,16	6,0	5,9	5,0
48,25	7,12	6,0	5,9	5,0
48,27	7,08	6,0	5,9	5,0
48,30	7,06	6,0	5,9	5,0
48,32	7,03	6,0	5,9	5,0
48,35	6,99	6,0	5,9	5,0
48,37	6,95	6,0	5,9	5,0
48,40	6,93	6,0	5,9	5,0
48,42	6,90	6,0	5,9	5,0
48,44	6,86	6,0	5,9	5,0
48,47	6,82	6,0	5,9	5,0
48,49	6,80	6,0	5,9	5,0
48,52	6,77	6,0	5,9	5,0
48,54	6,73	6,0	5,9	5,0
48,57	6,69	6,0	5,9	5,0
48,59	6,66	6,0	5,9	5,0
48,62	6,62	6,0	5,9	5,0
48,64	6,59	6,0	5,9	5,0
48,66	6,54	6,0	5,9	5,0
48,69	6,51	6,0	5,9	5,0
48,71	6,47	6,0	5,9	5,0
48,74	6,44	6,0	5,9	5,0
48,76	6,40	6,0	5,9	5,0
48,79	6,36	6,0	5,9	5,0
48,81	6,33	6,0	5,9	5,0
48,84	6,29	6,0	5,9	5,0
48,86	6,24	6,0	5,9	5,0
48,88	6,20	6,0	5,9	5,0
48,91	6,17	6,0	5,9	5,0
48,93	6,13	6,0	5,9	5,0
48,96	6,08	6,0	5,9	5,0
48,98	6,04	6,0	5,9	5,0
49,01	6,01	6,0	5,9	5,0
49,03	5,97	6,0	5,9	5,0
49,05	5,92	6,0	5,9	5,0
49,08	5,88	6,0	5,9	5,0
49,10	5,85	6,0	5,9	5,0
49,13	5,80	6,0	5,9	5,0
49,15	5,75	6,0	5,9	5,0
49,18	5,71	6,0	5,9	5,0
49,20	5,67	6,0	5,9	5,0
49,23	5,63	6,0	5,9	5,0
49,25	5,59	6,0	5,9	5,0
49,27	5,54	6,0	5,9	5,0
49,30	5,49	6,0	5,9	5,0
49,32	5,46	6,0	5,9	5,0
49,35	5,42	6,0	5,9	5,0
49,37	5,36	6,0	5,9	5,0
49,40	5,32	6,0	5,9	5,0
49,42	5,28	6,0	5,9	5,0
49,45	5,23	6,0	5,9	5,0
49,47	5,18	6,0	5,9	5,0
49,49	5,13	6,0	5,9	5,0
49,52	5,10	6,0	5,9	5,0
49,54	5,05	6,0	5,9	5,0
49,57	5,00	6,0	5,9	5,0
49,59	4,95	6,0	5,9	5,0
49,62	4,92	6,0	5,9	5,0
49,64	4,87	6,0	5,9	5,0
49,67	4,82	6,0	5,9	5,0
49,69	4,77	6,0	5,9	5,0
49,71	4,75	6,0	5,9	5,0
49,74	4,70	6,0	5,9	5,0
49,76	4,65	6,0	5,9	5,0
49,79	4,60	6,0	5,9	5,0
49,81	4,57	6,0	5,9	5,0
49,84	4,52	6,0	5,9	5,0
49,86	4,46	6,0	5,9	5,0
49,89	4,42	6,0	5,9	5,0
49,91	4,39	6,0	5,9	5,0
49,93	4,35	6,0	5,9	5,0
49,96	4,29	6,0	5,9	5,0
49,98	4,25	6,0	5,9	5,0
50,01	4,22	6,0	5,9	5,0
50,03	4,18	6,0	5,9	5,0
50,06	4,12	6,0	5,9	5,0
50,08	4,08	6,0	5,9	5,0
50,10	4,04	6,0	5,9	5,0
50,13	4,00	6,0	5,9	5,0
50,15	3,94	6,0	5,9	5,0
50,18	3,90	6,0	5,9	5,0
50,20	3,87	6,0	5,9	5,0
50,23	3,83	6,0	5,9	5,0
50,25	3,77	6,0	5,9	5,0
50,28	3,73	6,0	5,9	5,0
50,30	3,70	6,0	5,9	5,0
50,32	3,65	6,0	5,9	5,0
50,35	3,60	6,0	5,9	5,0
50,37	3,55	6,0	5,9	5,0
50,40	3,52	6,0	5,9	5,0
50,42	3,47	6,0	5,9	5,0
50,45	3,42	6,0	5,9	5,0
50,47	3,38	6,0	5,9	5,0
50,50	3,35	6,0	5,9	5,0
50,52	3,30	6,0	5,9	5,0
50,54	3,25	6,0	5,9	5,0
50,57	3,21	6,0	5,9	5,0
50,59	3,16	6,0	5,9	5,0
50,62	3,12	6,0	5,9	5,0
50,64	3,07	6,0	5,9	5,0
50,67	3,03	6,0	5,9	5,0
50,69	2,99	6,0	5,9	5,0
50,72	2,94	6,0	5,9	5,0
50,74	2,90	6,0	5,9	5,0
50,76	2,86	6,0	5,9	5,0
50,79	2,82	6,0	5,9	5,0
50,81	2,77	6,0	5,9	5,0
50,84	2,72	6,0	5,9	5,0
50,86	2,68	6,0	5,9	5,0
50,89	2,64	6,0	5,9	5,0
50,91	2,59	6,0	5,9	5,0
50,94	2,55	6,0	5,9	5,0
50,96	2,51	6,0	5,9	5,0
50,98	2,47	6,0	5,9	5,0
51,01	2,43	6,0	5,9	5,0
51,03	2,39	6,0	5,9	5,0
51,06	2,34	6,0	5,9	5,0
51,08	2,29	6,0	5,9	5,0
51,11	2,27	6,0	5,9	5,0
51,13	2,22	6,0	5,9	5,0
51,15	2,18	6,0	5,9	5,0
51,18	2,14	6,0	5,9	5,0
51,20	2,10	6,0	5,9	5,0
51,23	2,06	6,0	5,9	5,0
51,25	2,02	6,0	5,9	5,0
51,28	1,97	6,0	5,9	5,0
51,30	1,94	6,0	5,9	5,0
51,33	1,89	6,0	5,9	5,0
51,35	1,85	6,0	5,9	5,0
51,37	1,81	6,0	5,9	5,0
51,40	1,77	6,0	5,9	5,0
51,42	1,73	6,0	5,9	5,0
51,45	1,69	6,0	5,9	5,0
51,47	1,66	6,0	5,9	5,0
51,50	1,62	6,0	5,9	5,0
51,52	1,58	6,0	5,9	5,0
51,55	1,54	6,0	5,9	5,0
51,57	1,50	6,0	5,9	5,0
51,59	1,47	6,0	5,9	5,0
51,62	1,44	6,0	5,9	5,0
51,64	1,40	6,0	5,9	5,0
51,67	1,35	6,0	5,9	5,0
51,69	1,31	6,0	5,9	5,0
51,72	1,29	6,0	5,9	5,0
51,74	1,25	6,0	5,9	5,0
51,77	1,20	6,0	5,9	5,0
51,79	1,16	6,0	5,9	5,0
51,81	1,14	6,0	5,9	5,0
51,84	1,10	6,0	5,9	5,0
51,86	1,05	6,0	5,9	5,0
51,89	1,02	6,0	5,9	5,0
51,91	0,99	6,0	5,9	5,0
51,94	0,96	6,0	5,9	5,0
51,96	0,91	6,0	5,9	5,0
51,99	0,88	6,0	5,9	5,0
52,01	0,85	6,0	5,9	5,0
52,03	0,82	6,0	5,9	5,0
52,06	0,77	6,0	5,9	5,0
52,08	0,75	6,0	5,9	5,0
52,11	0,72	6,0	5,9	5,0
52,13	0,69	6,0	5,9	5,0
52,16	0,65	6,0	5,9	5,0
52,18	0,62	6,0	5,9	5,0
52,20	0,60	6,0	5,9	5,0
52,23	0,56	6,0	5,9	5,0
52,25	0,53	6,0	5,9	5,0
52,28	0,50	6,0	5,9	5,0
52,30	0,47	6,0	5,9	5,0
52,33	0,45	6,0	5,9	5,0
52,35	0,41	6,0	5,9	5,0
52,38	0,39	6,0	5,9	5,0
52,40	0,37	6,0	5,9	5,0
52,42	0,35	6,0	5,9	5,0
52,45	0,32	6,0	5,9	5,0
52,47	0,30	6,0	5,9	5,0
52,50	0,28	6,0	5,9	5,0
52,52	0,26	6,0	5,9	5,0
52,55	0,24	6,0	5,9	5,0
52,57	0,22	6,0	5,9	5,0
52,60	0,21	6,0	5,9	5,0
52,62	0,20	6,0	5,9	5,0
52,64	0,17	6,0	5,9	5,0
52,67	0,16	6,0	5,9	5,0
52,69	0,16	6,0	5,9	5,0
52,72	0,15	6,0	5,9	5,0
52,74	0,12	6,0	5,9	5,0
52,77	0,11	6,0	5,9	5,0
52,79	0,11	6,0	5,9	5,0
52,82	0,10	6,0	5,9	5,0
52,84	0,09	6,0	5,9	5,0
52,86	0,08	6,0	5,9	5,0
52,89	0,08	6,0	5,9	5,0
52,91	0,07	6,0	5,9	5,0
52,94	0,06	6,0	5,9	5,0
52,96	0,06	6,0	5,9	5,0
52,99	0,06	6,0	5,9	5,0
53,01	0,05	6,0	5,9	5,0
53,04	0,04	6,0	5,9	5,0
53,06	0,04	6,0	5,9	5,0
53,08	0,04	6,0	5,9	5,0
53,11	0,04	6,0	5,9	5,0
53,13	0,03	6,0	5,9	5,0
53,16	0,03	6,0	5,9	5,0
53,18	0,03	6,0	5,9	5,0
53,21	0,03	6,0	5,9	5,0
53,23	0,02	6,0	5,9	5,0
53,26	0,02	6,0	5,9	5,0
53,28	0,02	6,0	5,9	5,0
53,30	0,02	6,0	5,9	5,0
53,33	0,01	6,0	5,9	5,0
53,35	0,01	6,0	5,9	5,0
53,38	0,01	6,0	5,9	5,0
53,40	0,01	6,0	5,9	5,0
53,43	0,01	6,0	5,9	5,0
53,45	0,01	6,0	5,9	5,0
53,47	0,01	6,0	5,9	5,0
53,50	0,01	6,0	5,9	5,0
53,52	0,01	6,0	5,9	5,0
53,55	0,01	6,0	5,9	5,0
53,57	0,01	6,0	5,9	5,0
53,60	0,01	6,0	5,9	5,0
53,62	0,01	6,0	5,9	5,0
53,65	0,01	6,0	5,9	5,0
53,67	0,01	6,0	5,9	5,0
53,69	0,01	6,0	5,9	5,0
53,72	0,01	6,0	5,9	5,0
53,74	0,01	6,0	5,9	5,0
53,77	0,01	6,0	5,9	5,0
53,79	0,01	6,0	5,9	5,0
53,82	0,01	6,0	5,9	5,0
53,84	0,01	6,0	5,9	5,0
53,87	0,01	6,0	5,9	5,0
53,89	0,01	6,0	5,9	5,0
53,91	0,01	6,0	5,9	5,0
53,94	0,01	6,0	5,9	5,0
53,96	0,01	6,0	5,9	5,0
53,99	0,01	6,0	5,9	5,0
54,01	0,01	6,0	5,9	5,0
54,04	0,01	6,0	5,9	5,0
54,06	0,01	6,0	5,9	5,0
54,09	0,01	6,0	5,9	5,0
54,11	0,01	6,0	5,9	5,0
54,13	0,01	6,0	5,9	5,0
54,16	0,01	6,0	5,9	5,0
54,18	0,01	6,0	5,9	5,0
54,21	0,01	6,0	5,9	5,0
54,23	0,01	6,0	5,9	5,0
54,26	0,01	6,0	5,9	5,0
54,28	0,01	6,0	5,9	5,0
54,31	0,01	6,0	5,9	5,0
54,33	0,01	6,0	5,9	5,0
54,35	0,01	6,0	5,9	5,0
54,38	0,01	6,0	5,9	5,0
54,40	0,01	6,0	5,9	5,0
54,43	0,01	6,0	5,9	5,0
54,45	0,01	6,0	5,9	5,0
54,48	0,01	6,0	5,9	5,0
54,50	0,01	6,0	5,9	5,0
54,52	0,01	6,0	5,9	5,0
54,55	0,01	6,0	5,9	5,0
54,57	0,01	6,0	5,9	5,0
54,60	0,01	6,0	5,9	5,0
54,62	0,01	6,0	5,9	5,0
54,65	0,01	6,0	5,9	5,0
54,67	0,01	6,0	5,9	5,0
54,70	0,01	6,0	5,9	5,0
54,72	0,01	6,0	5,9	5,0
54,74	0,01	6,0	5,9	5,0
54,77	0,01	6,0	5,9	5,0
54,79	0,01	6,0	5,9	5,0
54,82	0,01	6,0	5,9	5,0
54,84	0,01	6,0	5,9	5,0
54,87	0,01	6,0	5,9	5,0
54,89	0,01	6,0	5,9	5,0
54,92	0,01	6,0	5,9	5,0
54,94	0,01	6,0	5,9	5,0
54,96	0,01	6,0	5,9	5,0
54,99	0,01	6,0	5,9	5,0
55,01	0,01	6,0	5,9	5,0
55,04	0,02	6,0	5,9	5,0
55,06	0,02	6,0	5,9	5,0
55,09	0,02	6,0	5,9	5,0
55,11	0,02	6,0	5,9	5,0
55,14	0,02	6,0	5,9	5,0
55,16	0,03	6,0	5,9	5,0
55,18	0,03	6,0	5,9	5,0
55,21	0,02	6,0	5,9	5,0
55,23	0,03	6,0	5,9	5,0
55,26	0,03	6,0	5,9	5,0
55,28	0,03	6,0	5,9	5,0
55,31	0,03	6,0	5,9	5,0
55,33	0,05	6,0	5,9	5,0
55,36	0,05	6,0	5,9	5,0
55,38	0,05	6,0	5,9	5,0
55,40	0,05	6,0	5,9	5,0
55,43	0,07	6,0	5,9	5,0
55,45	0,08	6,0	5,9	5,0
55,48	0,08	6,0	5,9	5,0
55,50	0,08	6,0	5,9	5,0
55,53	0,10	6,0	5,9	5,0
55,55	0,11	6,0	5,9	5,0
55,57	0,11	6,0	5,9	5,0
55,60	0,11	6,0	5,9	5,0
55,62	0,13	6,0	5,9	5,0
55,65	0,14	6,0	5,9	5,0
55,67	0,14	6,0	5,9	5,0
55,70	0,16	6,0	5,9	5,0
55,72	0,18	6,0	5,9	5,0
55,75	0,19	6,0	5,9	5,0
55,77	0,19	6,0	5,9	5,0
55,79	0,21	6,0	5,9	5,0
55,82	0,23	6,0	5,9	5,0
55,84	0,24	6,0	5,9	5,0
55,87	0,25	6,0	5,9	5,0
55,89	0,28	6,0	5,9	5,0
55,92	0,29	6,0	5,9	5,0
55,94	0,31	6,0	5,9	5,0
55,97	0,34	6,0	5,9	5,0
55,99	0,36	6,0	5,9	5,0
56,01	0,37	6,0	5,9	5,0
56,04	0,38	6,0	5,9	5,0
56,06	0,42	6,0	5,9	5,0
56,09	0,44	6,0	5,9	5,0
56,11	0,44	6,0	5,9	5,0
56,14	0,47	6,0	5,9	5,0
56,16	0,50	6,0	5,9	5,0
56,19	0,52	6,0	5,9	5,0
56,21	0,54	6,0	5,9	5,0
56,23	0,57	6,0	5,9	5,0
56,26	0,60	6,0	5,9	5,0
56,28	0,62	6,0	5,9	5,0
56,31	0,64	6,0	5,9	5,0
56,33	0,67	6,0	5,9	5,0
56,36	0,70	6,0	5,9	5,0
56,38	0,72	6,0	5,9	5,0
56,41	0,74	6,0	5,9	5,0
56,43	0,78	6,0	5,9	5,0
56,45	0,81	6,0	5,9	5,0
56,48	0,83	6,0	5,9	5,0
56,50	0,85	6,0	5,9	5,0
56,53	0,89	6,0	5,9	5,0
56,55	0,91	6,0	5,9	5,0
56,58	0,95	6,0	5,9	5,0
56,60	0,98	6,0	5,9	5,0
56,62	1,00	6,0	5,9	5,0
56,65	1,04	6,0	5,9	5,0
56,67	1,08	6,0	5,9	5,0
56,70	1,10	6,0	5,9	5,0
56,72	1,12	6,0	5,9	5,0
56,75	1,16	6,0	5,9	5,0
56,77	1,20	6,0	5,9	5,0
56,80	1,23	6,0	5,9	5,0
56,82	1,24	6,0	5,9	5,0
56,84	1,28	6,0	5,9	5,0
56,87	1,33	6,0	5,9	5,0
56,89	1,35	6,0	5,9	5,0
56,92	1,38	6,0	5,9	5,0
56,94	1,41	6,0	5,9	5,0
56,97	1,46	6,0	5,9	5,0
56,99	1,49	6,0	5,9	5,0
57,02	1,51	6,0	5,9	5,0
57,04	1,55	6,0	5,9	5,0
57,06	1,59	6,0	5,9	5,0
57,09	1,62	6,0	5,9	5,0
57,11	1,64	6,0	5,9	5,0
57,14	1,68	6,0	5,9	5,0
57,16	1,73	6,0	5,9	5,0
57,19	1,75	6,0	5,9	5,0
57,21	1,78	6,0	5,9	5,0
57,24	1,83	6,0	5,9	5,0
57,26	1,86	6,0	5,9	5,0
57,28	1,89	6,0	5,9	5,0
57,31	1,91	6,0	5,9	5,0
57,33	1,95	6,0	5,9	5,0
57,36	2,00	6,0	5,9	5,0
57,38	2,03	6,0	5,9	5,0
57,41	2,06	6,0	5,9	5,0
57,43	2,10	6,0	5,9	5,0
57,46	2,14	6,0	5,9	5,0
57,48	2,17	6,0	5,9	5,0
57,50	2,20	6,0	5,9	5,0
57,53	2,24	6,0	5,9	5,0
57,55	2,29	6,0	5,9	5,0
57,58	2,31	6,0	5,9	5,0
57,60	2,34	6,0	5,9	5,0
57,63	2,39	6,0	5,9	5,0
57,65	2,43	6,0	5,9	5,0
57,68	2,46	6,0	5,9	5,0
57,70	2,49	6,0	5,9	5,0
57,72	2,53	6,0	5,9	5,0
57,75	2,57	6,0	5,9	5,0
57,77	2,60	6,0	5,9	5,0
57,80	2,63	6,0	5,9	5,0
57,82	2,68	6,0	5,9	5,0
57,85	2,72	6,0	5,9	5,0
57,87	2,75	6,0	5,9	5,0
57,89	2,78	6,0	5,9	5,0
57,92	2,83	6,0	5,9	5,0
57,94	2,88	6,0	5,9	5,0
57,97	2,90	6,0	5,9	5,0
57,99	2,94	6,0	5,9	5,0
58,02	2,98	6,0	5,9	5,0
58,04	3,02	6,0	5,9	5,0
58,07	3,05	6,0	5,9	5,0
58,09	3,08	6,0	5,9	5,0
58,11	3,13	6,0	5,9	5,0
58,14	3,18	6,0	5,9	5,0
58,16	3,20	6,0	5,9	5,0
58,19	3,25	6,0	5,9	5,0
58,21	3,30	6,0	5,9	5,0
58,24	3,33	6,0	5,9	5,0
58,26	3,37	6,0	5,9	5,0
58,29	3,41	6,0	5,9	5,0
58,31	3,45	6,0	5,9	5,0
58,33	3,50	6,0	5,9	5,0
58,36	3,55	6,0	5,9	5,0
58,38	3,58	6,0	5,9	5,0
58,41	3,62	6,0	5,9	5,0
58,43	3,66	6,0	5,9	5,0
58,46	3,71	6,0	5,9	5,0
58,48	3,74	6,0	5,9	5,0
58,51	3,78	6,0	5,9	5,0
58,53	3,83	6,0	5,9	5,0
58,55	3,87	6,0	5,9	5,0
58,58	3,91	6,0	5,9	5,0
58,60	3,95	6,0	5,9	5,0
58,63	3,99	6,0	5,9	5,0
58,65	4,04	6,0	5,9	5,0
58,68	4,08	6,0	5,9	5,0
58,70	4,12	6,0	5,9	5,0
58,73	4,16	6,0	5,9	5,0
58,75	4,21	6,0	5,9	5,0
58,77	4,24	6,0	5,9	5,0
58,80	4,28	6,0	5,9	5,0
58,82	4,33	6,0	5,9	5,0
58,85	4,38	6,0	5,9	5,0
58,87	4,41	6,0	5,9	5,0
58,90	4,45	6,0	5,9	5,0
58,92	4,49	6,0	5,9	5,0
58,94	4,54	6,0	5,9	5,0
58,97	4,58	6,0	5,9	5,0
58,99	4,61	6,0	5,9	5,0
59,02	4,64	6,0	5,9	5,0
59,04	4,70	6,0	5,9	5,0
59,07	4,75	6,0	5,9	5,0
59,09	4,78	6,0	5,9	5,0
59,12	4,82	6,0	5,9	5,0
59,14	4,87	6,0	5,9	5,0
59,16	4,91	6,0	5,9	5,0
59,19	4,94	6,0	5,9	5,0
59,21	4,98	6,0	5,9	5,0
59,24	5,02	6,0	5,9	5,0
59,26	5,07	6,0	5,9	5,0
59,29	5,10	6,0	5,9	5,0
59,31	5,14	6,0	5,9	5,0
59,34	5,19	6,0	5,9	5,0
59,36	5,24	6,0	5,9	5,0
59,38	5,27	6,0	5,9	5,0
59,41	5,31	6,0	5,9	5,0
59,43	5,36	6,0	5,9	5,0
59,46	5,40	6,0	5,9	5,0
59,48	5,44	6,0	5,9	5,0
59,51	5,48	6,0	5,9	5,0
59,53	5,53	6,0	5,9	5,0
59,56	5,57	6,0	5,9	5,0
59,58	5,61	6,0	5,9	5,0
59,60	5,65	6,0	5,9	5,0
59,63	5,70	6,0	5,9	5,0
59,65	5,75	6,0	5,9	5,0
59,68	5,78	6,0	5,9	5,0
59,70	5,82	6,0	5,9	5,0
59,73	5,87	6,0	5,9	5,0
59,75	5,92	6,0	5,9	5,0
59,78	5,96	6,0	5,9	5,0
59,80	6,00	6,0	5,9	5,0
59,82	6,05	6,0	5,9	5,0
59,85	6,09	6,0	5,9	5,0
59,87	6,13	6,0	5,9	5,0
59,90	6,18	6,0	5,9	5,0
59,92	6,23	6,0	5,9	5,0
59,95	6,26	6,0	5,9	5,0
59,97	6,30	6,0	5,9	5,0
59,99	6,34	6,0	5,9	5,0
60,02	6,40	6,0	5,9	5,0
60,04	6,43	6,0	5,9	5,0
60,07	6,47	6,0	5,9	5,0
60,09	6,51	6,0	5,9	5,0
60,12	6,56	6,0	5,9	5,0
60,14	6,60	6,0	5,9	5,0
60,17	6,63	6,0	5,9	5,0
60,19	6,68	6,0	5,9	5,0
60,21	6,73	6,0	5,9	5,0
60,24	6,76	6,0	5,9	5,0
60,26	6,80	6,0	5,9	5,0
60,29	6,85	6,0	5,9	5,0
60,31	6,90	6,0	5,9	5,0
60,34	6,93	6,0	5,9	5,0
60,36	6,97	6,0	5,9	5,0
60,39	7,02	6,0	5,9	5,0
60,41	7,06	6,0	5,9	5,0
60,43	7,09	6,0	5,9	5,0
60,46	7,12	6,0	5,9	5,0
60,48	7,18	6,0	5,9	5,0
60,51	7,22	6,0	5,9	5,0
60,53	7,26	6,0	5,9	5,0
60,56	7,29	6,0	5,9	5,0
60,58	7,34	6,0	5,9	5,0
60,61	7,39	6,0	5,9	5,0
60,63	7,42	6,0	5,9	5,0
60,65	7,45	6,0	5,9	5,0
60,68	7,51	6,0	5,9	5,0
60,70	7,55	6,0	5,9	5,0
60,73	7,58	6,0	5,9	5,0
60,75	7,63	6,0	5,9	5,0
60,78	7,66	6,0	5,9	5,0
60,80	7,70	6,0	5,9	5,0
60,83	7,75	6,0	5,9	5,0
60,85	7,79	6,0	5,9	5,0
60,87	7,82	6,0	5,9	5,0
60,90	7,86	6,0	5,9	5,0
60,92	7,91	6,0	5,9	5,0
60,95	7,94	6,0	5,9	5,0
60,97	7,98	6,0	5,9	5,0
61,00	8,03	6,0	5,9	5,0
61,02	8,07	6,0	5,9	5,0
61,05	8,11	6,0	5,9	5,0
61,07	8,14	6,0	5,9	5,0
61,09	8,19	6,0	5,9	5,0
61,12	8,24	6,0	5,9	5,0
61,14	8,26	6,0	5,9	5,0
61,17	8,30	6,0	5,9	5,0
61,19	8,35	6,0	5,9	5,0
61,22	8,40	6,0	5,9	5,0
61,24	8,43	6,0	5,9	5,0
61,26	8,46	6,0	5,9	5,0
61,29	8,51	6,0	5,9	5,0
61,31	8,55	6,0	5,9	5,0
61,34	8,58	6,0	5,9	5,0
61,36	8,62	6,0	5,9	5,0
61,39	8,67	6,0	5,9	5,0
61,41	8,71	6,0	5,9	5,0
61,44	8,76	6,0	5,9	5,0
61,46	8,80	6,0	5,9	5,0
61,48	8,83	6,0	5,9	5,0
61,51	8,87	6,0	5,9	5,0
61,53	8,92	6,0	5,9	5,0
61,56	8,95	6,0	5,9	5,0
61,58	8,98	6,0	5,9	5,0
61,61	9,02	6,0	5,9	5,0
61,63	9,06	6,0	5,9	5,0
61,66	9,09	6,0	5,9	5,0
61,68	9,12	6,0	5,9	5,0
61,70	9,17	6,0	5,9	5,0
61,73	9,21	6,0	5,9	5,0
61,75	9,25	6,0	5,9	5,0
61,78	9,27	6,0	5,9	5,0
61,80	9,32	6,0	5,9	5,0
61,83	9,36	6,0	5,9	5,0
61,85	9,39	6,0	5,9	5,0
61,88	9,42	6,0	5,9	5,0
61,90	9,46	6,0	5,9	5,0
61,92	9,51	6,0	5,9	5,0
61,95	9,54	6,0	5,9	5,0
61,97	9,57	6,0	5,9	5,0
62,00	9,61	6,0	5,9	5,0
62,02	9,65	6,0	5,9	5,0
62,05	9,68	6,0	5,9	5,0
62,07	9,71	6,0	5,9	5,0
62,10	9,75	6,0	5,9	5,0
62,12	9,79	6,0	5,9	5,0
62,14	9,82	6,0	5,9	5,0
62,17	9,85	6,0	5,9	5,0
62,19	9,90	6,0	5,9	5,0
62,22	9,94	6,0	5,9	5,0
62,24	9,96	6,0	5,9	5,0
62,27	9,99	6,0	5,9	5,0
62,29	10,04	6,0	5,9	5,0
62,31	10,08	6,0	5,9	5,0
62,34	10,10	6,0	5,9	5,0
62,36	10,12	6,0	5,9	5,0
62,39	10,17	6,0	5,9	5,0
62,41	10,21	6,0	5,9	5,0
62,44	10,23	6,0	5,9	5,0
62,46	10,26	6,0	5,9	5,0
62,49	10,30	6,0	5,9	5,0
62,51	10,34	6,0	5,9	5,0
62,53	10,36	6,0	5,9	5,0
62,56	10,39	6,0	5,9	5,0
62,58	10,43	6,0	5,9	5,0
62,61	10,46	6,0	5,9	5,0
62,63	10,48	6,0	5,9	5,0
62,66	10,51	6,0	5,9	5,0
62,68	10,56	6,0	5,9	5,0
62,71	10,60	6,0	5,9	5,0
62,73	10,62	6,0	5,9	5,0
62,75	10,64	6,0	5,9	5,0
62,78	10,69	6,0	5,9	5,0
62,80	10,72	6,0	5,9	5,0
62,83	10,74	6,0	5,9	5,0
62,85	10,76	6,0	5,9	5,0
62,88	10,80	6,0	5,9	5,0
62,90	10,84	6,0	5,9	5,0
62,93	10,86	6,0	5,9	5,0
62,95	10,88	6,0	5,9	5,0
62,97	10,93	6,0	5,9	5,0
63,00	10,96	6,0	5,9	5,0
63,02	10,98	6,0	5,9	5,0
63,05	11,01	6,0	5,9	5,0
63,07	11,05	6,0	5,9	5,0
63,10	11,08	6,0	5,9	5,0
63,12	11,09	6,0	5,9	5,0
63,15	11,12	6,0	5,9	5,0
63,17	11,16	6,0	5,9	5,0
63,19	11,19	6,0	5,9	5,0
63,22	11,22	6,0	5,9	5,0
63,24	11,24	6,0	5,9	5,0
63,27	11,27	6,0	5,9	5,0
63,29	11,30	6,0	5,9	5,0
63,32	11,33	6,0	5,9	5,0
63,34	11,35	6,0	5,9	5,0
63,36	11,37	6,0	5,9	5,0
63,39	11,40	6,0	5,9	5,0
63,41	11,43	6,0	5,9	5,0
63,44	11,45	6,0	5,9	5,0
63,46	11,47	6,0	5,9	5,0
63,49	11,50	6,0	5,9	5,0
63,51	11,53	6,0	5,9	5,0
63,54	11,55	6,0	5,9	5,0
63,56	11,56	6,0	5,9	5,0
63,58	11,59	6,0	5,9	5,0
63,61	11,62	6,0	5,9	5,0
63,63	11,63	6,0	5,9	5,0
63,66	11,65	6,0	5,9	5,0
63,68	11,68	6,0	5,9	5,0
63,71	11,70	6,0	5,9	5,0
63,73	11,71	6,0	5,9	5,0
63,76	11,73	6,0	5,9	5,0
63,78	11,76	6,0	5,9	5,0
63,80	11,77	6,0	5,9	5,0
63,83	11,78	6,0	5,9	5,0
63,85	11,80	6,0	5,9	5,0
63,88	11,81	6,0	5,9	5,0
63,90	11,84	6,0	5,9	5,0
63,93	11,86	6,0	5,9	5,0
63,95	11,86	6,0	5,9	5,0
63,98	11,87	6,0	5,9	5,0
64,00	11,90	6,0	5,9	5,0
64,02	11,92	6,0	5,9	5,0
64,05	11,91	6,0	5,9	5,0
64,07	11,92	6,0	5,9	5,0
64,10	11,95	6,0	5,9	5,0
64,12	11,96	6,0	5,9	5,0
64,15	11,96	6,0	5,9	5,0
64,17	11,97	6,0	5,9	5,0
64,20	11,99	6,0	5,9	5,0
64,22	12,01	6,0	5,9	5,0
64,24	12,00	6,0	5,9	5,0
64,27	12,00	6,0	5,9	5,0
64,29	12,02	6,0	5,9	5,0
64,32	12,04	6,0	5,9	5,0
64,34	12,03	6,0	5,9	5,0
64,37	12,03	6,0	5,9	5,0
64,39	12,06	6,0	5,9	5,0
64,41	12,07	6,0	5,9	5,0
64,44	12,06	6,0	5,9	5,0
64,46	12,06	6,0	5,9	5,0
64,49	12,08	6,0	5,9	5,0
64,51	12,09	6,0	5,9	5,0
64,54	12,08	6,0	5,9	5,0
64,56	12,08	6,0	5,9	5,0
64,59	12,10	6,0	5,9	5,0
64,61	12,11	6,0	5,9	5,0
64,63	12,10	6,0	5,9	5,0
64,66	12,10	6,0	5,9	5,0
64,68	12,12	6,0	5,9	5,0
64,71	12,12	6,0	5,9	5,0
64,73	12,12	6,0	5,9	5,0
64,76	12,11	6,0	5,9	5,0
64,78	12,12	6,0	5,9	5,0
64,81	12,13	6,0	5,9	5,0
64,83	12,12	6,0	5,9	5,0
64,85	12,12	6,0	5,9	5,0
64,88	12,14	6,0	5,9	5,0
64,90	12,14	6,0	5,9	5,0
64,93	12,13	6,0	5,9	5,0
64,95	12,13	6,0	5,9	5,0
64,98	12,14	6,0	5,9	5,0
65,00	12,14	6,0	5,9	5,0
65,03	12,13	6,0	5,9	5,0
65,05	12,13	6,0	5,9	5,0
65,07	12,15	6,0	5,9	5,0
65,10	12,14	6,0	5,9	5,0
65,12	12,13	6,0	5,9	5,0
65,15	12,14	6,0	5,9	5,0
65,17	12,14	6,0	5,9	5,0
65,20	12,14	6,0	5,9	5,0
65,22	12,13	6,0	5,9	5,0
65,25	12,13	6,0	5,9	5,0
65,27	12,13	6,0	5,9	5,0
65,29	12,12	6,0	5,9	5,0
65,32	12,11	6,0	5,9	5,0
65,34	12,12	6,0	5,9	5,0
65,37	12,12	6,0	5,9	5,0
65,39	12,11	6,0	5,9	5,0
65,42	12,10	6,0	5,9	5,0
65,44	12,10	6,0	5,9	5,0
65,47	12,10	6,0	5,9	5,0
65,49	12,08	6,0	5,9	5,0
65,51	12,07	6,0	5,9	5,0
65,54	12,07	6,0	5,9	5,0
65,56	12,07	6,0	5,9	5,0
65,59	12,05	6,0	5,9	5,0
65,61	12,04	6,0	5,9	5,0
65,64	12,03	6,0	5,9	5,0
65,66	12,02	6,0	5,9	5,0
65,68	12,02	6,0	5,9	5,0
65,71	12,01	6,0	5,9	5,0
65,73	11,99	6,0	5,9	5,0
65,76	11,98	6,0	5,9	5,0
65,78	11,97	6,0	5,9	5,0
65,81	11,96	6,0	5,9	5,0
65,83	11,94	6,0	5,9	5,0
65,86	11,93	6,0	5,9	5,0
65,88	11,93	6,0	5,9	5,0
65,90	11,91	6,0	5,9	5,0
65,93	11,89	6,0	5,9	5,0
65,95	11,88	6,0	5,9	5,0
65,98	11,86	6,0	5,9	5,0
66,00	11,84	6,0	5,9	5,0
66,03	11,82	6,0	5,9	5,0
66,05	11,81	6,0	5,9	5,0
66,08	11,80	6,0	5,9	5,0
66,10	11,78	6,0	5,9	5,0
66,12	11,75	6,0	5,9	5,0
66,15	11,74	6,0	5,9	5,0
66,17	11,72	6,0	5,9	5,0
66,20	11,70	6,0	5,9	5,0
66,22	11,67	6,0	5,9	5,0
66,25	11,66	6,0	5,9	5,0
66,27	11,64	6,0	5,9	5,0
66,30	11,62	6,0	5,9	5,0
66,32	11,60	6,0	5,9	5,0
66,34	11,57	6,0	5,9	5,0
66,37	11,54	6,0	5,9	5,0
66,39	11,54	6,0	5,9	5,0
66,42	11,51	6,0	5,9	5,0
66,44	11,48	6,0	5,9	5,0
66,47	11,45	6,0	5,9	5,0
66,49	11,44	6,0	5,9	5,0
66,52	11,42	6,0	5,9	5,0
66,54	11,39	6,0	5,9	5,0
66,56	11,37	6,0	5,9	5,0
66,59	11,36	6,0	5,9	5,0
66,61	11,33	6,0	5,9	5,0
66,64	11,29	6,0	5,9	5,0
66,66	11,27	6,0	5,9	5,0
66,69	11,25	6,0	5,9	5,0
66,71	11,22	6,0	5,9	5,0
66,73	11,19	6,0	5,9	5,0
66,76	11,17	6,0	5,9	5,0
66,78	11,16	6,0	5,9	5,0
66,81	11,13	6,0	5,9	5,0
66,83	11,10	6,0	5,9	5,0
66,86	11,08	6,0	5,9	5,0
66,88	11,06	6,0	5,9	5,0
66,91	11,03	6,0	5,9	5,0
66,93	10,99	6,0	5,9	5,0
66,95	10,98	6,0	5,9	5,0
66,98	10,96	6,0	5,9	5,0
67,00	10,92	6,0	5,9	5,0
67,03	10,89	6,0	5,9	5,0
67,05	10,87	6,0	5,9	5,0
67,08	10,85	6,0	5,9	5,0
67,10	10,82	6,0	5,9	5,0
67,13	10,79	6,0	5,9	5,0
67,15	10,77	6,0	5,9	5,0
67,17	10,74	6,0	5,9	5,0
67,20	10,70	6,0	5,9	5,0
67,22	10,67	6,0	5,9	5,0
67,25	10,66	6,0	5,9	5,0
67,27	10,63	6,0	5,9	5,0
67,30	10,59	6,0	5,9	5,0
67,32	10,56	6,0	5,9	5,0
67,35	10,54	6,0	5,9	5,0
67,37	10,51	6,0	5,9	5,0
67,39	10,47	6,0	5,9	5,0
67,42	10,43	6,0	5,9	5,0
67,44	10,41	6,0	5,9	5,0
67,47	10,38	6,0	5,9	5,0
67,49	10,34	6,0	5,9	5,0
67,52	10,31	6,0	5,9	5,0
67,54	10,29	6,0	5,9	5,0
67,57	10,26	6,0	5,9	5,0
67,59	10,21	6,0	5,9	5,0
67,61	10,17	6,0	5,9	5,0
67,64	10,15	6,0	5,9	5,0
67,66	10,12	6,0	5,9	5,0
67,69	10,07	6,0	5,9	5,0
67,71	10,04	6,0	5,9	5,0
67,74	10,02	6,0	5,9	5,0
67,76	9,98	6,0	5,9	5,0
67,78	9,94	6,0	5,9	5,0
67,81	9,90	6,0	5,9	5,0
67,83	9,88	6,0	5,9	5,0
67,86	9,84	6,0	5,9	5,0
67,88	9,79	6,0	5,9	5,0
67,91	9,75	6,0	5,9	5,0
67,93	9,73	6,0	5,9	5,0
67,96	9,69	6,0	5,9	5,0
67,98	9,64	6,0	5,9	5,0
68,00	9,61	6,0	5,9	5,0
68,03	9,58	6,0	5,9	5,0
68,05	9,55	6,0	5,9	5,0
68,08	9,51	6,0	5,9	5,0
68,10	9,47	6,0	5,9	5,0
68,13	9,43	6,0	5,9	5,0
68,15	9,40	6,0	5,9	5,0
68,18	9,37	6,0	5,9	5,0
68,20	9,32	6,0	5,9	5,0
68,22	9,28	6,0	5,9	5,0
68,25	9,26	6,0	5,9	5,0
68,27	9,22	6,0	5,9	5,0
68,30	9,18	6,0	5,9	5,0
68,32	9,14	6,0	5,9	5,0
68,35	9,10	6,0	5,9	5,0
68,37	9,07	6,0	5,9	5,0
68,40	9,02	6,0	5,9	5,0
68,42	8,98	6,0	5,9	5,0
68,44	8,95	6,0	5,9	5,0
68,47	8,92	6,0	5,9	5,0
68,49	8,87	6,0	5,9	5,0
68,52	8,83	6,0	5,9	5,0
68,54	8,80	6,0	5,9	5,0
68,57	8,77	6,0	5,9	5,0
68,59	8,71	6,0	5,9	5,0
68,62	8,67	6,0	5,9	5,0
68,64	8,65	6,0	5,9	5,0
68,66	8,60	6,0	5,9	5,0
68,69	8,55	6,0	5,9	5,0
68,71	8,51	6,0	5,9	5,0
68,74	8,47	6,0	5,9	5,0
68,76	8,44	6,0	5,9	5,0
68,79	8,40	6,0	5,9	5,0
68,81	8,35	6,0	5,9	5,0
68,83	8,31	6,0	5,9	5,0
68,86	8,28	6,0	5,9	5,0
68,88	8,25	6,0	5,9	5,0
68,91	8,20	6,0	5,9	5,0
68,93	8,16	6,0	5,9	5,0
68,96	8,13	6,0	5,9	5,0
68,98	8,09	6,0	5,9	5,0
69,01	8,04	6,0	5,9	5,0
69,03	8,00	6,0	5,9	5,0
69,05	7,97	6,0	5,9	5,0
69,08	7,93	6,0	5,9	5,0
69,10	7,88	6,0	5,9	5,0
69,13	7,84	6,0	5,9	5,0
69,15	7,81	6,0	5,9	5,0
69,18	7,78	6,0	5,9	5,0
69,20	7,73	6,0	5,9	5,0
69,23	7,69	6,0	5,9	5,0
69,25	7,66	6,0	5,9	5,0
69,27	7,63	6,0	5,9	5,0
69,30	7,57	6,0	5,9	5,0
69,32	7,53	6,0	5,9	5,0
69,35	7,51	6,0	5,9	5,0
69,37	7,47	6,0	5,9	5,0
69,40	7,43	6,0	5,9	5,0
69,42	7,39	6,0	5,9	5,0
69,45	7,36	6,0	5,9	5,0
69,47	7,33	6,0	5,9	5,0
69,49	7,28	6,0	5,9	5,0
69,52	7,24	6,0	5,9	5,0
69,54	7,22	6,0	5,9	5,0
69,57	7,18	6,0	5,9	5,0
69,59	7,13	6,0	5,9	5,0
69,62	7,09	6,0	5,9	5,0
69,64	7,07	6,0	5,9	5,0
69,67	7,04	6,0	5,9	5,0
69,69	6,99	6,0	5,9	5,0
69,71	6,96	6,0	5,9	5,0
69,74	6,93	6,0	5,9	5,0
69,76	6,90	6,0	5,9	5,0
69,79	6,85	6,0	5,9	5,0
69,81	6,81	6,0	5,9	5,0
69,84	6,79	6,0	5,9	5,0
69,86	6,75	6,0	5,9	5,0
69,89	6,71	6,0	5,9	5,0
69,91	6,68	6,0	5,9	5,0
69,93	6,65	6,0	5,9	5,0
69,96	6,62	6,0	5,9	5,0
69,98	6,57	6,0	5,9	5,0
70,01	6,53	6,0	5,9	5,0
70,03	6,51	6,0	5,9	5,0
70,06	6,47	6,0	5,9	5,0
70,08	6,42	6,0	5,9	5,0
70,10	6,39	6,0	5,9	5,0
70,13	6,37	6,0	5,9	5,0
70,15	6,33	6,0	5,9	5,0
70,18	6,29	6,0	5,9	5,0
70,20	6,26	6,0	5,9	5,0
70,23	6,24	6,0	5,9	5,0
70,25	6,19	6,0	5,9	5,0
70,28	6,15	6,0	5,9	5,0
70,30	6,12	6,0	5,9	5,0
70,32	6,09	6,0	5,9	5,0
70,35	6,05	6,0	5,9	5,0
70,37	6,01	6,0	5,9	5,0
70,40	5,98	6,0	5,9	5,0
70,42	5,95	6,0	5,9	5,0
70,45	5,91	6,0	5,9	5,0
70,47	5,87	6,0	5,9	5,0
70,50	5,85	6,0	5,9	5,0
70,52	5,81	6,0	5,9	5,0
70,54	5,79	6,0	5,9	5,0
70,57	5,75	6,0	5,9	5,0
70,59	5,71	6,0	5,9	5,0
70,62	5,67	6,0	5,9	5,0
70,64	5,65	6,0	5,9	5,0
70,67	5,62	6,0	5,9	5,0
70,69	5,58	6,0	5,9	5,0
70,72	5,55	6,0	5,9	5,0
70,74	5,52	6,0	5,9	5,0
70,76	5,48	6,0	5,9	5,0
70,79	5,44	6,0	5,9	5,0
70,81	5,41	6,0	5,9	5,0
70,84	5,39	6,0	5,9	5,0
70,86	5,35	6,0	5,9	5,0
70,89	5,31	6,0	5,9	5,0
70,91	5,28	6,0	5,9	5,0
70,94	5,26	6,0	5,9	5,0
70,96	5,22	6,0	5,9	5,0
70,98	5,19	6,0	5,9	5,0
71,01	5,15	6,0	5,9	5,0
71,03	5,13	6,0	5,9	5,0
71,06	5,09	6,0	5,9	5,0
71,08	5,06	6,0	5,9	5,0
71,11	5,03	6,0	5,9	5,0
71,13	5,01	6,0	5,9	5,0
71,15	4,97	6,0	5,9	5,0
71,18	4,94	6,0	5,9	5,0
71,20	4,89	6,0	5,9	5,0
71,23	4,86	6,0	5,9	5,0
71,25	4,85	6,0	5,9	5,0
71,28	4,82	6,0	5,9	5,0
71,30	4,78	6,0	5,9	5,0
71,33	4,75	6,0	5,9	5,0
71,35	4,74	6,0	5,9	5,0
71,37	4,71	6,0	5,9	5,0
71,40	4,67	6,0	5,9	5,0
71,42	4,65	6,0	5,9	5,0
71,45	4,64	6,0	5,9	5,0
71,47	4,61	6,0	5,9	5,0
71,50	4,56	6,0	5,9	5,0
71,52	4,54	6,0	5,9	5,0
71,55	4,54	6,0	5,9	5,0
71,57	4,50	6,0	5,9	5,0
71,59	4,47	6,0	5,9	5,0
71,62	4,45	6,0	5,9	5,0
71,64	4,44	6,0	5,9	5,0
71,67	4,41	6,0	5,9	5,0
71,69	4,38	6,0	5,9	5,0
71,72	4,35	6,0	5,9	5,0
71,74	4,34	6,0	5,9	5,0
71,77	4,31	6,0	5,9	5,0
71,79	4,29	6,0	5,9	5,0
71,81	4,27	6,0	5,9	5,0
71,84	4,26	6,0	5,9	5,0
71,86	4,23	6,0	5,9	5,0
71,89	4,21	6,0	5,9	5,0
71,91	4,19	6,0	5,9	5,0
71,94	4,18	6,0	5,9	5,0
71,96	4,15	6,0	5,9	5,0
71,99	4,12	6,0	5,9	5,0
72,01	4,11	6,0	5,9	5,0
72,03	4,09	6,0	5,9	5,0
72,06	4,07	6,0	5,9	5,0
72,08	4,04	6,0	5,9	5,0
72,11	4,03	6,0	5,9	5,0
72,13	4,02	6,0	5,9	5,0
72,16	3,99	6,0	5,9	5,0
72,18	3,96	6,0	5,9	5,0
72,20	3,95	6,0	5,9	5,0
72,23	3,94	6,0	5,9	5,0
72,25	3,91	6,0	5,9	5,0
72,28	3,89	6,0	5,9	5,0
72,30	3,88	6,0	5,9	5,0
72,33	3,87	6,0	5,9	5,0
72,35	3,84	6,0	5,9	5,0
72,38	3,82	6,0	5,9	5,0
72,40	3,82	6,0	5,9	5,0
72,42	3,80	6,0	5,9	5,0
72,45	3,77	6,0	5,9	5,0
72,47	3,75	6,0	5,9	5,0
72,50	3,75	6,0	5,9	5,0
72,52	3,73	6,0	5,9	5,0
72,55	3,70	6,0	5,9	5,0
72,57	3,69	6,0	5,9	5,0
72,60	3,69	6,0	5,9	5,0
72,62	3,67	6,0	5,9	5,0
72,64	3,64	6,0	5,9	5,0
72,67	3,63	6,0	5,9	5,0
72,69	3,62	6,0	5,9	5,0
72,72	3,61	6,0	5,9	5,0
72,74	3,58	6,0	5,9	5,0
72,77	3,57	6,0	5,9	5,0
72,79	3,57	6,0	5,9	5,0
72,82	3,56	6,0	5,9	5,0
72,84	3,53	6,0	5,9	5,0
72,86	3,52	6,0	5,9	5,0
72,89	3,52	6,0	5,9	5,0
72,91	3,50	6,0	5,9	5,0
72,94	3,47	6,0	5,9	5,0
72,96	3,46	6,0	5,9	5,0
72,99	3,45	6,0	5,9	5,0
73,01	3,44	6,0	5,9	5,0
73,04	3,44	6,0	5,9	5,0
73,06	3,42	6,0	5,9	5,0
73,08	3,41	6,0	5,9	5,0
73,11	3,40	6,0	5,9	5,0
73,13	3,39	6,0	5,9	5,0
73,16	3,38	6,0	5,9	5,0
73,18	3,36	6,0	5,9	5,0
73,21	3,36	6,0	5,9	5,0
73,23	3,36	6,0	5,9	5,0
73,25	3,34	6,0	5,9	5,0
73,28	3,34	6,0	5,9	5,0
73,30	3,33	6,0	5,9	5,0
73,33	3,33	6,0	5,9	5,0
73,35	3,32	6,0	5,9	5,0
73,38	3,31	6,0	5,9	5,0
73,40	3,31	6,0	5,9	5,0
73,43	3,30	6,0	5,9	5,0
73,45	3,29	6,0	5,9	5,0
73,47	3,28	6,0	5,9	5,0
73,50	3,29	6,0	5,9	5,0
73,52	3,29	6,0	5,9	5,0
73,55	3,27	6,0	5,9	5,0
73,57	3,27	6,0	5,9	5,0
73,60	3,28	6,0	5,9	5,0
73,62	3,28	6,0	5,9	5,0
73,65	3,28	6,0	5,9	5,0
73,67	3,27	6,0	5,9	5,0
73,69	3,26	6,0	5,9	5,0
73,72	3,27	6,0	5,9	5,0
73,74	3,27	6,0	5,9	5,0
73,77	3,26	6,0	5,9	5,0
73,79	3,26	6,0	5,9	5,0
73,82	3,27	6,0	5,9	5,0
73,84	3,27	6,0	5,9	5,0
73,87	3,26	6,0	5,9	5,0
73,89	3,26	6,0	5,9	5,0
73,91	3,27	6,0	5,9	5,0
73,94	3,27	6,0	5,9	5,0
73,96	3,27	6,0	5,9	5,0
73,99	3,26	6,0	5,9	5,0
74,01	3,27	6,0	5,9	5,0
74,04	3,28	6,0	5,9	5,0
74,06	3,27	6,0	5,9	5,0
74,09	3,27	6,0	5,9	5,0
74,11	3,28	6,0	5,9	5,0
74,13	3,28	6,0	5,9	5,0
74,16	3,28	6,0	5,9	5,0
74,18	3,28	6,0	5,9	5,0
74,21	3,29	6,0	5,9	5,0
74,23	3,30	6,0	5,9	5,0
74,26	3,29	6,0	5,9	5,0
74,28	3,29	6,0	5,9	5,0
74,31	3,31	6,0	5,9	5,0
74,33	3,31	6,0	5,9	5,0
74,35	3,31	6,0	5,9	5,0
74,38	3,31	6,0	5,9	5,0
74,40	3,33	6,0	5,9	5,0
74,43	3,33	6,0	5,9	5,0
74,45	3,33	6,0	5,9	5,0
74,48	3,33	6,0	5,9	5,0
74,50	3,35	6,0	5,9	5,0
74,52	3,36	6,0	5,9	5,0
74,55	3,35	6,0	5,9	5,0
74,57	3,36	6,0	5,9	5,0
74,60	3,38	6,0	5,9	5,0
74,62	3,38	6,0	5,9	5,0
74,65	3,38	6,0	5,9	5,0
74,67	3,40	6,0	5,9	5,0
74,70	3,42	6,0	5,9	5,0
74,72	3,42	6,0	5,9	5,0
74,74	3,42	6,0	5,9	5,0
74,77	3,43	6,0	5,9	5,0
74,79	3,46	6,0	5,9	5,0
74,82	3,46	6,0	5,9	5,0
74,84	3,46	6,0	5,9	5,0
74,87	3,48	6,0	5,9	5,0
74,89	3,50	6,0	5,9	5,0
74,92	3,51	6,0	5,9	5,0
74,94	3,51	6,0	5,9	5,0
74,96	3,53	6,0	5,9	5,0
74,99	3,55	6,0	5,9	5,0
75,01	3,56	6,0	5,9	5,0
75,04	3,56	6,0	5,9	5,0
75,06	3,58	6,0	5,9	5,0
75,09	3,60	6,0	5,9	5,0
75,11	3,61	6,0	5,9	5,0
75,14	3,61	6,0	5,9	5,0
75,16	3,63	6,0	5,9	5,0
75,18	3,66	6,0	5,9	5,0
75,21	3,67	6,0	5,9	5,0
75,23	3,67	6,0	5,9	5,0
75,26	3,70	6,0	5,9	5,0
75,28	3,72	6,0	5,9	5,0
75,31	3,73	6,0	5,9	5,0
75,33	3,73	6,0	5,9	5,0
75,36	3,76	6,0	5,9	5,0
75,38	3,78	6,0	5,9	5,0
75,40	3,80	6,0	5,9	5,0
75,43	3,82	6,0	5,9	5,0
75,45	3,83	6,0	5,9	5,0
75,48	3,84	6,0	5,9	5,0
75,50	3,88	6,0	5,9	5,0
75,53	3,89	6,0	5,9	5,0
75,55	3,90	6,0	5,9	5,0
75,57	3,92	6,0	5,9	5,0
75,60	3,95	6,0	5,9	5,0
75,62	3,96	6,0	5,9	5,0
75,65	3,98	6,0	5,9	5,0
75,67	4,00	6,0	5,9	5,0
75,70	4,03	6,0	5,9	5,0
75,72	4,04	6,0	5,9	5,0
75,75	4,05	6,0	5,9	5,0
75,77	4,08	6,0	5,9	5,0
75,79	4,11	6,0	5,9	5,0
75,82	4,13	6,0	5,9	5,0
75,84	4,14	6,0	5,9	5,0
75,87	4,17	6,0	5,9	5,0
75,89	4,20	6,0	5,9	5,0
75,92	4,21	6,0	5,9	5,0
75,94	4,23	6,0	5,9	5,0
75,97	4,26	6,0	5,9	5,0
75,99	4,29	6,0	5,9	5,0
76,01	4,31	6,0	5,9	5,0
76,04	4,32	6,0	5,9	5,0
76,06	4,34	6,0	5,9	5,0
76,09	4,37	6,0	5,9	5,0
76,11	4,40	6,0	5,9	5,0
76,14	4,43	6,0	5,9	5,0
76,16	4,44	6,0	5,9	5,0
76,19	4,47	6,0	5,9	5,0
76,21	4,51	6,0	5,9	5,0
76,23	4,53	6,0	5,9	5,0
76,26	4,55	6,0	5,9	5,0
76,28	4,58	6,0	5,9	5,0
76,31	4,61	6,0	5,9	5,0
76,33	4,64	6,0	5,9	5,0
76,36	4,65	6,0	5,9	5,0
76,38	4,69	6,0	5,9	5,0
76,41	4,73	6,0	5,9	5,0
76,43	4,75	6,0	5,9	5,0
76,45	4,77	6,0	5,9	5,0
76,48	4,80	6,0	5,9	5,0
76,50	4,84	6,0	5,9	5,0
76,53	4,86	6,0	5,9	5,0
76,55	4,87	6,0	5,9	5,0
76,58	4,91	6,0	5,9	5,0
76,60	4,95	6,0	5,9	5,0
76,62	4,97	6,0	5,9	5,0
76,65	4,99	6,0	5,9	5,0
76,67	5,03	6,0	5,9	5,0
76,70	5,07	6,0	5,9	5,0
76,72	5,09	6,0	5,9	5,0
76,75	5,11	6,0	5,9	5,0
76,77	5,15	6,0	5,9	5,0
76,80	5,19	6,0	5,9	5,0
76,82	5,21	6,0	5,9	5,0
76,84	5,23	6,0	5,9	5,0
76,87	5,27	6,0	5,9	5,0
76,89	5,31	6,0	5,9	5,0
76,92	5,33	6,0	5,9	5,0
76,94	5,36	6,0	5,9	5,0
76,97	5,40	6,0	5,9	5,0
76,99	5,44	6,0	5,9	5,0
77,02	5,46	6,0	5,9	5,0
77,04	5,48	6,0	5,9	5,0
77,06	5,53	6,0	5,9	5,0
77,09	5,58	6,0	5,9	5,0
77,11	5,60	6,0	5,9	5,0
77,14	5,62	6,0	5,9	5,0
77,16	5,67	6,0	5,9	5,0
77,19	5,71	6,0	5,9	5,0
77,21	5,74	6,0	5,9	5,0
77,24	5,76	6,0	5,9	5,0
77,26	5,80	6,0	5,9	5,0
77,28	5,85	6,0	5,9	5,0
77,31	5,87	6,0	5,9	5,0
77,33	5,90	6,0	5,9	5,0
77,36	5,95	6,0	5,9	5,0
77,38	5,99	6,0	5,9	5,0
77,41	6,01	6,0	5,9	5,0
77,43	6,04	6,0	5,9	5,0
77,46	6,09	6,0	5,9	5,0
77,48	6,13	6,0	5,9	5,0
77,50	6,15	6,0	5,9	5,0
77,53	6,19	6,0	5,9	5,0
77,55	6,24	6,0	5,9	5,0
77,58	6,28	6,0	5,9	5,0
77,60	6,30	6,0	5,9	5,0
77,63	6,34	6,0	5,9	5,0
77,65	6,39	6,0	5,9	5,0
77,68	6,43	6,0	5,9	5,0
77,70	6,45	6,0	5,9	5,0
77,72	6,49	6,0	5,9	5,0
77,75	6,54	6,0	5,9	5,0
77,77	6,58	6,0	5,9	5,0
77,80	6,61	6,0	5,9	5,0
77,82	6,65	6,0	5,9	5,0
77,85	6,69	6,0	5,9	5,0
77,87	6,74	6,0	5,9	5,0
77,89	6,78	6,0	5,9	5,0
77,92	6,82	6,0	5,9	5,0
77,94	6,84	6,0	5,9	5,0
77,97	6,89	6,0	5,9	5,0
77,99	6,94	6,0	5,9	5,0
78,02	6,97	6,0	5,9	5,0
78,04	7,01	6,0	5,9	5,0
78,07	7,05	6,0	5,9	5,0
78,09	7,10	6,0	5,9	5,0
78,11	7,13	6,0	5,9	5,0
78,14	7,17	6,0	5,9	5,0
78,16	7,21	6,0	5,9	5,0
78,19	7,26	6,0	5,9	5,0
78,21	7,29	6,0	5,9	5,0
78,24	7,33	6,0	5,9	5,0
78,26	7,38	6,0	5,9	5,0
78,29	7,43	6,0	5,9	5,0
78,31	7,46	6,0	5,9	5,0
78,33	7,49	6,0	5,9	5,0
78,36	7,54	6,0	5,9	5,0
78,38	7,59	6,0	5,9	5,0
78,41	7,62	6,0	5,9	5,0
78,43	7,66	6,0	5,9	5,0
78,46	7,70	6,0	5,9	5,0
78,48	7,74	6,0	5,9	5,0
78,51	7,79	6,0	5,9	5,0
78,53	7,82	6,0	5,9	5,0
78,55	7,85	6,0	5,9	5,0
78,58	7,91	6,0	5,9	5,0
78,60	7,96	6,0	5,9	5,0
78,63	7,99	6,0	5,9	5,0
78,65	8,03	6,0	5,9	5,0
78,68	8,08	6,0	5,9	5,0
78,70	8,13	6,0	5,9	5,0
78,73	8,16	6,0	5,9	5,0
78,75	8,20	6,0	5,9	5,0
78,77	8,26	6,0	5,9	5,0
78,80	8,31	6,0	5,9	5,0
78,82	8,34	6,0	5,9	5,0
78,85	8,38	6,0	5,9	5,0
78,87	8,43	6,0	5,9	5,0
78,90	8,48	6,0	5,9	5,0
78,92	8,51	6,0	5,9	5,0
78,94	8,55	6,0	5,9	5,0
78,97	8,61	6,0	5,9	5,0
78,99	8,66	6,0	5,9	5,0
79,02	8,69	6,0	5,9	5,0
79,04	8,74	6,0	5,9	5,0
79,07	8,79	6,0	5,9	5,0
79,09	8,84	6,0	5,9	5,0
79,12	8,88	6,0	5,9	5,0
79,14	8,92	6,0	5,9	5,0
79,16	8,97	6,0	5,9	5,0
79,19	9,03	6,0	5,9	5,0
79,21	9,06	6,0	5,9	5,0
79,24	9,10	6,0	5,9	5,0
79,26	9,16	6,0	5,9	5,0
79,29	9,20	6,0	5,9	5,0
79,31	9,24	6,0	5,9	5,0
79,34	9,28	6,0	5,9	5,0
79,36	9,34	6,0	5,9	5,0
79,38	9,38	6,0	5,9	5,0
79,41	9,42	6,0	5,9	5,0
79,43	9,46	6,0	5,9	5,0
79,46	9,52	6,0	5,9	5,0
79,48	9,56	6,0	5,9	5,0
79,51	9,60	6,0	5,9	5,0
79,53	9,65	6,0	5,9	5,0
79,56	9,71	6,0	5,9	5,0
79,58	9,75	6,0	5,9	5,0
79,60	9,78	6,0	5,9	5,0
79,63	9,83	6,0	5,9	5,0
79,65	9,89	6,0	5,9	5,0
79,68	9,92	6,0	5,9	5,0
79,70	9,96	6,0	5,9	5,0
79,73	10,01	6,0	5,9	5,0
79,75	10,07	6,0	5,9	5,0
79,78	10,10	6,0	5,9	5,0
79,80	10,14	6,0	5,9	5,0
79,82	10,20	6,0	5,9	5,0
79,85	10,25	6,0	5,9	5,0
79,87	10,29	6,0	5,9	5,0
79,90	10,32	6,0	5,9	5,0
79,92	10,38	6,0	5,9	5,0
79,95	10,43	6,0	5,9	5,0
79,97	10,47	6,0	5,9	5,0
79,99	10,51	6,0	5,9	5,0
80,02	10,56	6,0	5,9	5,0
80,04	10,62	6,0	5,9	5,0
80,07	10,65	6,0	5,9	5,0
80,09	10,69	6,0	5,9	5,0
80,12	10,75	6,0	5,9	5,0
80,14	10,80	6,0	5,9	5,0
80,17	10,83	6,0	5,9	5,0
80,19	10,87	6,0	5,9	5,0
80,21	10,93	6,0	5,9	5,0
80,24	10,99	6,0	5,9	5,0
80,26	11,02	6,0	5,9	5,0
80,29	11,06	6,0	5,9	5,0
80,31	11,10	6,0	5,9	5,0
80,34	11,15	6,0	5,9	5,0
80,36	11,19	6,0	5,9	5,0
80,39	11,24	6,0	5,9	5,0
80,41	11,28	6,0	5,9	5,0
80,43	11,32	6,0	5,9	5,0
80,46	11,38	6,0	5,9	5,0
80,48	11,42	6,0	5,9	5,0
80,51	11,45	6,0	5,9	5,0
80,53	11,50	6,0	5,9	5,0
80,56	11,56	6,0	5,9	5,0
80,58	11,60	6,0	5,9	5,0
80,61	11,63	6,0	5,9	5,0
80,63	11,68	6,0	5,9	5,0
80,65	11,73	6,0	5,9	5,0
80,68	11,77	6,0	5,9	5,0
80,70	11,81	6,0	5,9	5,0
80,73	11,86	6,0	5,9	5,0
80,75	11,91	6,0	5,9	5,0
80,78	11,95	6,0	5,9	5,0
80,80	11,98	6,0	5,9	5,0
80,83	12,03	6,0	5,9	5,0
80,85	12,08	6,0	5,9	5,0
80,87	12,11	6,0	5,9	5,0
80,90	12,15	6,0	5,9	5,0
80,92	12,20	6,0	5,9	5,0
80,95	12,24	6,0	5,9	5,0
80,97	12,29	6,0	5,9	5,0
81,00	12,34	6,0	5,9	5,0
81,02	12,37	6,0	5,9	5,0
81,04	12,41	6,0	5,9	5,0
81,07	12,46	6,0	5,9	5,0
81,09	12,50	6,0	5,9	5,0
81,12	12,53	6,0	5,9	5,0
81,14	12,57	6,0	5,9	5,0
81,17	12,62	6,0	5,9	5,0
81,19	12,66	6,0	5,9	5,0
81,22	12,69	6,0	5,9	5,0
81,24	12,73	6,0	5,9	5,0
81,26	12,78	6,0	5,9	5,0
81,29	12,81	6,0	5,9	5,0
81,31	12,84	6,0	5,9	5,0
81,34	12,89	6,0	5,9	5,0
81,36	12,93	6,0	5,9	5,0
81,39	12,97	6,0	5,9	5,0
81,41	13,00	6,0	5,9	5,0
81,44	13,04	6,0	5,9	5,0
81,46	13,09	6,0	5,9	5,0
81,48	13,13	6,0	5,9	5,0
81,51	13,15	6,0	5,9	5,0
81,53	13,20	6,0	5,9	5,0
81,56	13,24	6,0	5,9	5,0
81,58	13,27	6,0	5,9	5,0
81,61	13,31	6,0	5,9	5,0
81,63	13,35	6,0	5,9	5,0
81,66	13,40	6,0	5,9	5,0
81,68	13,43	6,0	5,9	5,0
81,70	13,45	6,0	5,9	5,0
81,73	13,51	6,0	5,9	5,0
81,75	13,55	6,0	5,9	5,0
81,78	13,57	6,0	5,9	5,0
81,80	13,61	6,0	5,9	5,0
81,83	13,66	6,0	5,9	5,0
81,85	13,70	6,0	5,9	5,0
81,88	13,73	6,0	5,9	5,0
81,90	13,76	6,0	5,9	5,0
81,92	13,81	6,0	5,9	5,0
81,95	13,85	6,0	5,9	5,0
81,97	13,88	6,0	5,9	5,0
82,00	13,91	6,0	5,9	5,0
82,02	13,96	6,0	5,9	5,0
82,05	14,00	6,0	5,9	5,0
82,07	14,02	6,0	5,9	5,0
82,10	14,05	6,0	5,9	5,0
82,12	14,11	6,0	5,9	5,0
82,14	14,15	6,0	5,9	5,0
82,17	14,17	6,0	5,9	5,0
82,19	14,20	6,0	5,9	5,0
82,22	14,25	6,0	5,9	5,0
82,24	14,29	6,0	5,9	5,0
82,27	14,31	6,0	5,9	5,0
82,29	14,34	6,0	5,9	5,0
82,31	14,39	6,0	5,9	5,0
82,34	14,43	6,0	5,9	5,0
82,36	14,45	6,0	5,9	5,0
82,39	14,48	6,0	5,9	5,0
82,41	14,53	6,0	5,9	5,0
82,44	14,57	6,0	5,9	5,0
82,46	14,58	6,0	5,9	5,0
82,49	14,61	6,0	5,9	5,0
82,51	14,66	6,0	5,9	5,0
82,53	14,69	6,0	5,9	5,0
82,56	14,71	6,0	5,9	5,0
82,58	14,73	6,0	5,9	5,0
82,61	14,78	6,0	5,9	5,0
82,63	14,82	6,0	5,9	5,0
82,66	14,83	6,0	5,9	5,0
82,68	14,86	6,0	5,9	5,0
82,71	14,90	6,0	5,9	5,0
82,73	14,93	6,0	5,9	5,0
82,75	14,96	6,0	5,9	5,0
82,78	14,97	6,0	5,9	5,0
82,80	15,00	6,0	5,9	5,0
82,83	15,03	6,0	5,9	5,0
82,85	15,06	6,0	5,9	5,0
82,88	15,08	6,0	5,9	5,0
82,90	15,10	6,0	5,9	5,0
82,93	15,13	6,0	5,9	5,0
82,95	15,17	6,0	5,9	5,0
82,97	15,18	6,0	5,9	5,0
83,00	15,20	6,0	5,9	5,0
83,02	15,24	6,0	5,9	5,0
83,05	15,26	6,0	5,9	5,0
83,07	15,28	6,0	5,9	5,0
83,10	15,30	6,0	5,9	5,0
83,12	15,34	6,0	5,9	5,0
83,15	15,37	6,0	5,9	5,0
83,17	15,38	6,0	5,9	5,0
83,19	15,40	6,0	5,9	5,0
83,22	15,44	6,0	5,9	5,0
83,24	15,46	6,0	5,9	5,0
83,27	15,48	6,0	5,9	5,0
83,29	15,50	6,0	5,9	5,0
83,32	15,53	6,0	5,9	5,0
83,34	15,56	6,0	5,9	5,0
83,36	15,57	6,0	5,9	5,0
83,39	15,60	6,0	5,9	5,0
83,41	15,61	6,0	5,9	5,0
83,44	15,65	6,0	5,9	5,0
83,46	15,67	6,0	5,9	5,0
83,49	15,68	6,0	5,9	5,0
83,51	15,70	6,0	5,9	5,0
83,54	15,73	6,0	5,9	5,0
83,56	15,76	6,0	5,9	5,0
83,58	15,77	6,0	5,9	5,0
83,61	15,79	6,0	5,9	5,0
83,63	15,82	6,0	5,9	5,0
83,66	15,84	6,0	5,9	5,0
83,68	15,85	6,0	5,9	5,0
83,71	15,87	6,0	5,9	5,0
83,73	15,90	6,0	5,9	5,0
83,76	15,92	6,0	5,9	5,0
83,78	15,92	6,0	5,9	5,0
83,80	15,94	6,0	5,9	5,0
83,83	15,98	6,0	5,9	5,0
83,85	16,00	6,0	5,9	5,0
83,88	16,00	6,0	5,9	5,0
83,90	16,02	6,0	5,9	5,0
83,93	16,05	6,0	5,9	5,0
83,95	16,07	6,0	5,9	5,0
83,98	16,07	6,0	5,9	5,0
84,00	16,08	6,0	5,9	5,0
84,02	16,11	6,0	5,9	5,0
84,05	16,13	6,0	5,9	5,0
84,07	16,14	6,0	5,9	5,0
84,10	16,15	6,0	5,9	5,0
84,12	16,18	6,0	5,9	5,0
84,15	16,20	6,0	5,9	5,0
84,17	16,20	6,0	5,9	5,0
84,20	16,21	6,0	5,9	5,0
84,22	16,24	6,0	5,9	5,0
84,24	16,26	6,0	5,9	5,0
84,27	16,26	6,0	5,9	5,0
84,29	16,27	6,0	5,9	5,0
84,32	16,31	6,0	5,9	5,0
84,34	16,32	6,0	5,9	5,0
84,37	16,32	6,0	5,9	5,0
84,39	16,33	6,0	5,9	5,0
84,41	16,36	6,0	5,9	5,0
84,44	16,37	6,0	5,9	5,0
84,46	16,37	6,0	5,9	5,0
84,49	16,38	6,0	5,9	5,0
84,51	16,41	6,0	5,9	5,0
84,54	16,42	6,0	5,9	5,0
84,56	16,42	6,0	5,9	5,0
84,59	16,43	6,0	5,9	5,0
84,61	16,46	6,0	5,9	5,0
84,63	16,46	6,0	5,9	5,0
84,66	16,46	6,0	5,9	5,0
84,68	16,47	6,0	5,9	5,0
84,71	16,49	6,0	5,9	5,0
84,73	16,49	6,0	5,9	5,0
84,76	16,49	6,0	5,9	5,0
84,78	16,51	6,0	5,9	5,0
84,81	16,53	6,0	5,9	5,0
84,83	16,53	6,0	5,9	5,0
84,85	16,53	6,0	5,9	5,0
84,88	16,55	6,0	5,9	5,0
84,90	16,56	6,0	5,9	5,0
84,93	16,56	6,0	5,9	5,0
84,95	16,56	6,0	5,9	5,0
84,98	16,57	6,0	5,9	5,0
85,00	16,59	6,0	5,9	5,0
85,03	16,58	6,0	5,9	5,0
85,05	16,59	6,0	5,9	5,0
85,07	16,60	6,0	5,9	5,0
85,10	16,62	6,0	5,9	5,0
85,12	16,61	6,0	5,9	5,0
85,15	16,61	6,0	5,9	5,0
85,17	16,62	6,0	5,9	5,0
85,20	16,62	6,0	5,9	5,0
85,22	16,64	6,0	5,9	5,0
85,25	16,65	6,0	5,9	5,0
85,27	16,64	6,0	5,9	5,0
85,29	16,64	6,0	5,9	5,0
85,32	16,66	6,0	5,9	5,0
85,34	16,66	6,0	5,9	5,0
85,37	16,66	6,0	5,9	5,0
85,39	16,66	6,0	5,9	5,0
85,42	16,67	6,0	5,9	5,0
85,44	16,67	6,0	5,9	5,0
85,47	16,67	6,0	5,9	5,0
85,49	16,67	6,0	5,9	5,0
85,51	16,68	6,0	5,9	5,0
85,54	16,68	6,0	5,9	5,0
85,56	16,68	6,0	5,9	5,0
85,59	16,68	6,0	5,9	5,0
85,61	16,69	6,0	5,9	5,0
85,64	16,69	6,0	5,9	5,0
85,66	16,69	6,0	5,9	5,0
85,68	16,69	6,0	5,9	5,0
85,71	16,70	6,0	5,9	5,0
85,73	16,69	6,0	5,9	5,0
85,76	16,69	6,0	5,9	5,0
85,78	16,69	6,0	5,9	5,0
85,81	16,70	6,0	5,9	5,0
85,83	16,71	6,0	5,9	5,0
85,86	16,71	6,0	5,9	5,0
85,88	16,69	6,0	5,9	5,0
85,90	16,68	6,0	5,9	5,0
85,93	16,70	6,0	5,9	5,0
85,95	16,70	6,0	5,9	5,0
85,98	16,69	6,0	5,9	5,0
86,00	16,69	6,0	5,9	5,0
86,03	16,71	6,0	5,9	5,0
86,05	16,71	6,0	5,9	5,0
86,08	16,69	6,0	5,9	5,0
86,10	16,69	6,0	5,9	5,0
86,12	16,71	6,0	5,9	5,0
86,15	16,70	6,0	5,9	5,0
86,17	16,69	6,0	5,9	5,0
86,20	16,69	6,0	5,9	5,0
86,22	16,70	6,0	5,9	5,0
86,25	16,70	6,0	5,9	5,0
86,27	16,68	6,0	5,9	5,0
86,30	16,68	6,0	5,9	5,0
86,32	16,69	6,0	5,9	5,0
86,34	16,68	6,0	5,9	5,0
86,37	16,67	6,0	5,9	5,0
86,39	16,67	6,0	5,9	5,0
86,42	16,68	6,0	5,9	5,0
86,44	16,68	6,0	5,9	5,0
86,47	16,66	6,0	5,9	5,0
86,49	16,67	6,0	5,9	5,0
86,52	16,67	6,0	5,9	5,0
86,54	16,66	6,0	5,9	5,0
86,56	16,65	6,0	5,9	5,0
86,59	16,65	6,0	5,9	5,0
86,61	16,65	6,0	5,9	5,0
86,64	16,64	6,0	5,9	5,0
86,66	16,63	6,0	5,9	5,0
86,69	16,63	6,0	5,9	5,0
86,71	16,64	6,0	5,9	5,0
86,73	16,62	6,0	5,9	5,0
86,76	16,61	6,0	5,9	5,0
86,78	16,62	6,0	5,9	5,0
86,81	16,62	6,0	5,9	5,0
86,83	16,60	6,0	5,9	5,0
86,86	16,58	6,0	5,9	5,0
86,88	16,59	6,0	5,9	5,0
86,91	16,59	6,0	5,9	5,0
86,93	16,57	6,0	5,9	5,0
86,95	16,57	6,0	5,9	5,0
86,98	16,58	6,0	5,9	5,0
87,00	16,58	6,0	5,9	5,0
87,03	16,56	6,0	5,9	5,0
87,05	16,55	6,0	5,9	5,0
87,08	16,56	6,0	5,9	5,0
87,10	16,55	6,0	5,9	5,0
87,13	16,53	6,0	5,9	5,0
87,15	16,52	6,0	5,9	5,0
87,17	16,53	6,0	5,9	5,0
87,20	16,52	6,0	5,9	5,0
87,22	16,50	6,0	5,9	5,0
87,25	16,49	6,0	5,9	5,0
87,27	16,51	6,0	5,9	5,0
87,30	16,50	6,0	5,9	5,0
87,32	16,47	6,0	5,9	5,0
87,35	16,46	6,0	5,9	5,0
87,37	16,47	6,0	5,9	5,0
87,39	16,46	6,0	5,9	5,0
87,42	16,44	6,0	5,9	5,0
87,44	16,43	6,0	5,9	5,0
87,47	16,44	6,0	5,9	5,0
87,49	16,43	6,0	5,9	5,0
87,52	16,40	6,0	5,9	5,0
87,54	16,40	6,0	5,9	5,0
87,57	16,40	6,0	5,9	5,0
87,59	16,39	6,0	5,9	5,0
87,61	16,37	6,0	5,9	5,0
87,64	16,36	6,0	5,9	5,0
87,66	16,35	6,0	5,9	5,0
87,69	16,35	6,0	5,9	5,0
87,71	16,34	6,0	5,9	5,0
87,74	16,32	6,0	5,9	5,0
87,76	16,30	6,0	5,9	5,0
87,78	16,31	6,0	5,9	5,0
87,81	16,29	6,0	5,9	5,0
87,83	16,28	6,0	5,9	5,0
87,86	16,27	6,0	5,9	5,0
87,88	16,26	6,0	5,9	5,0
87,91	16,26	6,0	5,9	5,0
87,93	16,24	6,0	5,9	5,0
87,96	16,23	6,0	5,9	5,0
87,98	16,23	6,0	5,9	5,0
88,00	16,22	6,0	5,9	5,0
88,03	16,20	6,0	5,9	5,0
88,05	16,19	6,0	5,9	5,0
88,08	16,19	6,0	5,9	5,0
88,10	16,18	6,0	5,9	5,0
88,13	16,16	6,0	5,9	5,0
88,15	16,16	6,0	5,9	5,0
88,18	16,16	6,0	5,9	5,0
88,20	16,15	6,0	5,9	5,0
88,22	16,13	6,0	5,9	5,0
88,25	16,12	6,0	5,9	5,0
88,27	16,11	6,0	5,9	5,0
88,30	16,10	6,0	5,9	5,0
88,32	16,10	6,0	5,9	5,0
88,35	16,08	6,0	5,9	5,0
88,37	16,07	6,0	5,9	5,0
88,40	16,07	6,0	5,9	5,0
88,42	16,07	6,0	5,9	5,0
88,44	16,05	6,0	5,9	5,0
88,47	16,04	6,0	5,9	5,0
88,49	16,04	6,0	5,9	5,0
88,52	16,04	6,0	5,9	5,0
88,54	16,02	6,0	5,9	5,0
88,57	16,01	6,0	5,9	5,0
88,59	16,01	6,0	5,9	5,0
88,62	16,01	6,0	5,9	5,0
88,64	15,99	6,0	5,9	5,0
88,66	15,98	6,0	5,9	5,0
88,69	15,99	6,0	5,9	5,0
88,71	15,98	6,0	5,9	5,0
88,74	15,96	6,0	5,9	5,0
88,76	15,95	6,0	5,9	5,0
88,79	15,95	6,0	5,9	5,0
88,81	15,94	6,0	5,9	5,0
88,83	15,92	6,0	5,9	5,0
88,86	15,92	6,0	5,9	5,0
88,88	15,92	6,0	5,9	5,0
88,91	15,91	6,0	5,9	5,0
88,93	15,89	6,0	5,9	5,0
88,96	15,88	6,0	5,9	5,0
88,98	15,89	6,0	5,9	5,0
89,01	15,88	6,0	5,9	5,0
89,03	15,85	6,0	5,9	5,0
89,05	15,84	6,0	5,9	5,0
89,08	15,84	6,0	5,9	5,0
89,10	15,83	6,0	5,9	5,0
89,13	15,81	6,0	5,9	5,0
89,15	15,80	6,0	5,9	5,0
89,18	15,81	6,0	5,9	5,0
89,20	15,80	6,0	5,9	5,0
89,23	15,77	6,0	5,9	5,0
89,25	15,76	6,0	5,9	5,0
89,27	15,77	6,0	5,9	5,0
89,30	15,75	6,0	5,9	5,0
89,32	15,73	6,0	5,9	5,0
89,35	15,72	6,0	5,9	5,0
89,37	15,73	6,0	5,9	5,0
89,40	15,72	6,0	5,9	5,0
89,42	15,69	6,0	5,9	5,0
89,45	15,69	6,0	5,9	5,0
89,47	15,70	6,0	5,9	5,0
89,49	15,68	6,0	5,9	5,0
89,52	15,66	6,0	5,9	5,0
89,54	15,65	6,0	5,9	5,0
89,57	15,66	6,0	5,9	5,0
89,59	15,64	6,0	5,9	5,0
89,62	15,62	6,0	5,9	5,0
89,64	15,62	6,0	5,9	5,0
89,67	15,62	6,0	5,9	5,0
89,69	15,61	6,0	5,9	5,0
89,71	15,59	6,0	5,9	5,0
89,74	15,59	6,0	5,9	5,0
89,76	15,59	6,0	5,9	5,0
89,79	15,58	6,0	5,9	5,0
89,81	15,56	6,0	5,9	5,0
89,84	15,56	6,0	5,9	5,0
89,86	15,57	6,0	5,9	5,0
89,89	15,55	6,0	5,9	5,0
89,91	15,54	6,0	5,9	5,0
89,93	15,54	6,0	5,9	5,0
89,96	15,54	6,0	5,9	5,0
89,98	15,52	6,0	5,9	5,0
90,01	15,51	6,0	5,9	5,0
90,03	15,51	6,0	5,9	5,0
90,06	15,51	6,0	5,9	5,0
90,08	15,51	6,0	5,9	5,0
90,10	15,50	6,0	5,9	5,0
90,13	15,48	6,0	5,9	5,0
90,15	15,48	6,0	5,9	5,0
90,18	15,49	6,0	5,9	5,0
90,20	15,48	6,0	5,9	5,0
90,23	15,46	6,0	5,9	5,0
90,25	15,46	6,0	5,9	5,0
90,28	15,46	6,0	5,9	5,0
90,30	15,45	6,0	5,9	5,0
90,32	15,44	6,0	5,9	5,0
90,35	15,44	6,0	5,9	5,0
90,37	15,45	6,0	5,9	5,0
90,40	15,44	6,0	5,9	5,0
90,42	15,42	6,0	5,9	5,0
90,45	15,43	6,0	5,9	5,0
90,47	15,43	6,0	5,9	5,0
90,50	15,42	6,0	5,9	5,0
90,52	15,41	6,0	5,9	5,0
90,54	15,42	6,0	5,9	5,0
90,57	15,42	6,0	5,9	5,0
90,59	15,41	6,0	5,9	5,0
90,62	15,40	6,0	5,9	5,0
90,64	15,41	6,0	5,9	5,0
90,67	15,41	6,0	5,9	5,0
90,69	15,40	6,0	5,9	5,0
90,72	15,40	6,0	5,9	5,0
90,74	15,38	6,0	5,9	5,0
90,76	15,38	6,0	5,9	5,0
90,79	15,40	6,0	5,9	5,0
90,81	15,39	6,0	5,9	5,0
90,84	15,38	6,0	5,9	5,0
90,86	15,38	6,0	5,9	5,0
90,89	15,39	6,0	5,9	5,0
90,91	15,38	6,0	5,9	5,0
90,94	15,36	6,0	5,9	5,0
90,96	15,37	6,0	5,9	5,0
90,98	15,38	6,0	5,9	5,0
91,01	15,37	6,0	5,9	5,0
91,03	15,36	6,0	5,9	5,0
91,06	15,36	6,0	5,9	5,0
91,08	15,38	6,0	5,9	5,0
91,11	15,37	6,0	5,9	5,0
91,13	15,36	6,0	5,9	5,0
91,15	15,36	6,0	5,9	5,0
91,18	15,38	6,0	5,9	5,0
91,20	15,37	6,0	5,9	5,0
91,23	15,35	6,0	5,9	5,0
91,25	15,36	6,0	5,9	5,0
91,28	15,38	6,0	5,9	5,0
91,30	15,37	6,0	5,9	5,0
91,33	15,36	6,0	5,9	5,0
91,35	15,37	6,0	5,9	5,0
91,37	15,38	6,0	5,9	5,0
91,40	15,37	6,0	5,9	5,0
91,42	15,36	6,0	5,9	5,0
91,45	15,37	6,0	5,9	5,0
91,47	15,39	6,0	5,9	5,0
91,50	15,38	6,0	5,9	5,0
91,52	15,37	6,0	5,9	5,0
91,55	15,39	6,0	5,9	5,0
91,57	15,40	6,0	5,9	5,0
91,59	15,40	6,0	5,9	5,0
91,62	15,39	6,0	5,9	5,0
91,64	15,40	6,0	5,9	5,0
91,67	15,41	6,0	5,9	5,0
91,69	15,40	6,0	5,9	5,0
91,72	15,40	6,0	5,9	5,0
91,74	15,41	6,0	5,9	5,0
91,77	15,43	6,0	5,9	5,0
91,79	15,42	6,0	5,9	5,0
91,81	15,42	6,0	5,9	5,0
91,84	15,44	6,0	5,9	5,0
91,86	15,45	6,0	5,9	5,0
91,89	15,44	6,0	5,9	5,0
91,91	15,44	6,0	5,9	5,0
91,94	15,46	6,0	5,9	5,0
91,96	15,47	6,0	5,9	5,0
91,99	15,47	6,0	5,9	5,0
92,01	15,47	6,0	5,9	5,0
92,03	15,49	6,0	5,9	5,0
92,06	15,50	6,0	5,9	5,0
92,08	15,50	6,0	5,9	5,0
92,11	15,50	6,0	5,9	5,0
92,13	15,52	6,0	5,9	5,0
92,16	15,53	6,0	5,9	5,0
92,18	15,52	6,0	5,9	5,0
92,20	15,53	6,0	5,9	5,0
92,23	15,55	6,0	5,9	5,0
92,25	15,56	6,0	5,9	5,0
92,28	15,56	6,0	5,9	5,0
92,30	15,57	6,0	5,9	5,0
92,33	15,59	6,0	5,9	5,0
92,35	15,60	6,0	5,9	5,0
92,38	15,60	6,0	5,9	5,0
92,40	15,61	6,0	5,9	5,0
92,42	15,64	6,0	5,9	5,0
92,45	15,65	6,0	5,9	5,0
92,47	15,64	6,0	5,9	5,0
92,50	15,66	6,0	5,9	5,0
92,52	15,66	6,0	5,9	5,0
92,55	15,68	6,0	5,9	5,0
92,57	15,70	6,0	5,9	5,0
92,60	15,71	6,0	5,9	5,0
92,62	15,72	6,0	5,9	5,0
92,64	15,73	6,0	5,9	5,0
92,67	15,76	6,0	5,9	5,0
92,69	15,76	6,0	5,9	5,0
92,72	15,77	6,0	5,9	5,0
92,74	15,79	6,0	5,9	5,0
92,77	15,81	6,0	5,9	5,0
92,79	15,82	6,0	5,9	5,0
92,82	15,83	6,0	5,9	5,0
92,84	15,85	6,0	5,9	5,0
92,86	15,88	6,0	5,9	5,0
92,89	15,88	6,0	5,9	5,0
92,91	15,90	6,0	5,9	5,0
92,94	15,92	6,0	5,9	5,0
92,96	15,94	6,0	5,9	5,0
92,99	15,94	6,0	5,9	5,0
93,01	15,96	6,0	5,9	5,0
93,04	15,98	6,0	5,9	5,0
93,06	16,00	6,0	5,9	5,0
93,08	16,01	6,0	5,9	5,0
93,11	16,02	6,0	5,9	5,0
93,13	16,05	6,0	5,9	5,0
93,16	16,07	6,0	5,9	5,0
93,18	16,10	6,0	5,9	5,0
93,21	16,11	6,0	5,9	5,0
93,23	16,12	6,0	5,9	5,0
93,25	16,15	6,0	5,9	5,0
93,28	16,18	6,0	5,9	5,0
93,30	16,18	6,0	5,9	5,0
93,33	16,19	6,0	5,9	5,0
93,35	16,22	6,0	5,9	5,0
93,38	16,25	6,0	5,9	5,0
93,40	16,26	6,0	5,9	5,0
93,43	16,27	6,0	5,9	5,0
93,45	16,31	6,0	5,9	5,0
93,47	16,33	6,0	5,9	5,0
93,50	16,35	6,0	5,9	5,0
93,52	16,36	6,0	5,9	5,0
93,55	16,39	6,0	5,9	5,0
93,57	16,42	6,0	5,9	5,0
93,60	16,43	6,0	5,9	5,0
93,62	16,45	6,0	5,9	5,0
93,65	16,49	6,0	5,9	5,0
93,67	16,52	6,0	5,9	5,0
93,69	16,53	6,0	5,9	5,0
93,72	16,55	6,0	5,9	5,0
93,74	16,59	6,0	5,9	5,0
93,77	16,62	6,0	5,9	5,0
93,79	16,64	6,0	5,9	5,0
93,82	16,66	6,0	5,9	5,0
93,84	16,70	6,0	5,9	5,0
93,87	16,73	6,0	5,9	5,0
93,89	16,75	6,0	5,9	5,0
93,91	16,77	6,0	5,9	5,0
93,94	16,81	6,0	5,9	5,0
93,96	16,84	6,0	5,9	5,0
93,99	16,85	6,0	5,9	5,0
94,01	16,88	6,0	5,9	5,0
94,04	16,92	6,0	5,9	5,0
94,06	16,95	6,0	5,9	5,0
94,09	16,96	6,0	5,9	5,0
94,11	16,99	6,0	5,9	5,0
94,13	17,04	6,0	5,9	5,0
94,16	17,07	6,0	5,9	5,0
94,18	17,09	6,0	5,9	5,0
94,21	17,12	6,0	5,9	5,0
94,23	17,16	6,0	5,9	5,0
94,26	17,19	6,0	5,9	5,0
94,28	17,20	6,0	5,9	5,0
94,31	17,24	6,0	5,9	5,0
94,33	17,28	6,0	5,9	5,0
94,35	17,31	6,0	5,9	5,0
94,38	17,33	6,0	5,9	5,0
94,40	17,37	6,0	5,9	5,0
94,43	17,41	6,0	5,9	5,0
94,45	17,44	6,0	5,9	5,0
94,48	17,46	6,0	5,9	5,0
94,50	17,50	6,0	5,9	5,0
94,52	17,55	6,0	5,9	5,0
94,55	17,57	6,0	5,9	5,0
94,57	17,59	6,0	5,9	5,0
94,60	17,63	6,0	5,9	5,0
94,62	17,68	6,0	5,9	5,0
94,65	17,70	6,0	5,9	5,0
94,67	17,73	6,0	5,9	5,0
94,70	17,78	6,0	5,9	5,0
94,72	17,83	6,0	5,9	5,0
94,74	17,85	6,0	5,9	5,0
94,77	17,88	6,0	5,9	5,0
94,79	17,93	6,0	5,9	5,0
94,82	17,97	6,0	5,9	5,0
94,84	18,00	6,0	5,9	5,0
94,87	18,03	6,0	5,9	5,0
94,89	18,08	6,0	5,9	5,0
94,92	18,13	6,0	5,9	5,0
94,94	18,17	6,0	5,9	5,0
94,96	18,21	6,0	5,9	5,0
94,99	18,24	6,0	5,9	5,0
95,01	18,28	6,0	5,9	5,0
95,04	18,34	6,0	5,9	5,0
95,06	18,37	6,0	5,9	5,0
95,09	18,40	6,0	5,9	5,0
95,11	18,45	6,0	5,9	5,0
95,14	18,50	6,0	5,9	5,0
95,16	18,53	6,0	5,9	5,0
95,18	18,56	6,0	5,9	5,0
95,21	18,61	6,0	5,9	5,0
95,23	18,67	6,0	5,9	5,0
95,26	18,70	6,0	5,9	5,0
95,28	18,73	6,0	5,9	5,0
95,31	18,78	6,0	5,9	5,0
95,33	18,84	6,0	5,9	5,0
95,36	18,87	6,0	5,9	5,0
95,38	18,91	6,0	5,9	5,0
95,40	18,96	6,0	5,9	5,0
95,43	19,02	6,0	5,9	5,0
95,45	19,05	6,0	5,9	5,0
95,48	19,09	6,0	5,9	5,0
95,50	19,14	6,0	5,9	5,0
95,53	19,19	6,0	5,9	5,0
95,55	19,23	6,0	5,9	5,0
95,57	19,27	6,0	5,9	5,0
95,60	19,32	6,0	5,9	5,0
95,62	19,37	6,0	5,9	5,0
95,65	19,43	6,0	5,9	5,0
95,67	19,48	6,0	5,9	5,0
95,70	19,51	6,0	5,9	5,0
95,72	19,56	6,0	5,9	5,0
95,75	19,62	6,0	5,9	5,0
95,77	19,67	6,0	5,9	5,0
95,79	19,71	6,0	5,9	5,0
95,82	19,76	6,0	5,9	5,0
95,84	19,83	6,0	5,9	5,0
95,87	19,87	6,0	5,9	5,0
95,89	19,90	6,0	5,9	5,0
95,92	19,97	6,0	5,9	5,0
95,94	20,04	6,0	5,9	5,0
95,97	20,08	6,0	5,9	5,0
95,99	20,12	6,0	5,9	5,0
96,01	20,18	6,0	5,9	5,0
96,04	20,24	6,0	5,9	5,0
96,06	20,29	6,0	5,9	5,0
96,09	20,33	6,0	5,9	5,0
96,11	20,39	6,0	5,9	5,0
96,14	20,46	6,0	5,9	5,0
96,16	20,50	6,0	5,9	5,0
96,19	20,54	6,0	5,9	5,0
96,21	20,60	6,0	5,9	5,0
96,23	20,67	6,0	5,9	5,0
96,26	20,71	6,0	5,9	5,0
96,28	20,75	6,0	5,9	5,0
96,31	20,82	6,0	5,9	5,0
96,33	20,89	6,0	5,9	5,0
96,36	20,93	6,0	5,9	5,0
96,38	20,98	6,0	5,9	5,0
96,41	21,04	6,0	5,9	5,0
96,43	21,11	6,0	5,9	5,0
96,45	21,16	6,0	5,9	5,0
96,48	21,20	6,0	5,9	5,0
96,50	21,28	6,0	5,9	5,0
96,53	21,35	6,0	5,9	5,0
96,55	21,39	6,0	5,9	5,0
96,58	21,44	6,0	5,9	5,0
96,60	21,51	6,0	5,9	5,0
96,62	21,58	6,0	5,9	5,0
96,65	21,62	6,0	5,9	5,0
96,67	21,67	6,0	5,9	5,0
96,70	21,75	6,0	5,9	5,0
96,72	21,82	6,0	5,9	5,0
96,75	21,86	6,0	5,9	5,0
96,77	21,92	6,0	5,9	5,0
96,80	22,00	6,0	5,9	5,0
96,82	22,07	6,0	5,9	5,0
96,84	22,11	6,0	5,9	5,0
96,87	22,17	6,0	5,9	5,0
96,89	22,25	6,0	5,9	5,0
96,92	22,31	6,0	5,9	5,0
96,94	22,36	6,0	5,9	5,0
96,97	22,42	6,0	5,9	5,0
96,99	22,50	6,0	5,9	5,0
97,02	22,57	6,0	5,9	5,0
97,04	22,62	6,0	5,9	5,0
97,06	22,68	6,0	5,9	5,0
97,09	22,76	6,0	5,9	5,0
97,11	22,83	6,0	5,9	5,0
97,14	22,88	6,0	5,9	5,0
97,16	22,94	6,0	5,9	5,0
97,19	23,01	6,0	5,9	5,0
97,21	23,08	6,0	5,9	5,0
97,24	23,13	6,0	5,9	5,0
97,26	23,19	6,0	5,9	5,0
97,28	23,28	6,0	5,9	5,0
97,31	23,35	6,0	5,9	5,0
97,33	23,40	6,0	5,9	5,0
97,36	23,47	6,0	5,9	5,0
97,38	23,53	6,0	5,9	5,0
97,41	23,61	6,0	5,9	5,0
97,43	23,69	6,0	5,9	5,0
97,46	23,74	6,0	5,9	5,0
97,48	23,81	6,0	5,9	5,0
97,50	23,90	6,0	5,9	5,0
97,53	23,97	6,0	5,9	5,0
97,55	24,03	6,0	5,9	5,0
97,58	24,09	6,0	5,9	5,0
97,60	24,17	6,0	5,9	5,0
97,63	24,25	6,0	5,9	5,0
97,65	24,31	6,0	5,9	5,0
97,68	24,36	6,0	5,9	5,0
97,70	24,44	6,0	5,9	5,0
97,72	24,52	6,0	5,9	5,0
97,75	24,58	6,0	5,9	5,0
97,77	24,64	6,0	5,9	5,0
97,80	24,73	6,0	5,9	5,0
97,82	24,80	6,0	5,9	5,0
97,85	24,86	6,0	5,9	5,0
97,87	24,92	6,0	5,9	5,0
97,89	25,01	6,0	5,9	5,0
97,92	25,09	6,0	5,9	5,0
97,94	25,15	6,0	5,9	5,0
97,97	25,22	6,0	5,9	5,0
97,99	25,30	6,0	5,9	5,0
98,02	25,37	6,0	5,9	5,0
98,04	25,45	6,0	5,9	5,0
98,07	25,51	6,0	5,9	5,0
98,09	25,57	6,0	5,9	5,0
98,11	25,66	6,0	5,9	5,0
98,14	25,75	6,0	5,9	5,0
98,16	25,80	6,0	5,9	5,0
98,19	25,87	6,0	5,9	5,0
98,21	25,96	6,0	5,9	5,0
98,24	26,04	6,0	5,9	5,0
98,26	26,10	6,0	5,9	5,0
98,29	26,17	6,0	5,9	5,0
98,31	26,26	6,0	5,9	5,0
98,33	26,35	6,0	5,9	5,0
98,36	26,40	6,0	5,9	5,0
98,38	26,47	6,0	5,9	5,0
98,41	26,56	6,0	5,9	5,0
98,43	26,65	6,0	5,9	5,0
98,46	26,71	6,0	5,9	5,0
98,48	26,78	6,0	5,9	5,0
98,51	26,88	6,0	5,9	5,0
98,53	26,97	6,0	5,9	5,0
98,55	27,03	6,0	5,9	5,0
98,58	27,10	6,0	5,9	5,0
98,60	27,19	6,0	5,9	5,0
98,63	27,28	6,0	5,9	5,0
98,65	27,34	6,0	5,9	5,0
98,68	27,42	6,0	5,9	5,0
98,70	27,52	6,0	5,9	5,0
98,73	27,63	6,0	5,9	5,0
98,75	27,71	6,0	5,9	5,0
98,77	27,77	6,0	5,9	5,0
98,80	27,86	6,0	5,9	5,0
98,82	27,96	6,0	5,9	5,0
98,85	28,03	6,0	5,9	5,0
98,87	28,08	6,0	5,9	5,0
98,90	28,16	6,0	5,9	5,0
98,92	28,25	6,0	5,9	5,0
98,94	28,30	6,0	5,9	5,0
98,97	28,35	6,0	5,9	5,0
98,99	28,42	6,0	5,9	5,0
