Voltage U1	Corriente IA	Voltage U2	Voltage U3	Voltage UH
U1/V	IA/nA	U2/V	U3/V	UH/V

0,02	0,43	3,0	5,9	5,0
0,04	0,42	3,0	5,9	5,0
0,07	0,41	3,0	5,9	5,0
0,09	0,42	3,0	5,9	5,0
0,12	0,41	3,0	5,9	5,0
0,14	0,40	3,0	5,9	5,0
0,17	0,40	3,0	5,9	5,0
0,19	0,41	3,0	5,9	5,0
0,21	0,41	3,0	5,9	5,0
0,24	0,40	3,0	5,9	5,0
0,26	0,39	3,0	5,9	5,0
0,29	0,40	3,0	5,9	5,0
0,31	0,40	3,0	5,9	5,0
0,34	0,39	3,0	5,9	5,0
0,36	0,39	3,0	5,9	5,0
0,39	0,40	3,0	5,9	5,0
0,41	0,42	3,0	5,9	5,0
0,43	0,41	3,0	5,9	5,0
0,46	0,41	3,0	5,9	5,0
0,48	0,42	3,0	5,9	5,0
0,51	0,43	3,0	5,9	5,0
0,53	0,43	3,0	5,9	5,0
0,56	0,43	3,0	5,9	5,0
0,58	0,43	3,0	5,9	5,0
0,61	0,45	3,0	5,9	5,0
0,63	0,45	3,0	5,9	5,0
0,65	0,44	3,0	5,9	5,0
0,68	0,45	3,0	5,9	5,0
0,70	0,46	3,0	5,9	5,0
0,73	0,46	3,0	5,9	5,0
0,75	0,46	3,0	5,9	5,0
0,78	0,47	3,0	5,9	5,0
0,80	0,48	3,0	5,9	5,0
0,83	0,47	3,0	5,9	5,0
0,85	0,47	3,0	5,9	5,0
0,87	0,48	3,0	5,9	5,0
0,90	0,49	3,0	5,9	5,0
0,92	0,50	3,0	5,9	5,0
0,95	0,50	3,0	5,9	5,0
0,97	0,51	3,0	5,9	5,0
1,00	0,51	3,0	5,9	5,0
1,02	0,51	3,0	5,9	5,0
1,05	0,51	3,0	5,9	5,0
1,07	0,52	3,0	5,9	5,0
1,09	0,52	3,0	5,9	5,0
1,12	0,52	3,0	5,9	5,0
1,14	0,52	3,0	5,9	5,0
1,17	0,53	3,0	5,9	5,0
1,19	0,54	3,0	5,9	5,0
1,22	0,53	3,0	5,9	5,0
1,24	0,54	3,0	5,9	5,0
1,26	0,55	3,0	5,9	5,0
1,29	0,55	3,0	5,9	5,0
1,31	0,54	3,0	5,9	5,0
1,34	0,55	3,0	5,9	5,0
1,36	0,56	3,0	5,9	5,0
1,39	0,57	3,0	5,9	5,0
1,41	0,56	3,0	5,9	5,0
1,44	0,57	3,0	5,9	5,0
1,46	0,58	3,0	5,9	5,0
1,48	0,58	3,0	5,9	5,0
1,51	0,58	3,0	5,9	5,0
1,53	0,58	3,0	5,9	5,0
1,56	0,59	3,0	5,9	5,0
1,58	0,59	3,0	5,9	5,0
1,61	0,58	3,0	5,9	5,0
1,63	0,59	3,0	5,9	5,0
1,66	0,60	3,0	5,9	5,0
1,68	0,61	3,0	5,9	5,0
1,70	0,60	3,0	5,9	5,0
1,73	0,61	3,0	5,9	5,0
1,75	0,63	3,0	5,9	5,0
1,78	0,63	3,0	5,9	5,0
1,80	0,61	3,0	5,9	5,0
1,83	0,62	3,0	5,9	5,0
1,85	0,63	3,0	5,9	5,0
1,88	0,64	3,0	5,9	5,0
1,90	0,63	3,0	5,9	5,0
1,92	0,64	3,0	5,9	5,0
1,95	0,65	3,0	5,9	5,0
1,97	0,65	3,0	5,9	5,0
2,00	0,64	3,0	5,9	5,0
2,02	0,65	3,0	5,9	5,0
2,05	0,66	3,0	5,9	5,0
2,07	0,66	3,0	5,9	5,0
2,10	0,66	3,0	5,9	5,0
2,12	0,66	3,0	5,9	5,0
2,14	0,67	3,0	5,9	5,0
2,17	0,68	3,0	5,9	5,0
2,19	0,68	3,0	5,9	5,0
2,22	0,68	3,0	5,9	5,0
2,24	0,69	3,0	5,9	5,0
2,27	0,70	3,0	5,9	5,0
2,29	0,69	3,0	5,9	5,0
2,31	0,69	3,0	5,9	5,0
2,34	0,69	3,0	5,9	5,0
2,36	0,70	3,0	5,9	5,0
2,39	0,71	3,0	5,9	5,0
2,41	0,70	3,0	5,9	5,0
2,44	0,71	3,0	5,9	5,0
2,46	0,72	3,0	5,9	5,0
2,49	0,72	3,0	5,9	5,0
2,51	0,71	3,0	5,9	5,0
2,53	0,72	3,0	5,9	5,0
2,56	0,73	3,0	5,9	5,0
2,58	0,73	3,0	5,9	5,0
2,61	0,72	3,0	5,9	5,0
2,63	0,73	3,0	5,9	5,0
2,66	0,74	3,0	5,9	5,0
2,68	0,74	3,0	5,9	5,0
2,71	0,73	3,0	5,9	5,0
2,73	0,74	3,0	5,9	5,0
2,75	0,75	3,0	5,9	5,0
2,78	0,75	3,0	5,9	5,0
2,80	0,75	3,0	5,9	5,0
2,83	0,75	3,0	5,9	5,0
2,85	0,75	3,0	5,9	5,0
2,88	0,76	3,0	5,9	5,0
2,90	0,77	3,0	5,9	5,0
2,93	0,76	3,0	5,9	5,0
2,95	0,76	3,0	5,9	5,0
2,97	0,77	3,0	5,9	5,0
3,00	0,77	3,0	5,9	5,0
3,02	0,77	3,0	5,9	5,0
3,05	0,77	3,0	5,9	5,0
3,07	0,78	3,0	5,9	5,0
3,10	0,79	3,0	5,9	5,0
3,12	0,78	3,0	5,9	5,0
3,15	0,78	3,0	5,9	5,0
3,17	0,80	3,0	5,9	5,0
3,19	0,80	3,0	5,9	5,0
3,22	0,79	3,0	5,9	5,0
3,24	0,80	3,0	5,9	5,0
3,27	0,81	3,0	5,9	5,0
3,29	0,81	3,0	5,9	5,0
3,32	0,81	3,0	5,9	5,0
3,34	0,82	3,0	5,9	5,0
3,36	0,83	3,0	5,9	5,0
3,39	0,83	3,0	5,9	5,0
3,41	0,82	3,0	5,9	5,0
3,44	0,82	3,0	5,9	5,0
3,46	0,83	3,0	5,9	5,0
3,49	0,83	3,0	5,9	5,0
3,51	0,82	3,0	5,9	5,0
3,54	0,83	3,0	5,9	5,0
3,56	0,84	3,0	5,9	5,0
3,58	0,84	3,0	5,9	5,0
3,61	0,83	3,0	5,9	5,0
3,63	0,84	3,0	5,9	5,0
3,66	0,85	3,0	5,9	5,0
3,68	0,85	3,0	5,9	5,0
3,71	0,84	3,0	5,9	5,0
3,73	0,85	3,0	5,9	5,0
3,76	0,85	3,0	5,9	5,0
3,78	0,85	3,0	5,9	5,0
3,80	0,85	3,0	5,9	5,0
3,83	0,86	3,0	5,9	5,0
3,85	0,87	3,0	5,9	5,0
3,88	0,86	3,0	5,9	5,0
3,90	0,86	3,0	5,9	5,0
3,93	0,86	3,0	5,9	5,0
3,95	0,87	3,0	5,9	5,0
3,98	0,87	3,0	5,9	5,0
4,00	0,86	3,0	5,9	5,0
4,02	0,87	3,0	5,9	5,0
4,05	0,88	3,0	5,9	5,0
4,07	0,88	3,0	5,9	5,0
4,10	0,88	3,0	5,9	5,0
4,12	0,89	3,0	5,9	5,0
4,15	0,89	3,0	5,9	5,0
4,17	0,89	3,0	5,9	5,0
4,20	0,89	3,0	5,9	5,0
4,22	0,89	3,0	5,9	5,0
4,24	0,90	3,0	5,9	5,0
4,27	0,90	3,0	5,9	5,0
4,29	0,89	3,0	5,9	5,0
4,32	0,90	3,0	5,9	5,0
4,34	0,91	3,0	5,9	5,0
4,37	0,91	3,0	5,9	5,0
4,39	0,91	3,0	5,9	5,0
4,42	0,91	3,0	5,9	5,0
4,44	0,92	3,0	5,9	5,0
4,46	0,91	3,0	5,9	5,0
4,49	0,91	3,0	5,9	5,0
4,51	0,92	3,0	5,9	5,0
4,54	0,92	3,0	5,9	5,0
4,56	0,92	3,0	5,9	5,0
4,59	0,93	3,0	5,9	5,0
4,61	0,92	3,0	5,9	5,0
4,63	0,93	3,0	5,9	5,0
4,66	0,94	3,0	5,9	5,0
4,68	0,94	3,0	5,9	5,0
4,71	0,93	3,0	5,9	5,0
4,73	0,94	3,0	5,9	5,0
4,76	0,95	3,0	5,9	5,0
4,78	0,94	3,0	5,9	5,0
4,81	0,94	3,0	5,9	5,0
4,83	0,95	3,0	5,9	5,0
4,85	0,96	3,0	5,9	5,0
4,88	0,96	3,0	5,9	5,0
4,90	0,95	3,0	5,9	5,0
4,93	0,96	3,0	5,9	5,0
4,95	0,97	3,0	5,9	5,0
4,98	0,96	3,0	5,9	5,0
5,00	0,96	3,0	5,9	5,0
5,03	0,97	3,0	5,9	5,0
5,05	0,97	3,0	5,9	5,0
5,07	0,97	3,0	5,9	5,0
5,10	0,97	3,0	5,9	5,0
5,12	0,98	3,0	5,9	5,0
5,15	0,99	3,0	5,9	5,0
5,17	0,98	3,0	5,9	5,0
5,20	0,98	3,0	5,9	5,0
5,22	0,99	3,0	5,9	5,0
5,25	0,99	3,0	5,9	5,0
5,27	1,01	3,0	5,9	5,0
5,29	1,00	3,0	5,9	5,0
5,32	1,00	3,0	5,9	5,0
5,34	1,00	3,0	5,9	5,0
5,37	1,01	3,0	5,9	5,0
5,39	1,01	3,0	5,9	5,0
5,42	0,99	3,0	5,9	5,0
5,44	1,00	3,0	5,9	5,0
5,47	1,01	3,0	5,9	5,0
5,49	1,01	3,0	5,9	5,0
5,51	1,01	3,0	5,9	5,0
5,54	1,01	3,0	5,9	5,0
5,56	1,03	3,0	5,9	5,0
5,59	1,02	3,0	5,9	5,0
5,61	1,01	3,0	5,9	5,0
5,64	1,02	3,0	5,9	5,0
5,66	1,03	3,0	5,9	5,0
5,68	1,03	3,0	5,9	5,0
5,71	1,02	3,0	5,9	5,0
5,73	1,03	3,0	5,9	5,0
5,76	1,04	3,0	5,9	5,0
5,78	1,04	3,0	5,9	5,0
5,81	1,03	3,0	5,9	5,0
5,83	1,04	3,0	5,9	5,0
5,86	1,05	3,0	5,9	5,0
5,88	1,05	3,0	5,9	5,0
5,90	1,04	3,0	5,9	5,0
5,93	1,05	3,0	5,9	5,0
5,95	1,06	3,0	5,9	5,0
5,98	1,06	3,0	5,9	5,0
6,00	1,05	3,0	5,9	5,0
6,03	1,07	3,0	5,9	5,0
6,05	1,07	3,0	5,9	5,0
6,08	1,07	3,0	5,9	5,0
6,10	1,07	3,0	5,9	5,0
6,12	1,07	3,0	5,9	5,0
6,15	1,08	3,0	5,9	5,0
6,17	1,07	3,0	5,9	5,0
6,20	1,07	3,0	5,9	5,0
6,22	1,09	3,0	5,9	5,0
6,25	1,09	3,0	5,9	5,0
6,27	1,09	3,0	5,9	5,0
6,30	1,09	3,0	5,9	5,0
6,32	1,10	3,0	5,9	5,0
6,34	1,10	3,0	5,9	5,0
6,37	1,09	3,0	5,9	5,0
6,39	1,09	3,0	5,9	5,0
6,42	1,10	3,0	5,9	5,0
6,44	1,11	3,0	5,9	5,0
6,47	1,10	3,0	5,9	5,0
6,49	1,10	3,0	5,9	5,0
6,52	1,11	3,0	5,9	5,0
6,54	1,12	3,0	5,9	5,0
6,56	1,11	3,0	5,9	5,0
6,59	1,11	3,0	5,9	5,0
6,61	1,12	3,0	5,9	5,0
6,64	1,12	3,0	5,9	5,0
6,66	1,11	3,0	5,9	5,0
6,69	1,11	3,0	5,9	5,0
6,71	1,13	3,0	5,9	5,0
6,73	1,13	3,0	5,9	5,0
6,76	1,12	3,0	5,9	5,0
6,78	1,13	3,0	5,9	5,0
6,81	1,14	3,0	5,9	5,0
6,83	1,13	3,0	5,9	5,0
6,86	1,13	3,0	5,9	5,0
6,88	1,13	3,0	5,9	5,0
6,91	1,14	3,0	5,9	5,0
6,93	1,14	3,0	5,9	5,0
6,95	1,14	3,0	5,9	5,0
6,98	1,15	3,0	5,9	5,0
7,00	1,16	3,0	5,9	5,0
7,03	1,16	3,0	5,9	5,0
7,05	1,17	3,0	5,9	5,0
7,08	1,16	3,0	5,9	5,0
7,10	1,16	3,0	5,9	5,0
7,13	1,16	3,0	5,9	5,0
7,15	1,17	3,0	5,9	5,0
7,17	1,17	3,0	5,9	5,0
7,20	1,17	3,0	5,9	5,0
7,22	1,18	3,0	5,9	5,0
7,25	1,18	3,0	5,9	5,0
7,27	1,18	3,0	5,9	5,0
7,30	1,18	3,0	5,9	5,0
7,32	1,18	3,0	5,9	5,0
7,35	1,19	3,0	5,9	5,0
7,37	1,19	3,0	5,9	5,0
7,39	1,19	3,0	5,9	5,0
7,42	1,20	3,0	5,9	5,0
7,44	1,20	3,0	5,9	5,0
7,47	1,19	3,0	5,9	5,0
7,49	1,20	3,0	5,9	5,0
7,52	1,20	3,0	5,9	5,0
7,54	1,21	3,0	5,9	5,0
7,57	1,20	3,0	5,9	5,0
7,59	1,20	3,0	5,9	5,0
7,61	1,21	3,0	5,9	5,0
7,64	1,21	3,0	5,9	5,0
7,66	1,21	3,0	5,9	5,0
7,69	1,21	3,0	5,9	5,0
7,71	1,21	3,0	5,9	5,0
7,74	1,22	3,0	5,9	5,0
7,76	1,23	3,0	5,9	5,0
7,78	1,22	3,0	5,9	5,0
7,81	1,21	3,0	5,9	5,0
7,83	1,22	3,0	5,9	5,0
7,86	1,23	3,0	5,9	5,0
7,88	1,22	3,0	5,9	5,0
7,91	1,22	3,0	5,9	5,0
7,93	1,23	3,0	5,9	5,0
7,96	1,24	3,0	5,9	5,0
7,98	1,23	3,0	5,9	5,0
8,00	1,23	3,0	5,9	5,0
8,03	1,24	3,0	5,9	5,0
8,05	1,25	3,0	5,9	5,0
8,08	1,24	3,0	5,9	5,0
8,10	1,24	3,0	5,9	5,0
8,13	1,25	3,0	5,9	5,0
8,15	1,26	3,0	5,9	5,0
8,18	1,25	3,0	5,9	5,0
8,20	1,25	3,0	5,9	5,0
8,22	1,26	3,0	5,9	5,0
8,25	1,26	3,0	5,9	5,0
8,27	1,25	3,0	5,9	5,0
8,30	1,26	3,0	5,9	5,0
8,32	1,26	3,0	5,9	5,0
8,35	1,27	3,0	5,9	5,0
8,37	1,26	3,0	5,9	5,0
8,40	1,27	3,0	5,9	5,0
8,42	1,28	3,0	5,9	5,0
8,44	1,28	3,0	5,9	5,0
8,47	1,27	3,0	5,9	5,0
8,49	1,28	3,0	5,9	5,0
8,52	1,28	3,0	5,9	5,0
8,54	1,28	3,0	5,9	5,0
8,57	1,27	3,0	5,9	5,0
8,59	1,28	3,0	5,9	5,0
8,62	1,29	3,0	5,9	5,0
8,64	1,29	3,0	5,9	5,0
8,66	1,28	3,0	5,9	5,0
8,69	1,29	3,0	5,9	5,0
8,71	1,30	3,0	5,9	5,0
8,74	1,29	3,0	5,9	5,0
8,76	1,29	3,0	5,9	5,0
8,79	1,29	3,0	5,9	5,0
8,81	1,30	3,0	5,9	5,0
8,84	1,30	3,0	5,9	5,0
8,86	1,29	3,0	5,9	5,0
8,88	1,30	3,0	5,9	5,0
8,91	1,31	3,0	5,9	5,0
8,93	1,31	3,0	5,9	5,0
8,96	1,30	3,0	5,9	5,0
8,98	1,31	3,0	5,9	5,0
9,01	1,32	3,0	5,9	5,0
9,03	1,31	3,0	5,9	5,0
9,05	1,30	3,0	5,9	5,0
9,08	1,32	3,0	5,9	5,0
9,10	1,32	3,0	5,9	5,0
9,13	1,32	3,0	5,9	5,0
9,15	1,31	3,0	5,9	5,0
9,18	1,32	3,0	5,9	5,0
9,20	1,33	3,0	5,9	5,0
9,23	1,32	3,0	5,9	5,0
9,25	1,32	3,0	5,9	5,0
9,27	1,33	3,0	5,9	5,0
9,30	1,34	3,0	5,9	5,0
9,32	1,33	3,0	5,9	5,0
9,35	1,33	3,0	5,9	5,0
9,37	1,34	3,0	5,9	5,0
9,40	1,35	3,0	5,9	5,0
9,42	1,34	3,0	5,9	5,0
9,45	1,34	3,0	5,9	5,0
9,47	1,34	3,0	5,9	5,0
9,49	1,34	3,0	5,9	5,0
9,52	1,35	3,0	5,9	5,0
9,54	1,35	3,0	5,9	5,0
9,57	1,35	3,0	5,9	5,0
9,59	1,35	3,0	5,9	5,0
9,62	1,35	3,0	5,9	5,0
9,64	1,35	3,0	5,9	5,0
9,67	1,35	3,0	5,9	5,0
9,69	1,35	3,0	5,9	5,0
9,71	1,36	3,0	5,9	5,0
9,74	1,35	3,0	5,9	5,0
9,76	1,35	3,0	5,9	5,0
9,79	1,35	3,0	5,9	5,0
9,81	1,36	3,0	5,9	5,0
9,84	1,36	3,0	5,9	5,0
9,86	1,36	3,0	5,9	5,0
9,89	1,36	3,0	5,9	5,0
9,91	1,37	3,0	5,9	5,0
9,93	1,36	3,0	5,9	5,0
9,96	1,36	3,0	5,9	5,0
9,98	1,36	3,0	5,9	5,0
10,01	1,36	3,0	5,9	5,0
10,03	1,36	3,0	5,9	5,0
10,06	1,36	3,0	5,9	5,0
10,08	1,37	3,0	5,9	5,0
10,10	1,37	3,0	5,9	5,0
10,13	1,38	3,0	5,9	5,0
10,15	1,38	3,0	5,9	5,0
10,18	1,37	3,0	5,9	5,0
10,20	1,37	3,0	5,9	5,0
10,23	1,38	3,0	5,9	5,0
10,25	1,38	3,0	5,9	5,0
10,28	1,38	3,0	5,9	5,0
10,30	1,38	3,0	5,9	5,0
10,32	1,39	3,0	5,9	5,0
10,35	1,39	3,0	5,9	5,0
10,37	1,39	3,0	5,9	5,0
10,40	1,40	3,0	5,9	5,0
10,42	1,41	3,0	5,9	5,0
10,45	1,40	3,0	5,9	5,0
10,47	1,39	3,0	5,9	5,0
10,50	1,40	3,0	5,9	5,0
10,52	1,41	3,0	5,9	5,0
10,54	1,40	3,0	5,9	5,0
10,57	1,40	3,0	5,9	5,0
10,59	1,41	3,0	5,9	5,0
10,62	1,42	3,0	5,9	5,0
10,64	1,41	3,0	5,9	5,0
10,67	1,41	3,0	5,9	5,0
10,69	1,42	3,0	5,9	5,0
10,72	1,42	3,0	5,9	5,0
10,74	1,42	3,0	5,9	5,0
10,76	1,41	3,0	5,9	5,0
10,79	1,43	3,0	5,9	5,0
10,81	1,44	3,0	5,9	5,0
10,84	1,43	3,0	5,9	5,0
10,86	1,43	3,0	5,9	5,0
10,89	1,43	3,0	5,9	5,0
10,91	1,44	3,0	5,9	5,0
10,94	1,43	3,0	5,9	5,0
10,96	1,42	3,0	5,9	5,0
10,98	1,43	3,0	5,9	5,0
11,01	1,44	3,0	5,9	5,0
11,03	1,43	3,0	5,9	5,0
11,06	1,43	3,0	5,9	5,0
11,08	1,44	3,0	5,9	5,0
11,11	1,45	3,0	5,9	5,0
11,13	1,44	3,0	5,9	5,0
11,15	1,44	3,0	5,9	5,0
11,18	1,45	3,0	5,9	5,0
11,20	1,46	3,0	5,9	5,0
11,23	1,45	3,0	5,9	5,0
11,25	1,45	3,0	5,9	5,0
11,28	1,46	3,0	5,9	5,0
11,30	1,46	3,0	5,9	5,0
11,33	1,45	3,0	5,9	5,0
11,35	1,45	3,0	5,9	5,0
11,37	1,47	3,0	5,9	5,0
11,40	1,47	3,0	5,9	5,0
11,42	1,46	3,0	5,9	5,0
11,45	1,46	3,0	5,9	5,0
11,47	1,47	3,0	5,9	5,0
11,50	1,48	3,0	5,9	5,0
11,52	1,47	3,0	5,9	5,0
11,55	1,47	3,0	5,9	5,0
11,57	1,49	3,0	5,9	5,0
11,59	1,49	3,0	5,9	5,0
11,62	1,48	3,0	5,9	5,0
11,64	1,48	3,0	5,9	5,0
11,67	1,49	3,0	5,9	5,0
11,69	1,50	3,0	5,9	5,0
11,72	1,49	3,0	5,9	5,0
11,74	1,49	3,0	5,9	5,0
11,77	1,50	3,0	5,9	5,0
11,79	1,50	3,0	5,9	5,0
11,81	1,50	3,0	5,9	5,0
11,84	1,50	3,0	5,9	5,0
11,86	1,51	3,0	5,9	5,0
11,89	1,51	3,0	5,9	5,0
11,91	1,50	3,0	5,9	5,0
11,94	1,50	3,0	5,9	5,0
11,96	1,50	3,0	5,9	5,0
11,99	1,52	3,0	5,9	5,0
12,01	1,52	3,0	5,9	5,0
12,03	1,51	3,0	5,9	5,0
12,06	1,51	3,0	5,9	5,0
12,08	1,52	3,0	5,9	5,0
12,11	1,52	3,0	5,9	5,0
12,13	1,52	3,0	5,9	5,0
12,16	1,51	3,0	5,9	5,0
12,18	1,52	3,0	5,9	5,0
12,21	1,52	3,0	5,9	5,0
12,23	1,51	3,0	5,9	5,0
12,25	1,51	3,0	5,9	5,0
12,28	1,52	3,0	5,9	5,0
12,30	1,52	3,0	5,9	5,0
12,33	1,53	3,0	5,9	5,0
12,35	1,52	3,0	5,9	5,0
12,38	1,53	3,0	5,9	5,0
12,40	1,53	3,0	5,9	5,0
12,42	1,53	3,0	5,9	5,0
12,45	1,53	3,0	5,9	5,0
12,47	1,53	3,0	5,9	5,0
12,50	1,54	3,0	5,9	5,0
12,52	1,54	3,0	5,9	5,0
12,55	1,54	3,0	5,9	5,0
12,57	1,54	3,0	5,9	5,0
12,60	1,54	3,0	5,9	5,0
12,62	1,55	3,0	5,9	5,0
12,64	1,54	3,0	5,9	5,0
12,67	1,54	3,0	5,9	5,0
12,69	1,55	3,0	5,9	5,0
12,72	1,55	3,0	5,9	5,0
12,74	1,55	3,0	5,9	5,0
12,77	1,55	3,0	5,9	5,0
12,79	1,55	3,0	5,9	5,0
12,82	1,56	3,0	5,9	5,0
12,84	1,55	3,0	5,9	5,0
12,86	1,54	3,0	5,9	5,0
12,89	1,55	3,0	5,9	5,0
12,91	1,56	3,0	5,9	5,0
12,94	1,55	3,0	5,9	5,0
12,96	1,54	3,0	5,9	5,0
12,99	1,55	3,0	5,9	5,0
13,01	1,55	3,0	5,9	5,0
13,04	1,54	3,0	5,9	5,0
13,06	1,53	3,0	5,9	5,0
13,08	1,54	3,0	5,9	5,0
13,11	1,54	3,0	5,9	5,0
13,13	1,52	3,0	5,9	5,0
13,16	1,52	3,0	5,9	5,0
13,18	1,53	3,0	5,9	5,0
13,21	1,52	3,0	5,9	5,0
13,23	1,51	3,0	5,9	5,0
13,26	1,50	3,0	5,9	5,0
13,28	1,50	3,0	5,9	5,0
13,30	1,50	3,0	5,9	5,0
13,33	1,48	3,0	5,9	5,0
13,35	1,47	3,0	5,9	5,0
13,38	1,47	3,0	5,9	5,0
13,40	1,46	3,0	5,9	5,0
13,43	1,44	3,0	5,9	5,0
13,45	1,43	3,0	5,9	5,0
13,47	1,43	3,0	5,9	5,0
13,50	1,42	3,0	5,9	5,0
13,52	1,40	3,0	5,9	5,0
13,55	1,39	3,0	5,9	5,0
13,57	1,38	3,0	5,9	5,0
13,60	1,37	3,0	5,9	5,0
13,62	1,35	3,0	5,9	5,0
13,65	1,34	3,0	5,9	5,0
13,67	1,34	3,0	5,9	5,0
13,69	1,32	3,0	5,9	5,0
13,72	1,30	3,0	5,9	5,0
13,74	1,29	3,0	5,9	5,0
13,77	1,28	3,0	5,9	5,0
13,79	1,27	3,0	5,9	5,0
13,82	1,25	3,0	5,9	5,0
13,84	1,24	3,0	5,9	5,0
13,87	1,23	3,0	5,9	5,0
13,89	1,22	3,0	5,9	5,0
13,91	1,20	3,0	5,9	5,0
13,94	1,20	3,0	5,9	5,0
13,96	1,19	3,0	5,9	5,0
13,99	1,17	3,0	5,9	5,0
14,01	1,15	3,0	5,9	5,0
14,04	1,14	3,0	5,9	5,0
14,06	1,14	3,0	5,9	5,0
14,09	1,11	3,0	5,9	5,0
14,11	1,10	3,0	5,9	5,0
14,13	1,09	3,0	5,9	5,0
14,16	1,09	3,0	5,9	5,0
14,18	1,07	3,0	5,9	5,0
14,21	1,05	3,0	5,9	5,0
14,23	1,05	3,0	5,9	5,0
14,26	1,04	3,0	5,9	5,0
14,28	1,02	3,0	5,9	5,0
14,31	1,00	3,0	5,9	5,0
14,33	0,99	3,0	5,9	5,0
14,35	0,98	3,0	5,9	5,0
14,38	0,98	3,0	5,9	5,0
14,40	0,97	3,0	5,9	5,0
14,43	0,95	3,0	5,9	5,0
14,45	0,93	3,0	5,9	5,0
14,48	0,92	3,0	5,9	5,0
14,50	0,91	3,0	5,9	5,0
14,52	0,89	3,0	5,9	5,0
14,55	0,88	3,0	5,9	5,0
14,57	0,87	3,0	5,9	5,0
14,60	0,86	3,0	5,9	5,0
14,62	0,84	3,0	5,9	5,0
14,65	0,83	3,0	5,9	5,0
14,67	0,82	3,0	5,9	5,0
14,70	0,81	3,0	5,9	5,0
14,72	0,79	3,0	5,9	5,0
14,74	0,78	3,0	5,9	5,0
14,77	0,77	3,0	5,9	5,0
14,79	0,76	3,0	5,9	5,0
14,82	0,74	3,0	5,9	5,0
14,84	0,73	3,0	5,9	5,0
14,87	0,73	3,0	5,9	5,0
14,89	0,71	3,0	5,9	5,0
14,92	0,70	3,0	5,9	5,0
14,94	0,69	3,0	5,9	5,0
14,96	0,68	3,0	5,9	5,0
14,99	0,67	3,0	5,9	5,0
15,01	0,66	3,0	5,9	5,0
15,04	0,64	3,0	5,9	5,0
15,06	0,63	3,0	5,9	5,0
15,09	0,63	3,0	5,9	5,0
15,11	0,63	3,0	5,9	5,0
15,14	0,61	3,0	5,9	5,0
15,16	0,60	3,0	5,9	5,0
15,18	0,60	3,0	5,9	5,0
15,21	0,59	3,0	5,9	5,0
15,23	0,57	3,0	5,9	5,0
15,26	0,56	3,0	5,9	5,0
15,28	0,56	3,0	5,9	5,0
15,31	0,56	3,0	5,9	5,0
15,33	0,54	3,0	5,9	5,0
15,36	0,54	3,0	5,9	5,0
15,38	0,54	3,0	5,9	5,0
15,40	0,54	3,0	5,9	5,0
15,43	0,53	3,0	5,9	5,0
15,45	0,52	3,0	5,9	5,0
15,48	0,53	3,0	5,9	5,0
15,50	0,52	3,0	5,9	5,0
15,53	0,51	3,0	5,9	5,0
15,55	0,51	3,0	5,9	5,0
15,57	0,52	3,0	5,9	5,0
15,60	0,51	3,0	5,9	5,0
15,62	0,50	3,0	5,9	5,0
15,65	0,51	3,0	5,9	5,0
15,67	0,52	3,0	5,9	5,0
15,70	0,51	3,0	5,9	5,0
15,72	0,51	3,0	5,9	5,0
15,75	0,52	3,0	5,9	5,0
15,77	0,53	3,0	5,9	5,0
15,79	0,52	3,0	5,9	5,0
15,82	0,53	3,0	5,9	5,0
15,84	0,54	3,0	5,9	5,0
15,87	0,55	3,0	5,9	5,0
15,89	0,55	3,0	5,9	5,0
15,92	0,55	3,0	5,9	5,0
15,94	0,57	3,0	5,9	5,0
15,97	0,58	3,0	5,9	5,0
15,99	0,58	3,0	5,9	5,0
16,01	0,59	3,0	5,9	5,0
16,04	0,60	3,0	5,9	5,0
16,06	0,62	3,0	5,9	5,0
16,09	0,63	3,0	5,9	5,0
16,11	0,64	3,0	5,9	5,0
16,14	0,66	3,0	5,9	5,0
16,16	0,67	3,0	5,9	5,0
16,19	0,68	3,0	5,9	5,0
16,21	0,69	3,0	5,9	5,0
16,23	0,71	3,0	5,9	5,0
16,26	0,73	3,0	5,9	5,0
16,28	0,74	3,0	5,9	5,0
16,31	0,76	3,0	5,9	5,0
16,33	0,79	3,0	5,9	5,0
16,36	0,81	3,0	5,9	5,0
16,38	0,81	3,0	5,9	5,0
16,41	0,83	3,0	5,9	5,0
16,43	0,85	3,0	5,9	5,0
16,45	0,87	3,0	5,9	5,0
16,48	0,88	3,0	5,9	5,0
16,50	0,89	3,0	5,9	5,0
16,53	0,93	3,0	5,9	5,0
16,55	0,95	3,0	5,9	5,0
16,58	0,95	3,0	5,9	5,0
16,60	0,97	3,0	5,9	5,0
16,63	1,00	3,0	5,9	5,0
16,65	1,03	3,0	5,9	5,0
16,67	1,03	3,0	5,9	5,0
16,70	1,05	3,0	5,9	5,0
16,72	1,08	3,0	5,9	5,0
16,75	1,10	3,0	5,9	5,0
16,77	1,11	3,0	5,9	5,0
16,80	1,13	3,0	5,9	5,0
16,82	1,15	3,0	5,9	5,0
16,84	1,18	3,0	5,9	5,0
16,87	1,20	3,0	5,9	5,0
16,89	1,21	3,0	5,9	5,0
16,92	1,23	3,0	5,9	5,0
16,94	1,25	3,0	5,9	5,0
16,97	1,28	3,0	5,9	5,0
16,99	1,29	3,0	5,9	5,0
17,02	1,31	3,0	5,9	5,0
17,04	1,33	3,0	5,9	5,0
17,06	1,36	3,0	5,9	5,0
17,09	1,37	3,0	5,9	5,0
17,11	1,39	3,0	5,9	5,0
17,14	1,42	3,0	5,9	5,0
17,16	1,44	3,0	5,9	5,0
17,19	1,44	3,0	5,9	5,0
17,21	1,46	3,0	5,9	5,0
17,24	1,49	3,0	5,9	5,0
17,26	1,51	3,0	5,9	5,0
17,28	1,52	3,0	5,9	5,0
17,31	1,54	3,0	5,9	5,0
17,33	1,56	3,0	5,9	5,0
17,36	1,59	3,0	5,9	5,0
17,38	1,59	3,0	5,9	5,0
17,41	1,61	3,0	5,9	5,0
17,43	1,64	3,0	5,9	5,0
17,46	1,66	3,0	5,9	5,0
17,48	1,68	3,0	5,9	5,0
17,50	1,70	3,0	5,9	5,0
17,53	1,71	3,0	5,9	5,0
17,55	1,73	3,0	5,9	5,0
17,58	1,76	3,0	5,9	5,0
17,60	1,77	3,0	5,9	5,0
17,63	1,78	3,0	5,9	5,0
17,65	1,81	3,0	5,9	5,0
17,68	1,83	3,0	5,9	5,0
17,70	1,84	3,0	5,9	5,0
17,72	1,86	3,0	5,9	5,0
17,75	1,88	3,0	5,9	5,0
17,77	1,90	3,0	5,9	5,0
17,80	1,92	3,0	5,9	5,0
17,82	1,93	3,0	5,9	5,0
17,85	1,96	3,0	5,9	5,0
17,87	1,98	3,0	5,9	5,0
17,89	1,99	3,0	5,9	5,0
17,92	2,01	3,0	5,9	5,0
17,94	2,03	3,0	5,9	5,0
17,97	2,06	3,0	5,9	5,0
17,99	2,07	3,0	5,9	5,0
18,02	2,09	3,0	5,9	5,0
18,04	2,12	3,0	5,9	5,0
18,07	2,14	3,0	5,9	5,0
18,09	2,15	3,0	5,9	5,0
18,11	2,17	3,0	5,9	5,0
18,14	2,19	3,0	5,9	5,0
18,16	2,22	3,0	5,9	5,0
18,19	2,23	3,0	5,9	5,0
18,21	2,25	3,0	5,9	5,0
18,24	2,28	3,0	5,9	5,0
18,26	2,31	3,0	5,9	5,0
18,29	2,31	3,0	5,9	5,0
18,31	2,34	3,0	5,9	5,0
18,33	2,37	3,0	5,9	5,0
18,36	2,39	3,0	5,9	5,0
18,38	2,39	3,0	5,9	5,0
18,41	2,41	3,0	5,9	5,0
18,43	2,44	3,0	5,9	5,0
18,46	2,46	3,0	5,9	5,0
18,48	2,47	3,0	5,9	5,0
18,51	2,49	3,0	5,9	5,0
18,53	2,52	3,0	5,9	5,0
18,55	2,54	3,0	5,9	5,0
18,58	2,55	3,0	5,9	5,0
18,60	2,57	3,0	5,9	5,0
18,63	2,60	3,0	5,9	5,0
18,65	2,62	3,0	5,9	5,0
18,68	2,63	3,0	5,9	5,0
18,70	2,65	3,0	5,9	5,0
18,73	2,68	3,0	5,9	5,0
18,75	2,70	3,0	5,9	5,0
18,77	2,71	3,0	5,9	5,0
18,80	2,73	3,0	5,9	5,0
18,82	2,76	3,0	5,9	5,0
18,85	2,78	3,0	5,9	5,0
18,87	2,79	3,0	5,9	5,0
18,90	2,80	3,0	5,9	5,0
18,92	2,83	3,0	5,9	5,0
18,94	2,85	3,0	5,9	5,0
18,97	2,86	3,0	5,9	5,0
18,99	2,88	3,0	5,9	5,0
19,02	2,91	3,0	5,9	5,0
19,04	2,93	3,0	5,9	5,0
19,07	2,94	3,0	5,9	5,0
19,09	2,96	3,0	5,9	5,0
19,12	2,98	3,0	5,9	5,0
19,14	3,00	3,0	5,9	5,0
19,16	3,01	3,0	5,9	5,0
19,19	3,03	3,0	5,9	5,0
19,21	3,06	3,0	5,9	5,0
19,24	3,07	3,0	5,9	5,0
19,26	3,09	3,0	5,9	5,0
19,29	3,10	3,0	5,9	5,0
19,31	3,12	3,0	5,9	5,0
19,34	3,14	3,0	5,9	5,0
19,36	3,16	3,0	5,9	5,0
19,38	3,17	3,0	5,9	5,0
19,41	3,19	3,0	5,9	5,0
19,43	3,22	3,0	5,9	5,0
19,46	3,24	3,0	5,9	5,0
19,48	3,25	3,0	5,9	5,0
19,51	3,27	3,0	5,9	5,0
19,53	3,29	3,0	5,9	5,0
19,56	3,31	3,0	5,9	5,0
19,58	3,32	3,0	5,9	5,0
19,60	3,33	3,0	5,9	5,0
19,63	3,36	3,0	5,9	5,0
19,65	3,37	3,0	5,9	5,0
19,68	3,38	3,0	5,9	5,0
19,70	3,40	3,0	5,9	5,0
19,73	3,42	3,0	5,9	5,0
19,75	3,43	3,0	5,9	5,0
19,78	3,44	3,0	5,9	5,0
19,80	3,46	3,0	5,9	5,0
19,82	3,48	3,0	5,9	5,0
19,85	3,50	3,0	5,9	5,0
19,87	3,50	3,0	5,9	5,0
19,90	3,52	3,0	5,9	5,0
19,92	3,54	3,0	5,9	5,0
19,95	3,56	3,0	5,9	5,0
19,97	3,58	3,0	5,9	5,0
19,99	3,58	3,0	5,9	5,0
20,02	3,60	3,0	5,9	5,0
20,04	3,62	3,0	5,9	5,0
20,07	3,64	3,0	5,9	5,0
20,09	3,64	3,0	5,9	5,0
20,12	3,65	3,0	5,9	5,0
20,14	3,68	3,0	5,9	5,0
20,17	3,69	3,0	5,9	5,0
20,19	3,70	3,0	5,9	5,0
20,21	3,71	3,0	5,9	5,0
20,24	3,73	3,0	5,9	5,0
20,26	3,75	3,0	5,9	5,0
20,29	3,75	3,0	5,9	5,0
20,31	3,76	3,0	5,9	5,0
20,34	3,79	3,0	5,9	5,0
20,36	3,80	3,0	5,9	5,0
20,39	3,81	3,0	5,9	5,0
20,41	3,82	3,0	5,9	5,0
20,43	3,84	3,0	5,9	5,0
20,46	3,86	3,0	5,9	5,0
20,48	3,86	3,0	5,9	5,0
20,51	3,87	3,0	5,9	5,0
20,53	3,90	3,0	5,9	5,0
20,56	3,91	3,0	5,9	5,0
20,58	3,91	3,0	5,9	5,0
20,61	3,92	3,0	5,9	5,0
20,63	3,95	3,0	5,9	5,0
20,65	3,96	3,0	5,9	5,0
20,68	3,96	3,0	5,9	5,0
20,70	3,97	3,0	5,9	5,0
20,73	4,00	3,0	5,9	5,0
20,75	4,01	3,0	5,9	5,0
20,78	4,01	3,0	5,9	5,0
20,80	4,02	3,0	5,9	5,0
20,83	4,04	3,0	5,9	5,0
20,85	4,05	3,0	5,9	5,0
20,87	4,06	3,0	5,9	5,0
20,90	4,07	3,0	5,9	5,0
20,92	4,09	3,0	5,9	5,0
20,95	4,10	3,0	5,9	5,0
20,97	4,10	3,0	5,9	5,0
21,00	4,12	3,0	5,9	5,0
21,02	4,13	3,0	5,9	5,0
21,05	4,14	3,0	5,9	5,0
21,07	4,14	3,0	5,9	5,0
21,09	4,15	3,0	5,9	5,0
21,12	4,17	3,0	5,9	5,0
21,14	4,18	3,0	5,9	5,0
21,17	4,19	3,0	5,9	5,0
21,19	4,20	3,0	5,9	5,0
21,22	4,21	3,0	5,9	5,0
21,24	4,22	3,0	5,9	5,0
21,26	4,22	3,0	5,9	5,0
21,29	4,24	3,0	5,9	5,0
21,31	4,25	3,0	5,9	5,0
21,34	4,25	3,0	5,9	5,0
21,36	4,27	3,0	5,9	5,0
21,39	4,28	3,0	5,9	5,0
21,41	4,29	3,0	5,9	5,0
21,44	4,30	3,0	5,9	5,0
21,46	4,30	3,0	5,9	5,0
21,48	4,32	3,0	5,9	5,0
21,51	4,33	3,0	5,9	5,0
21,53	4,33	3,0	5,9	5,0
21,56	4,34	3,0	5,9	5,0
21,58	4,36	3,0	5,9	5,0
21,61	4,37	3,0	5,9	5,0
21,63	4,37	3,0	5,9	5,0
21,66	4,38	3,0	5,9	5,0
21,68	4,39	3,0	5,9	5,0
21,70	4,40	3,0	5,9	5,0
21,73	4,42	3,0	5,9	5,0
21,75	4,42	3,0	5,9	5,0
21,78	4,43	3,0	5,9	5,0
21,80	4,44	3,0	5,9	5,0
21,83	4,45	3,0	5,9	5,0
21,85	4,46	3,0	5,9	5,0
21,88	4,46	3,0	5,9	5,0
21,90	4,48	3,0	5,9	5,0
21,92	4,49	3,0	5,9	5,0
21,95	4,49	3,0	5,9	5,0
21,97	4,50	3,0	5,9	5,0
22,00	4,51	3,0	5,9	5,0
22,02	4,52	3,0	5,9	5,0
22,05	4,53	3,0	5,9	5,0
22,07	4,54	3,0	5,9	5,0
22,10	4,55	3,0	5,9	5,0
22,12	4,56	3,0	5,9	5,0
22,14	4,56	3,0	5,9	5,0
22,17	4,57	3,0	5,9	5,0
22,19	4,59	3,0	5,9	5,0
22,22	4,59	3,0	5,9	5,0
22,24	4,59	3,0	5,9	5,0
22,27	4,60	3,0	5,9	5,0
22,29	4,62	3,0	5,9	5,0
22,31	4,63	3,0	5,9	5,0
22,34	4,64	3,0	5,9	5,0
22,36	4,65	3,0	5,9	5,0
22,39	4,65	3,0	5,9	5,0
22,41	4,66	3,0	5,9	5,0
22,44	4,68	3,0	5,9	5,0
22,46	4,68	3,0	5,9	5,0
22,49	4,68	3,0	5,9	5,0
22,51	4,69	3,0	5,9	5,0
22,53	4,71	3,0	5,9	5,0
22,56	4,72	3,0	5,9	5,0
22,58	4,72	3,0	5,9	5,0
22,61	4,73	3,0	5,9	5,0
22,63	4,75	3,0	5,9	5,0
22,66	4,75	3,0	5,9	5,0
22,68	4,75	3,0	5,9	5,0
22,71	4,76	3,0	5,9	5,0
22,73	4,77	3,0	5,9	5,0
22,75	4,78	3,0	5,9	5,0
22,78	4,78	3,0	5,9	5,0
22,80	4,79	3,0	5,9	5,0
22,83	4,80	3,0	5,9	5,0
22,85	4,81	3,0	5,9	5,0
22,88	4,81	3,0	5,9	5,0
22,90	4,82	3,0	5,9	5,0
22,93	4,83	3,0	5,9	5,0
22,95	4,83	3,0	5,9	5,0
22,97	4,83	3,0	5,9	5,0
23,00	4,85	3,0	5,9	5,0
23,02	4,86	3,0	5,9	5,0
23,05	4,86	3,0	5,9	5,0
23,07	4,87	3,0	5,9	5,0
23,10	4,88	3,0	5,9	5,0
23,12	4,89	3,0	5,9	5,0
23,15	4,89	3,0	5,9	5,0
23,17	4,89	3,0	5,9	5,0
23,19	4,91	3,0	5,9	5,0
23,22	4,92	3,0	5,9	5,0
23,24	4,91	3,0	5,9	5,0
23,27	4,92	3,0	5,9	5,0
23,29	4,94	3,0	5,9	5,0
23,32	4,95	3,0	5,9	5,0
23,34	4,95	3,0	5,9	5,0
23,36	4,96	3,0	5,9	5,0
23,39	4,98	3,0	5,9	5,0
23,41	4,98	3,0	5,9	5,0
23,44	4,98	3,0	5,9	5,0
23,46	4,99	3,0	5,9	5,0
23,49	5,00	3,0	5,9	5,0
23,51	5,01	3,0	5,9	5,0
23,54	5,01	3,0	5,9	5,0
23,56	5,02	3,0	5,9	5,0
23,58	5,04	3,0	5,9	5,0
23,61	5,04	3,0	5,9	5,0
23,63	5,04	3,0	5,9	5,0
23,66	5,05	3,0	5,9	5,0
23,68	5,06	3,0	5,9	5,0
23,71	5,07	3,0	5,9	5,0
23,73	5,07	3,0	5,9	5,0
23,76	5,07	3,0	5,9	5,0
23,78	5,09	3,0	5,9	5,0
23,80	5,10	3,0	5,9	5,0
23,83	5,10	3,0	5,9	5,0
23,85	5,10	3,0	5,9	5,0
23,88	5,12	3,0	5,9	5,0
23,90	5,13	3,0	5,9	5,0
23,93	5,12	3,0	5,9	5,0
23,95	5,12	3,0	5,9	5,0
23,98	5,14	3,0	5,9	5,0
24,00	5,15	3,0	5,9	5,0
24,02	5,14	3,0	5,9	5,0
24,05	5,15	3,0	5,9	5,0
24,07	5,17	3,0	5,9	5,0
24,10	5,18	3,0	5,9	5,0
24,12	5,18	3,0	5,9	5,0
24,15	5,18	3,0	5,9	5,0
24,17	5,19	3,0	5,9	5,0
24,20	5,20	3,0	5,9	5,0
24,22	5,21	3,0	5,9	5,0
24,24	5,20	3,0	5,9	5,0
24,27	5,21	3,0	5,9	5,0
24,29	5,22	3,0	5,9	5,0
24,32	5,23	3,0	5,9	5,0
24,34	5,23	3,0	5,9	5,0
24,37	5,24	3,0	5,9	5,0
24,39	5,25	3,0	5,9	5,0
24,42	5,25	3,0	5,9	5,0
24,44	5,25	3,0	5,9	5,0
24,46	5,26	3,0	5,9	5,0
24,49	5,27	3,0	5,9	5,0
24,51	5,28	3,0	5,9	5,0
24,54	5,28	3,0	5,9	5,0
24,56	5,29	3,0	5,9	5,0
24,59	5,30	3,0	5,9	5,0
24,61	5,30	3,0	5,9	5,0
24,63	5,30	3,0	5,9	5,0
24,66	5,31	3,0	5,9	5,0
24,68	5,32	3,0	5,9	5,0
24,71	5,32	3,0	5,9	5,0
24,73	5,32	3,0	5,9	5,0
24,76	5,33	3,0	5,9	5,0
24,78	5,33	3,0	5,9	5,0
24,81	5,34	3,0	5,9	5,0
24,83	5,35	3,0	5,9	5,0
24,85	5,35	3,0	5,9	5,0
24,88	5,35	3,0	5,9	5,0
24,90	5,36	3,0	5,9	5,0
24,93	5,37	3,0	5,9	5,0
24,95	5,37	3,0	5,9	5,0
24,98	5,38	3,0	5,9	5,0
25,00	5,39	3,0	5,9	5,0
25,03	5,40	3,0	5,9	5,0
25,05	5,39	3,0	5,9	5,0
25,07	5,39	3,0	5,9	5,0
25,10	5,41	3,0	5,9	5,0
25,12	5,41	3,0	5,9	5,0
25,15	5,40	3,0	5,9	5,0
25,17	5,41	3,0	5,9	5,0
25,20	5,42	3,0	5,9	5,0
25,22	5,43	3,0	5,9	5,0
25,25	5,42	3,0	5,9	5,0
25,27	5,43	3,0	5,9	5,0
25,29	5,44	3,0	5,9	5,0
25,32	5,45	3,0	5,9	5,0
25,34	5,44	3,0	5,9	5,0
25,37	5,44	3,0	5,9	5,0
25,39	5,45	3,0	5,9	5,0
25,42	5,46	3,0	5,9	5,0
25,44	5,45	3,0	5,9	5,0
25,47	5,46	3,0	5,9	5,0
25,49	5,47	3,0	5,9	5,0
25,51	5,47	3,0	5,9	5,0
25,54	5,47	3,0	5,9	5,0
25,56	5,47	3,0	5,9	5,0
25,59	5,48	3,0	5,9	5,0
25,61	5,48	3,0	5,9	5,0
25,64	5,47	3,0	5,9	5,0
25,66	5,48	3,0	5,9	5,0
25,68	5,50	3,0	5,9	5,0
25,71	5,50	3,0	5,9	5,0
25,73	5,49	3,0	5,9	5,0
25,76	5,50	3,0	5,9	5,0
25,78	5,51	3,0	5,9	5,0
25,81	5,51	3,0	5,9	5,0
25,83	5,50	3,0	5,9	5,0
25,86	5,50	3,0	5,9	5,0
25,88	5,52	3,0	5,9	5,0
25,90	5,52	3,0	5,9	5,0
25,93	5,51	3,0	5,9	5,0
25,95	5,52	3,0	5,9	5,0
25,98	5,53	3,0	5,9	5,0
26,00	5,53	3,0	5,9	5,0
26,03	5,53	3,0	5,9	5,0
26,05	5,53	3,0	5,9	5,0
26,08	5,54	3,0	5,9	5,0
26,10	5,54	3,0	5,9	5,0
26,12	5,54	3,0	5,9	5,0
26,15	5,55	3,0	5,9	5,0
26,17	5,56	3,0	5,9	5,0
26,20	5,55	3,0	5,9	5,0
26,22	5,55	3,0	5,9	5,0
26,25	5,56	3,0	5,9	5,0
26,27	5,57	3,0	5,9	5,0
26,30	5,56	3,0	5,9	5,0
26,32	5,56	3,0	5,9	5,0
26,34	5,57	3,0	5,9	5,0
26,37	5,57	3,0	5,9	5,0
26,39	5,57	3,0	5,9	5,0
26,42	5,57	3,0	5,9	5,0
26,44	5,58	3,0	5,9	5,0
26,47	5,59	3,0	5,9	5,0
26,49	5,58	3,0	5,9	5,0
26,52	5,59	3,0	5,9	5,0
26,54	5,60	3,0	5,9	5,0
26,56	5,60	3,0	5,9	5,0
26,59	5,61	3,0	5,9	5,0
26,61	5,61	3,0	5,9	5,0
26,64	5,60	3,0	5,9	5,0
26,66	5,61	3,0	5,9	5,0
26,69	5,61	3,0	5,9	5,0
26,71	5,62	3,0	5,9	5,0
26,73	5,61	3,0	5,9	5,0
26,76	5,61	3,0	5,9	5,0
26,78	5,62	3,0	5,9	5,0
26,81	5,62	3,0	5,9	5,0
26,83	5,62	3,0	5,9	5,0
26,86	5,62	3,0	5,9	5,0
26,88	5,63	3,0	5,9	5,0
26,91	5,63	3,0	5,9	5,0
26,93	5,63	3,0	5,9	5,0
26,95	5,64	3,0	5,9	5,0
26,98	5,64	3,0	5,9	5,0
27,00	5,64	3,0	5,9	5,0
27,03	5,64	3,0	5,9	5,0
27,05	5,63	3,0	5,9	5,0
27,08	5,64	3,0	5,9	5,0
27,10	5,64	3,0	5,9	5,0
27,13	5,64	3,0	5,9	5,0
27,15	5,64	3,0	5,9	5,0
27,17	5,65	3,0	5,9	5,0
27,20	5,64	3,0	5,9	5,0
27,22	5,65	3,0	5,9	5,0
27,25	5,64	3,0	5,9	5,0
27,27	5,64	3,0	5,9	5,0
27,30	5,65	3,0	5,9	5,0
27,32	5,65	3,0	5,9	5,0
27,35	5,65	3,0	5,9	5,0
27,37	5,65	3,0	5,9	5,0
27,39	5,67	3,0	5,9	5,0
27,42	5,66	3,0	5,9	5,0
27,44	5,66	3,0	5,9	5,0
27,47	5,66	3,0	5,9	5,0
27,49	5,67	3,0	5,9	5,0
27,52	5,67	3,0	5,9	5,0
27,54	5,66	3,0	5,9	5,0
27,57	5,67	3,0	5,9	5,0
27,59	5,68	3,0	5,9	5,0
27,61	5,68	3,0	5,9	5,0
27,64	5,67	3,0	5,9	5,0
27,66	5,68	3,0	5,9	5,0
27,69	5,69	3,0	5,9	5,0
27,71	5,69	3,0	5,9	5,0
27,74	5,69	3,0	5,9	5,0
27,76	5,69	3,0	5,9	5,0
27,78	5,70	3,0	5,9	5,0
27,81	5,70	3,0	5,9	5,0
27,83	5,69	3,0	5,9	5,0
27,86	5,70	3,0	5,9	5,0
27,88	5,71	3,0	5,9	5,0
27,91	5,71	3,0	5,9	5,0
27,93	5,71	3,0	5,9	5,0
27,96	5,71	3,0	5,9	5,0
27,98	5,72	3,0	5,9	5,0
28,00	5,72	3,0	5,9	5,0
28,03	5,72	3,0	5,9	5,0
28,05	5,72	3,0	5,9	5,0
28,08	5,73	3,0	5,9	5,0
28,10	5,73	3,0	5,9	5,0
28,13	5,73	3,0	5,9	5,0
28,15	5,74	3,0	5,9	5,0
28,18	5,75	3,0	5,9	5,0
28,20	5,74	3,0	5,9	5,0
28,22	5,74	3,0	5,9	5,0
28,25	5,75	3,0	5,9	5,0
28,27	5,75	3,0	5,9	5,0
28,30	5,75	3,0	5,9	5,0
28,32	5,75	3,0	5,9	5,0
28,35	5,76	3,0	5,9	5,0
28,37	5,76	3,0	5,9	5,0
28,40	5,76	3,0	5,9	5,0
28,42	5,76	3,0	5,9	5,0
28,44	5,77	3,0	5,9	5,0
28,47	5,77	3,0	5,9	5,0
28,49	5,76	3,0	5,9	5,0
28,52	5,77	3,0	5,9	5,0
28,54	5,78	3,0	5,9	5,0
28,57	5,78	3,0	5,9	5,0
28,59	5,77	3,0	5,9	5,0
28,62	5,78	3,0	5,9	5,0
28,64	5,79	3,0	5,9	5,0
28,66	5,79	3,0	5,9	5,0
28,69	5,78	3,0	5,9	5,0
28,71	5,78	3,0	5,9	5,0
28,74	5,79	3,0	5,9	5,0
28,76	5,79	3,0	5,9	5,0
28,79	5,78	3,0	5,9	5,0
28,81	5,79	3,0	5,9	5,0
28,84	5,80	3,0	5,9	5,0
28,86	5,80	3,0	5,9	5,0
28,88	5,80	3,0	5,9	5,0
28,91	5,80	3,0	5,9	5,0
28,93	5,81	3,0	5,9	5,0
28,96	5,81	3,0	5,9	5,0
28,98	5,79	3,0	5,9	5,0
29,01	5,80	3,0	5,9	5,0
29,03	5,79	3,0	5,9	5,0
29,05	5,80	3,0	5,9	5,0
29,08	5,81	3,0	5,9	5,0
29,10	5,80	3,0	5,9	5,0
29,13	5,80	3,0	5,9	5,0
29,15	5,81	3,0	5,9	5,0
29,18	5,81	3,0	5,9	5,0
29,20	5,80	3,0	5,9	5,0
29,23	5,80	3,0	5,9	5,0
29,25	5,81	3,0	5,9	5,0
29,27	5,82	3,0	5,9	5,0
29,30	5,81	3,0	5,9	5,0
29,32	5,81	3,0	5,9	5,0
29,35	5,81	3,0	5,9	5,0
29,37	5,81	3,0	5,9	5,0
29,40	5,81	3,0	5,9	5,0
29,42	5,81	3,0	5,9	5,0
29,45	5,82	3,0	5,9	5,0
29,47	5,81	3,0	5,9	5,0
29,49	5,81	3,0	5,9	5,0
29,52	5,81	3,0	5,9	5,0
29,54	5,81	3,0	5,9	5,0
29,57	5,81	3,0	5,9	5,0
29,59	5,80	3,0	5,9	5,0
29,62	5,80	3,0	5,9	5,0
29,64	5,81	3,0	5,9	5,0
29,67	5,80	3,0	5,9	5,0
29,69	5,80	3,0	5,9	5,0
29,71	5,79	3,0	5,9	5,0
29,74	5,79	3,0	5,9	5,0
29,76	5,79	3,0	5,9	5,0
29,79	5,79	3,0	5,9	5,0
29,81	5,77	3,0	5,9	5,0
29,84	5,76	3,0	5,9	5,0
29,86	5,76	3,0	5,9	5,0
29,89	5,75	3,0	5,9	5,0
29,91	5,74	3,0	5,9	5,0
29,93	5,72	3,0	5,9	5,0
29,96	5,72	3,0	5,9	5,0
29,98	5,71	3,0	5,9	5,0
30,01	5,69	3,0	5,9	5,0
30,03	5,67	3,0	5,9	5,0
30,06	5,66	3,0	5,9	5,0
30,08	5,65	3,0	5,9	5,0
30,10	5,62	3,0	5,9	5,0
30,13	5,60	3,0	5,9	5,0
30,15	5,58	3,0	5,9	5,0
30,18	5,56	3,0	5,9	5,0
30,20	5,53	3,0	5,9	5,0
30,23	5,50	3,0	5,9	5,0
30,25	5,49	3,0	5,9	5,0
30,28	5,46	3,0	5,9	5,0
30,30	5,42	3,0	5,9	5,0
30,32	5,40	3,0	5,9	5,0
30,35	5,38	3,0	5,9	5,0
30,37	5,35	3,0	5,9	5,0
30,40	5,31	3,0	5,9	5,0
30,42	5,27	3,0	5,9	5,0
30,45	5,25	3,0	5,9	5,0
30,47	5,22	3,0	5,9	5,0
30,50	5,18	3,0	5,9	5,0
30,52	5,15	3,0	5,9	5,0
30,54	5,12	3,0	5,9	5,0
30,57	5,08	3,0	5,9	5,0
30,59	5,04	3,0	5,9	5,0
30,62	5,00	3,0	5,9	5,0
30,64	4,98	3,0	5,9	5,0
30,67	4,94	3,0	5,9	5,0
30,69	4,89	3,0	5,9	5,0
30,72	4,86	3,0	5,9	5,0
30,74	4,83	3,0	5,9	5,0
30,76	4,79	3,0	5,9	5,0
30,79	4,75	3,0	5,9	5,0
30,81	4,71	3,0	5,9	5,0
30,84	4,69	3,0	5,9	5,0
30,86	4,65	3,0	5,9	5,0
30,89	4,60	3,0	5,9	5,0
30,91	4,57	3,0	5,9	5,0
30,94	4,54	3,0	5,9	5,0
30,96	4,50	3,0	5,9	5,0
30,98	4,46	3,0	5,9	5,0
31,01	4,43	3,0	5,9	5,0
31,03	4,40	3,0	5,9	5,0
31,06	4,36	3,0	5,9	5,0
31,08	4,32	3,0	5,9	5,0
31,11	4,29	3,0	5,9	5,0
31,13	4,26	3,0	5,9	5,0
31,15	4,22	3,0	5,9	5,0
31,18	4,18	3,0	5,9	5,0
31,20	4,15	3,0	5,9	5,0
31,23	4,13	3,0	5,9	5,0
31,25	4,08	3,0	5,9	5,0
31,28	4,04	3,0	5,9	5,0
31,30	4,01	3,0	5,9	5,0
31,33	3,99	3,0	5,9	5,0
31,35	3,95	3,0	5,9	5,0
31,37	3,91	3,0	5,9	5,0
31,40	3,88	3,0	5,9	5,0
31,42	3,86	3,0	5,9	5,0
31,45	3,83	3,0	5,9	5,0
31,47	3,80	3,0	5,9	5,0
31,50	3,76	3,0	5,9	5,0
31,52	3,73	3,0	5,9	5,0
31,55	3,71	3,0	5,9	5,0
31,57	3,67	3,0	5,9	5,0
31,59	3,64	3,0	5,9	5,0
31,62	3,61	3,0	5,9	5,0
31,64	3,59	3,0	5,9	5,0
31,67	3,55	3,0	5,9	5,0
31,69	3,52	3,0	5,9	5,0
31,72	3,49	3,0	5,9	5,0
31,74	3,47	3,0	5,9	5,0
31,77	3,43	3,0	5,9	5,0
31,79	3,40	3,0	5,9	5,0
31,81	3,37	3,0	5,9	5,0
31,84	3,35	3,0	5,9	5,0
31,86	3,32	3,0	5,9	5,0
31,89	3,29	3,0	5,9	5,0
31,91	3,27	3,0	5,9	5,0
31,94	3,25	3,0	5,9	5,0
31,96	3,22	3,0	5,9	5,0
31,99	3,19	3,0	5,9	5,0
32,01	3,16	3,0	5,9	5,0
32,03	3,14	3,0	5,9	5,0
32,06	3,11	3,0	5,9	5,0
32,08	3,07	3,0	5,9	5,0
32,11	3,05	3,0	5,9	5,0
32,13	3,02	3,0	5,9	5,0
32,16	3,00	3,0	5,9	5,0
32,18	2,98	3,0	5,9	5,0
32,20	2,95	3,0	5,9	5,0
32,23	2,93	3,0	5,9	5,0
32,25	2,91	3,0	5,9	5,0
32,28	2,88	3,0	5,9	5,0
32,30	2,85	3,0	5,9	5,0
32,33	2,83	3,0	5,9	5,0
32,35	2,82	3,0	5,9	5,0
32,38	2,80	3,0	5,9	5,0
32,40	2,77	3,0	5,9	5,0
32,42	2,76	3,0	5,9	5,0
32,45	2,75	3,0	5,9	5,0
32,47	2,73	3,0	5,9	5,0
32,50	2,70	3,0	5,9	5,0
32,52	2,69	3,0	5,9	5,0
32,55	2,69	3,0	5,9	5,0
32,57	2,67	3,0	5,9	5,0
32,60	2,64	3,0	5,9	5,0
32,62	2,64	3,0	5,9	5,0
32,64	2,63	3,0	5,9	5,0
32,67	2,62	3,0	5,9	5,0
32,69	2,60	3,0	5,9	5,0
32,72	2,60	3,0	5,9	5,0
32,74	2,60	3,0	5,9	5,0
32,77	2,59	3,0	5,9	5,0
32,79	2,57	3,0	5,9	5,0
32,82	2,58	3,0	5,9	5,0
32,84	2,58	3,0	5,9	5,0
32,86	2,58	3,0	5,9	5,0
32,89	2,57	3,0	5,9	5,0
32,91	2,57	3,0	5,9	5,0
32,94	2,58	3,0	5,9	5,0
32,96	2,57	3,0	5,9	5,0
32,99	2,57	3,0	5,9	5,0
33,01	2,58	3,0	5,9	5,0
33,04	2,59	3,0	5,9	5,0
33,06	2,58	3,0	5,9	5,0
33,08	2,58	3,0	5,9	5,0
33,11	2,59	3,0	5,9	5,0
33,13	2,61	3,0	5,9	5,0
33,16	2,61	3,0	5,9	5,0
33,18	2,61	3,0	5,9	5,0
33,21	2,62	3,0	5,9	5,0
33,23	2,64	3,0	5,9	5,0
33,26	2,64	3,0	5,9	5,0
33,28	2,64	3,0	5,9	5,0
33,30	2,65	3,0	5,9	5,0
33,33	2,67	3,0	5,9	5,0
33,35	2,67	3,0	5,9	5,0
33,38	2,67	3,0	5,9	5,0
33,40	2,69	3,0	5,9	5,0
33,43	2,70	3,0	5,9	5,0
33,45	2,71	3,0	5,9	5,0
33,47	2,72	3,0	5,9	5,0
33,50	2,73	3,0	5,9	5,0
33,52	2,75	3,0	5,9	5,0
33,55	2,75	3,0	5,9	5,0
33,57	2,75	3,0	5,9	5,0
33,60	2,78	3,0	5,9	5,0
33,62	2,79	3,0	5,9	5,0
33,65	2,79	3,0	5,9	5,0
33,67	2,80	3,0	5,9	5,0
33,69	2,82	3,0	5,9	5,0
33,72	2,83	3,0	5,9	5,0
33,74	2,83	3,0	5,9	5,0
33,77	2,84	3,0	5,9	5,0
33,79	2,86	3,0	5,9	5,0
33,82	2,87	3,0	5,9	5,0
33,84	2,88	3,0	5,9	5,0
33,87	2,89	3,0	5,9	5,0
33,89	2,90	3,0	5,9	5,0
33,91	2,92	3,0	5,9	5,0
33,94	2,94	3,0	5,9	5,0
33,96	2,95	3,0	5,9	5,0
33,99	2,95	3,0	5,9	5,0
34,01	2,97	3,0	5,9	5,0
34,04	2,98	3,0	5,9	5,0
34,06	2,99	3,0	5,9	5,0
34,09	3,00	3,0	5,9	5,0
34,11	3,02	3,0	5,9	5,0
34,13	3,04	3,0	5,9	5,0
34,16	3,05	3,0	5,9	5,0
34,18	3,06	3,0	5,9	5,0
34,21	3,08	3,0	5,9	5,0
34,23	3,10	3,0	5,9	5,0
34,26	3,11	3,0	5,9	5,0
34,28	3,13	3,0	5,9	5,0
34,31	3,15	3,0	5,9	5,0
34,33	3,17	3,0	5,9	5,0
34,35	3,19	3,0	5,9	5,0
34,38	3,20	3,0	5,9	5,0
34,40	3,23	3,0	5,9	5,0
34,43	3,25	3,0	5,9	5,0
34,45	3,26	3,0	5,9	5,0
34,48	3,28	3,0	5,9	5,0
34,50	3,30	3,0	5,9	5,0
34,52	3,33	3,0	5,9	5,0
34,55	3,35	3,0	5,9	5,0
34,57	3,37	3,0	5,9	5,0
34,60	3,39	3,0	5,9	5,0
34,62	3,41	3,0	5,9	5,0
34,65	3,45	3,0	5,9	5,0
34,67	3,47	3,0	5,9	5,0
34,70	3,48	3,0	5,9	5,0
34,72	3,51	3,0	5,9	5,0
34,74	3,55	3,0	5,9	5,0
34,77	3,57	3,0	5,9	5,0
34,79	3,59	3,0	5,9	5,0
34,82	3,62	3,0	5,9	5,0
34,84	3,65	3,0	5,9	5,0
34,87	3,67	3,0	5,9	5,0
34,89	3,69	3,0	5,9	5,0
34,92	3,73	3,0	5,9	5,0
34,94	3,76	3,0	5,9	5,0
34,96	3,78	3,0	5,9	5,0
34,99	3,81	3,0	5,9	5,0
35,01	3,85	3,0	5,9	5,0
35,04	3,89	3,0	5,9	5,0
35,06	3,91	3,0	5,9	5,0
35,09	3,94	3,0	5,9	5,0
35,11	3,98	3,0	5,9	5,0
35,14	4,02	3,0	5,9	5,0
35,16	4,04	3,0	5,9	5,0
35,18	4,07	3,0	5,9	5,0
35,21	4,10	3,0	5,9	5,0
35,23	4,14	3,0	5,9	5,0
35,26	4,16	3,0	5,9	5,0
35,28	4,19	3,0	5,9	5,0
35,31	4,24	3,0	5,9	5,0
35,33	4,27	3,0	5,9	5,0
35,36	4,30	3,0	5,9	5,0
35,38	4,33	3,0	5,9	5,0
35,40	4,37	3,0	5,9	5,0
35,43	4,41	3,0	5,9	5,0
35,45	4,43	3,0	5,9	5,0
35,48	4,46	3,0	5,9	5,0
35,50	4,51	3,0	5,9	5,0
35,53	4,54	3,0	5,9	5,0
35,55	4,57	3,0	5,9	5,0
35,57	4,60	3,0	5,9	5,0
35,60	4,65	3,0	5,9	5,0
35,62	4,68	3,0	5,9	5,0
35,65	4,71	3,0	5,9	5,0
35,67	4,74	3,0	5,9	5,0
35,70	4,78	3,0	5,9	5,0
35,72	4,81	3,0	5,9	5,0
35,75	4,84	3,0	5,9	5,0
35,77	4,88	3,0	5,9	5,0
35,79	4,92	3,0	5,9	5,0
35,82	4,95	3,0	5,9	5,0
35,84	4,98	3,0	5,9	5,0
35,87	5,02	3,0	5,9	5,0
35,89	5,06	3,0	5,9	5,0
35,92	5,09	3,0	5,9	5,0
35,94	5,12	3,0	5,9	5,0
35,97	5,15	3,0	5,9	5,0
35,99	5,20	3,0	5,9	5,0
36,01	5,23	3,0	5,9	5,0
36,04	5,26	3,0	5,9	5,0
36,06	5,30	3,0	5,9	5,0
36,09	5,34	3,0	5,9	5,0
36,11	5,37	3,0	5,9	5,0
36,14	5,40	3,0	5,9	5,0
36,16	5,44	3,0	5,9	5,0
36,19	5,48	3,0	5,9	5,0
36,21	5,51	3,0	5,9	5,0
36,23	5,54	3,0	5,9	5,0
36,26	5,59	3,0	5,9	5,0
36,28	5,63	3,0	5,9	5,0
36,31	5,66	3,0	5,9	5,0
36,33	5,70	3,0	5,9	5,0
36,36	5,73	3,0	5,9	5,0
36,38	5,76	3,0	5,9	5,0
36,41	5,80	3,0	5,9	5,0
36,43	5,84	3,0	5,9	5,0
36,45	5,86	3,0	5,9	5,0
36,48	5,90	3,0	5,9	5,0
36,50	5,94	3,0	5,9	5,0
36,53	5,98	3,0	5,9	5,0
36,55	6,01	3,0	5,9	5,0
36,58	6,05	3,0	5,9	5,0
36,60	6,09	3,0	5,9	5,0
36,62	6,13	3,0	5,9	5,0
36,65	6,16	3,0	5,9	5,0
36,67	6,19	3,0	5,9	5,0
36,70	6,24	3,0	5,9	5,0
36,72	6,27	3,0	5,9	5,0
36,75	6,31	3,0	5,9	5,0
36,77	6,34	3,0	5,9	5,0
36,80	6,38	3,0	5,9	5,0
36,82	6,42	3,0	5,9	5,0
36,84	6,45	3,0	5,9	5,0
36,87	6,49	3,0	5,9	5,0
36,89	6,53	3,0	5,9	5,0
36,92	6,56	3,0	5,9	5,0
36,94	6,59	3,0	5,9	5,0
36,97	6,63	3,0	5,9	5,0
36,99	6,67	3,0	5,9	5,0
37,02	6,71	3,0	5,9	5,0
37,04	6,75	3,0	5,9	5,0
37,06	6,79	3,0	5,9	5,0
37,09	6,82	3,0	5,9	5,0
37,11	6,86	3,0	5,9	5,0
37,14	6,90	3,0	5,9	5,0
37,16	6,93	3,0	5,9	5,0
37,19	6,96	3,0	5,9	5,0
37,21	7,01	3,0	5,9	5,0
37,24	7,05	3,0	5,9	5,0
37,26	7,08	3,0	5,9	5,0
37,28	7,11	3,0	5,9	5,0
37,31	7,16	3,0	5,9	5,0
37,33	7,20	3,0	5,9	5,0
37,36	7,22	3,0	5,9	5,0
37,38	7,26	3,0	5,9	5,0
37,41	7,30	3,0	5,9	5,0
37,43	7,34	3,0	5,9	5,0
37,46	7,37	3,0	5,9	5,0
37,48	7,41	3,0	5,9	5,0
37,50	7,45	3,0	5,9	5,0
37,53	7,49	3,0	5,9	5,0
37,55	7,52	3,0	5,9	5,0
37,58	7,56	3,0	5,9	5,0
37,60	7,60	3,0	5,9	5,0
37,63	7,63	3,0	5,9	5,0
37,65	7,66	3,0	5,9	5,0
37,68	7,70	3,0	5,9	5,0
37,70	7,74	3,0	5,9	5,0
37,72	7,77	3,0	5,9	5,0
37,75	7,80	3,0	5,9	5,0
37,77	7,84	3,0	5,9	5,0
37,80	7,89	3,0	5,9	5,0
37,82	7,92	3,0	5,9	5,0
37,85	7,94	3,0	5,9	5,0
37,87	7,98	3,0	5,9	5,0
37,89	8,03	3,0	5,9	5,0
37,92	8,06	3,0	5,9	5,0
37,94	8,08	3,0	5,9	5,0
37,97	8,12	3,0	5,9	5,0
37,99	8,16	3,0	5,9	5,0
38,02	8,19	3,0	5,9	5,0
38,04	8,21	3,0	5,9	5,0
38,07	8,25	3,0	5,9	5,0
38,09	8,29	3,0	5,9	5,0
38,11	8,32	3,0	5,9	5,0
38,14	8,35	3,0	5,9	5,0
38,16	8,40	3,0	5,9	5,0
38,19	8,43	3,0	5,9	5,0
38,21	8,46	3,0	5,9	5,0
38,24	8,49	3,0	5,9	5,0
38,26	8,53	3,0	5,9	5,0
38,29	8,57	3,0	5,9	5,0
38,31	8,60	3,0	5,9	5,0
38,33	8,62	3,0	5,9	5,0
38,36	8,66	3,0	5,9	5,0
38,38	8,70	3,0	5,9	5,0
38,41	8,73	3,0	5,9	5,0
38,43	8,76	3,0	5,9	5,0
38,46	8,80	3,0	5,9	5,0
38,48	8,84	3,0	5,9	5,0
38,51	8,87	3,0	5,9	5,0
38,53	8,89	3,0	5,9	5,0
38,55	8,94	3,0	5,9	5,0
38,58	8,98	3,0	5,9	5,0
38,60	9,01	3,0	5,9	5,0
38,63	9,04	3,0	5,9	5,0
38,65	9,08	3,0	5,9	5,0
38,68	9,13	3,0	5,9	5,0
38,70	9,15	3,0	5,9	5,0
38,73	9,18	3,0	5,9	5,0
38,75	9,23	3,0	5,9	5,0
38,77	9,26	3,0	5,9	5,0
38,80	9,29	3,0	5,9	5,0
38,82	9,32	3,0	5,9	5,0
38,85	9,35	3,0	5,9	5,0
38,87	9,39	3,0	5,9	5,0
38,90	9,43	3,0	5,9	5,0
38,92	9,46	3,0	5,9	5,0
38,94	9,49	3,0	5,9	5,0
38,97	9,53	3,0	5,9	5,0
38,99	9,57	3,0	5,9	5,0
39,02	9,59	3,0	5,9	5,0
39,04	9,62	3,0	5,9	5,0
39,07	9,66	3,0	5,9	5,0
39,09	9,69	3,0	5,9	5,0
39,12	9,72	3,0	5,9	5,0
39,14	9,75	3,0	5,9	5,0
39,16	9,78	3,0	5,9	5,0
39,19	9,82	3,0	5,9	5,0
39,21	9,84	3,0	5,9	5,0
39,24	9,87	3,0	5,9	5,0
39,26	9,91	3,0	5,9	5,0
39,29	9,94	3,0	5,9	5,0
39,31	9,97	3,0	5,9	5,0
39,34	9,99	3,0	5,9	5,0
39,36	10,04	3,0	5,9	5,0
39,38	10,07	3,0	5,9	5,0
39,41	10,09	3,0	5,9	5,0
39,43	10,13	3,0	5,9	5,0
39,46	10,15	3,0	5,9	5,0
39,48	10,18	3,0	5,9	5,0
39,51	10,22	3,0	5,9	5,0
39,53	10,24	3,0	5,9	5,0
39,56	10,26	3,0	5,9	5,0
39,58	10,30	3,0	5,9	5,0
39,60	10,34	3,0	5,9	5,0
39,63	10,36	3,0	5,9	5,0
39,65	10,39	3,0	5,9	5,0
39,68	10,43	3,0	5,9	5,0
39,70	10,46	3,0	5,9	5,0
39,73	10,48	3,0	5,9	5,0
39,75	10,51	3,0	5,9	5,0
39,78	10,54	3,0	5,9	5,0
39,80	10,58	3,0	5,9	5,0
39,82	10,60	3,0	5,9	5,0
39,85	10,63	3,0	5,9	5,0
39,87	10,67	3,0	5,9	5,0
39,90	10,70	3,0	5,9	5,0
39,92	10,72	3,0	5,9	5,0
39,95	10,75	3,0	5,9	5,0
39,97	10,79	3,0	5,9	5,0
39,99	10,82	3,0	5,9	5,0
40,02	10,84	3,0	5,9	5,0
40,04	10,86	3,0	5,9	5,0
40,07	10,90	3,0	5,9	5,0
40,09	10,93	3,0	5,9	5,0
40,12	10,95	3,0	5,9	5,0
40,14	10,98	3,0	5,9	5,0
40,17	11,01	3,0	5,9	5,0
40,19	11,05	3,0	5,9	5,0
40,21	11,07	3,0	5,9	5,0
40,24	11,09	3,0	5,9	5,0
40,26	11,12	3,0	5,9	5,0
40,29	11,15	3,0	5,9	5,0
40,31	11,17	3,0	5,9	5,0
40,34	11,20	3,0	5,9	5,0
40,36	11,23	3,0	5,9	5,0
40,39	11,26	3,0	5,9	5,0
40,41	11,28	3,0	5,9	5,0
40,43	11,30	3,0	5,9	5,0
40,46	11,34	3,0	5,9	5,0
40,48	11,37	3,0	5,9	5,0
40,51	11,38	3,0	5,9	5,0
40,53	11,41	3,0	5,9	5,0
40,56	11,44	3,0	5,9	5,0
40,58	11,48	3,0	5,9	5,0
40,61	11,49	3,0	5,9	5,0
40,63	11,52	3,0	5,9	5,0
40,65	11,55	3,0	5,9	5,0
40,68	11,58	3,0	5,9	5,0
40,70	11,60	3,0	5,9	5,0
40,73	11,62	3,0	5,9	5,0
40,75	11,65	3,0	5,9	5,0
40,78	11,68	3,0	5,9	5,0
40,80	11,70	3,0	5,9	5,0
40,83	11,72	3,0	5,9	5,0
40,85	11,76	3,0	5,9	5,0
40,87	11,78	3,0	5,9	5,0
40,90	11,80	3,0	5,9	5,0
40,92	11,83	3,0	5,9	5,0
40,95	11,86	3,0	5,9	5,0
40,97	11,89	3,0	5,9	5,0
41,00	11,90	3,0	5,9	5,0
41,02	11,93	3,0	5,9	5,0
41,05	11,96	3,0	5,9	5,0
41,07	11,99	3,0	5,9	5,0
41,09	12,01	3,0	5,9	5,0
41,12	12,03	3,0	5,9	5,0
41,14	12,06	3,0	5,9	5,0
41,17	12,08	3,0	5,9	5,0
41,19	12,10	3,0	5,9	5,0
41,22	12,13	3,0	5,9	5,0
41,24	12,15	3,0	5,9	5,0
41,26	12,18	3,0	5,9	5,0
41,29	12,21	3,0	5,9	5,0
41,31	12,23	3,0	5,9	5,0
41,34	12,25	3,0	5,9	5,0
41,36	12,28	3,0	5,9	5,0
41,39	12,30	3,0	5,9	5,0
41,41	12,33	3,0	5,9	5,0
41,44	12,34	3,0	5,9	5,0
41,46	12,37	3,0	5,9	5,0
41,48	12,40	3,0	5,9	5,0
41,51	12,41	3,0	5,9	5,0
41,53	12,43	3,0	5,9	5,0
41,56	12,46	3,0	5,9	5,0
41,58	12,49	3,0	5,9	5,0
41,61	12,50	3,0	5,9	5,0
41,63	12,52	3,0	5,9	5,0
41,66	12,55	3,0	5,9	5,0
41,68	12,58	3,0	5,9	5,0
41,70	12,59	3,0	5,9	5,0
41,73	12,61	3,0	5,9	5,0
41,75	12,64	3,0	5,9	5,0
41,78	12,66	3,0	5,9	5,0
41,80	12,68	3,0	5,9	5,0
41,83	12,70	3,0	5,9	5,0
41,85	12,73	3,0	5,9	5,0
41,88	12,75	3,0	5,9	5,0
41,90	12,77	3,0	5,9	5,0
41,92	12,78	3,0	5,9	5,0
41,95	12,79	3,0	5,9	5,0
41,97	12,82	3,0	5,9	5,0
42,00	12,85	3,0	5,9	5,0
42,02	12,86	3,0	5,9	5,0
42,05	12,87	3,0	5,9	5,0
42,07	12,90	3,0	5,9	5,0
42,10	12,93	3,0	5,9	5,0
42,12	12,94	3,0	5,9	5,0
42,14	12,95	3,0	5,9	5,0
42,17	12,98	3,0	5,9	5,0
42,19	13,00	3,0	5,9	5,0
42,22	13,01	3,0	5,9	5,0
42,24	13,03	3,0	5,9	5,0
42,27	13,06	3,0	5,9	5,0
42,29	13,08	3,0	5,9	5,0
42,31	13,09	3,0	5,9	5,0
42,34	13,10	3,0	5,9	5,0
42,36	13,13	3,0	5,9	5,0
42,39	13,15	3,0	5,9	5,0
42,41	13,16	3,0	5,9	5,0
42,44	13,17	3,0	5,9	5,0
42,46	13,20	3,0	5,9	5,0
42,49	13,22	3,0	5,9	5,0
42,51	13,22	3,0	5,9	5,0
42,53	13,24	3,0	5,9	5,0
42,56	13,27	3,0	5,9	5,0
42,58	13,29	3,0	5,9	5,0
42,61	13,30	3,0	5,9	5,0
42,63	13,31	3,0	5,9	5,0
42,66	13,33	3,0	5,9	5,0
42,68	13,35	3,0	5,9	5,0
42,71	13,35	3,0	5,9	5,0
42,73	13,37	3,0	5,9	5,0
42,75	13,39	3,0	5,9	5,0
42,78	13,41	3,0	5,9	5,0
42,80	13,42	3,0	5,9	5,0
42,83	13,44	3,0	5,9	5,0
42,85	13,46	3,0	5,9	5,0
42,88	13,47	3,0	5,9	5,0
42,90	13,48	3,0	5,9	5,0
42,93	13,50	3,0	5,9	5,0
42,95	13,52	3,0	5,9	5,0
42,97	13,53	3,0	5,9	5,0
43,00	13,55	3,0	5,9	5,0
43,02	13,57	3,0	5,9	5,0
43,05	13,59	3,0	5,9	5,0
43,07	13,60	3,0	5,9	5,0
43,10	13,61	3,0	5,9	5,0
43,12	13,63	3,0	5,9	5,0
43,15	13,65	3,0	5,9	5,0
43,17	13,66	3,0	5,9	5,0
43,19	13,67	3,0	5,9	5,0
43,22	13,69	3,0	5,9	5,0
43,24	13,70	3,0	5,9	5,0
43,27	13,71	3,0	5,9	5,0
43,29	13,72	3,0	5,9	5,0
43,32	13,75	3,0	5,9	5,0
43,34	13,77	3,0	5,9	5,0
43,36	13,77	3,0	5,9	5,0
43,39	13,78	3,0	5,9	5,0
43,41	13,80	3,0	5,9	5,0
43,44	13,82	3,0	5,9	5,0
43,46	13,83	3,0	5,9	5,0
43,49	13,84	3,0	5,9	5,0
43,51	13,86	3,0	5,9	5,0
43,54	13,88	3,0	5,9	5,0
43,56	13,88	3,0	5,9	5,0
43,58	13,89	3,0	5,9	5,0
43,61	13,91	3,0	5,9	5,0
43,63	13,92	3,0	5,9	5,0
43,66	13,93	3,0	5,9	5,0
43,68	13,95	3,0	5,9	5,0
43,71	13,96	3,0	5,9	5,0
43,73	13,97	3,0	5,9	5,0
43,76	13,98	3,0	5,9	5,0
43,78	13,99	3,0	5,9	5,0
43,80	13,99	3,0	5,9	5,0
43,83	14,01	3,0	5,9	5,0
43,85	14,02	3,0	5,9	5,0
43,88	14,03	3,0	5,9	5,0
43,90	14,04	3,0	5,9	5,0
43,93	14,06	3,0	5,9	5,0
43,95	14,07	3,0	5,9	5,0
43,98	14,08	3,0	5,9	5,0
44,00	14,08	3,0	5,9	5,0
44,02	14,10	3,0	5,9	5,0
44,05	14,11	3,0	5,9	5,0
44,07	14,12	3,0	5,9	5,0
44,10	14,13	3,0	5,9	5,0
44,12	14,14	3,0	5,9	5,0
44,15	14,16	3,0	5,9	5,0
44,17	14,16	3,0	5,9	5,0
44,20	14,18	3,0	5,9	5,0
44,22	14,19	3,0	5,9	5,0
44,24	14,20	3,0	5,9	5,0
44,27	14,21	3,0	5,9	5,0
44,29	14,21	3,0	5,9	5,0
44,32	14,22	3,0	5,9	5,0
44,34	14,23	3,0	5,9	5,0
44,37	14,24	3,0	5,9	5,0
44,39	14,26	3,0	5,9	5,0
44,41	14,26	3,0	5,9	5,0
44,44	14,27	3,0	5,9	5,0
44,46	14,29	3,0	5,9	5,0
44,49	14,30	3,0	5,9	5,0
44,51	14,30	3,0	5,9	5,0
44,54	14,31	3,0	5,9	5,0
44,56	14,32	3,0	5,9	5,0
44,59	14,33	3,0	5,9	5,0
44,61	14,33	3,0	5,9	5,0
44,63	14,34	3,0	5,9	5,0
44,66	14,36	3,0	5,9	5,0
44,68	14,37	3,0	5,9	5,0
44,71	14,37	3,0	5,9	5,0
44,73	14,38	3,0	5,9	5,0
44,76	14,40	3,0	5,9	5,0
44,78	14,40	3,0	5,9	5,0
44,81	14,40	3,0	5,9	5,0
44,83	14,41	3,0	5,9	5,0
44,85	14,42	3,0	5,9	5,0
44,88	14,43	3,0	5,9	5,0
44,90	14,43	3,0	5,9	5,0
44,93	14,45	3,0	5,9	5,0
44,95	14,46	3,0	5,9	5,0
44,98	14,46	3,0	5,9	5,0
45,00	14,47	3,0	5,9	5,0
45,03	14,48	3,0	5,9	5,0
45,05	14,49	3,0	5,9	5,0
45,07	14,48	3,0	5,9	5,0
45,10	14,49	3,0	5,9	5,0
45,12	14,50	3,0	5,9	5,0
45,15	14,51	3,0	5,9	5,0
45,17	14,51	3,0	5,9	5,0
45,20	14,52	3,0	5,9	5,0
45,22	14,54	3,0	5,9	5,0
45,25	14,55	3,0	5,9	5,0
45,27	14,54	3,0	5,9	5,0
45,29	14,55	3,0	5,9	5,0
45,32	14,56	3,0	5,9	5,0
45,34	14,57	3,0	5,9	5,0
45,37	14,57	3,0	5,9	5,0
45,39	14,57	3,0	5,9	5,0
45,42	14,59	3,0	5,9	5,0
45,44	14,60	3,0	5,9	5,0
45,47	14,59	3,0	5,9	5,0
45,49	14,60	3,0	5,9	5,0
45,51	14,61	3,0	5,9	5,0
45,54	14,62	3,0	5,9	5,0
45,56	14,61	3,0	5,9	5,0
45,59	14,62	3,0	5,9	5,0
45,61	14,64	3,0	5,9	5,0
45,64	14,65	3,0	5,9	5,0
45,66	14,64	3,0	5,9	5,0
45,68	14,65	3,0	5,9	5,0
45,71	14,66	3,0	5,9	5,0
45,73	14,67	3,0	5,9	5,0
45,76	14,67	3,0	5,9	5,0
45,78	14,66	3,0	5,9	5,0
45,81	14,68	3,0	5,9	5,0
45,83	14,69	3,0	5,9	5,0
45,86	14,68	3,0	5,9	5,0
45,88	14,69	3,0	5,9	5,0
45,90	14,70	3,0	5,9	5,0
45,93	14,71	3,0	5,9	5,0
45,95	14,71	3,0	5,9	5,0
45,98	14,71	3,0	5,9	5,0
46,00	14,73	3,0	5,9	5,0
46,03	14,73	3,0	5,9	5,0
46,05	14,72	3,0	5,9	5,0
46,08	14,72	3,0	5,9	5,0
46,10	14,73	3,0	5,9	5,0
46,12	14,74	3,0	5,9	5,0
46,15	14,74	3,0	5,9	5,0
46,17	14,74	3,0	5,9	5,0
46,20	14,74	3,0	5,9	5,0
46,22	14,74	3,0	5,9	5,0
46,25	14,75	3,0	5,9	5,0
46,27	14,74	3,0	5,9	5,0
46,30	14,74	3,0	5,9	5,0
46,32	14,74	3,0	5,9	5,0
46,34	14,74	3,0	5,9	5,0
46,37	14,74	3,0	5,9	5,0
46,39	14,74	3,0	5,9	5,0
46,42	14,74	3,0	5,9	5,0
46,44	14,75	3,0	5,9	5,0
46,47	14,74	3,0	5,9	5,0
46,49	14,73	3,0	5,9	5,0
46,52	14,73	3,0	5,9	5,0
46,54	14,73	3,0	5,9	5,0
46,56	14,72	3,0	5,9	5,0
46,59	14,72	3,0	5,9	5,0
46,61	14,72	3,0	5,9	5,0
46,64	14,71	3,0	5,9	5,0
46,66	14,69	3,0	5,9	5,0
46,69	14,69	3,0	5,9	5,0
46,71	14,69	3,0	5,9	5,0
46,73	14,68	3,0	5,9	5,0
46,76	14,67	3,0	5,9	5,0
46,78	14,66	3,0	5,9	5,0
46,81	14,64	3,0	5,9	5,0
46,83	14,64	3,0	5,9	5,0
46,86	14,63	3,0	5,9	5,0
46,88	14,60	3,0	5,9	5,0
46,91	14,58	3,0	5,9	5,0
46,93	14,58	3,0	5,9	5,0
46,95	14,56	3,0	5,9	5,0
46,98	14,53	3,0	5,9	5,0
47,00	14,51	3,0	5,9	5,0
47,03	14,50	3,0	5,9	5,0
47,05	14,48	3,0	5,9	5,0
47,08	14,45	3,0	5,9	5,0
47,10	14,43	3,0	5,9	5,0
47,13	14,41	3,0	5,9	5,0
47,15	14,39	3,0	5,9	5,0
47,17	14,35	3,0	5,9	5,0
47,20	14,32	3,0	5,9	5,0
47,22	14,31	3,0	5,9	5,0
47,25	14,28	3,0	5,9	5,0
47,27	14,24	3,0	5,9	5,0
47,30	14,21	3,0	5,9	5,0
47,32	14,20	3,0	5,9	5,0
47,35	14,17	3,0	5,9	5,0
47,37	14,13	3,0	5,9	5,0
47,39	14,10	3,0	5,9	5,0
47,42	14,08	3,0	5,9	5,0
47,44	14,04	3,0	5,9	5,0
47,47	14,00	3,0	5,9	5,0
47,49	13,96	3,0	5,9	5,0
47,52	13,94	3,0	5,9	5,0
47,54	13,91	3,0	5,9	5,0
47,57	13,87	3,0	5,9	5,0
47,59	13,84	3,0	5,9	5,0
47,61	13,81	3,0	5,9	5,0
47,64	13,79	3,0	5,9	5,0
47,66	13,74	3,0	5,9	5,0
47,69	13,71	3,0	5,9	5,0
47,71	13,68	3,0	5,9	5,0
47,74	13,65	3,0	5,9	5,0
47,76	13,61	3,0	5,9	5,0
47,78	13,58	3,0	5,9	5,0
47,81	13,55	3,0	5,9	5,0
47,83	13,52	3,0	5,9	5,0
47,86	13,48	3,0	5,9	5,0
47,88	13,45	3,0	5,9	5,0
47,91	13,43	3,0	5,9	5,0
47,93	13,39	3,0	5,9	5,0
47,96	13,35	3,0	5,9	5,0
47,98	13,32	3,0	5,9	5,0
48,00	13,30	3,0	5,9	5,0
48,03	13,27	3,0	5,9	5,0
48,05	13,23	3,0	5,9	5,0
48,08	13,20	3,0	5,9	5,0
48,10	13,18	3,0	5,9	5,0
48,13	13,15	3,0	5,9	5,0
48,15	13,11	3,0	5,9	5,0
48,18	13,08	3,0	5,9	5,0
48,20	13,05	3,0	5,9	5,0
48,22	13,02	3,0	5,9	5,0
48,25	12,99	3,0	5,9	5,0
48,27	12,96	3,0	5,9	5,0
48,30	12,93	3,0	5,9	5,0
48,32	12,90	3,0	5,9	5,0
48,35	12,87	3,0	5,9	5,0
48,37	12,84	3,0	5,9	5,0
48,40	12,82	3,0	5,9	5,0
48,42	12,78	3,0	5,9	5,0
48,44	12,74	3,0	5,9	5,0
48,47	12,72	3,0	5,9	5,0
48,49	12,70	3,0	5,9	5,0
48,52	12,66	3,0	5,9	5,0
48,54	12,63	3,0	5,9	5,0
48,57	12,58	3,0	5,9	5,0
48,59	12,56	3,0	5,9	5,0
48,62	12,53	3,0	5,9	5,0
48,64	12,50	3,0	5,9	5,0
48,66	12,46	3,0	5,9	5,0
48,69	12,42	3,0	5,9	5,0
48,71	12,40	3,0	5,9	5,0
48,74	12,36	3,0	5,9	5,0
48,76	12,33	3,0	5,9	5,0
48,79	12,29	3,0	5,9	5,0
48,81	12,27	3,0	5,9	5,0
48,84	12,23	3,0	5,9	5,0
48,86	12,20	3,0	5,9	5,0
48,88	12,15	3,0	5,9	5,0
48,91	12,13	3,0	5,9	5,0
48,93	12,09	3,0	5,9	5,0
48,96	12,05	3,0	5,9	5,0
48,98	12,02	3,0	5,9	5,0
49,01	11,99	3,0	5,9	5,0
49,03	11,95	3,0	5,9	5,0
49,05	11,91	3,0	5,9	5,0
49,08	11,87	3,0	5,9	5,0
49,10	11,84	3,0	5,9	5,0
49,13	11,80	3,0	5,9	5,0
49,15	11,76	3,0	5,9	5,0
49,18	11,73	3,0	5,9	5,0
49,20	11,70	3,0	5,9	5,0
49,23	11,69	3,0	5,9	5,0
49,25	11,65	3,0	5,9	5,0
49,27	11,61	3,0	5,9	5,0
49,30	11,58	3,0	5,9	5,0
49,32	11,55	3,0	5,9	5,0
49,35	11,52	3,0	5,9	5,0
49,37	11,48	3,0	5,9	5,0
49,40	11,45	3,0	5,9	5,0
49,42	11,43	3,0	5,9	5,0
49,45	11,40	3,0	5,9	5,0
49,47	11,36	3,0	5,9	5,0
49,49	11,34	3,0	5,9	5,0
49,52	11,32	3,0	5,9	5,0
49,54	11,30	3,0	5,9	5,0
49,57	11,26	3,0	5,9	5,0
49,59	11,24	3,0	5,9	5,0
49,62	11,23	3,0	5,9	5,0
49,64	11,20	3,0	5,9	5,0
49,67	11,17	3,0	5,9	5,0
49,69	11,15	3,0	5,9	5,0
49,71	11,14	3,0	5,9	5,0
49,74	11,12	3,0	5,9	5,0
49,76	11,09	3,0	5,9	5,0
49,79	11,08	3,0	5,9	5,0
49,81	11,07	3,0	5,9	5,0
49,84	11,05	3,0	5,9	5,0
49,86	11,02	3,0	5,9	5,0
49,89	11,00	3,0	5,9	5,0
49,91	10,99	3,0	5,9	5,0
49,93	10,97	3,0	5,9	5,0
49,96	10,95	3,0	5,9	5,0
49,98	10,94	3,0	5,9	5,0
50,01	10,93	3,0	5,9	5,0
50,03	10,90	3,0	5,9	5,0
50,06	10,89	3,0	5,9	5,0
50,08	10,87	3,0	5,9	5,0
50,10	10,86	3,0	5,9	5,0
50,13	10,84	3,0	5,9	5,0
50,15	10,82	3,0	5,9	5,0
50,18	10,81	3,0	5,9	5,0
50,20	10,79	3,0	5,9	5,0
50,23	10,77	3,0	5,9	5,0
50,25	10,75	3,0	5,9	5,0
50,28	10,74	3,0	5,9	5,0
50,30	10,73	3,0	5,9	5,0
50,32	10,70	3,0	5,9	5,0
50,35	10,68	3,0	5,9	5,0
50,37	10,67	3,0	5,9	5,0
50,40	10,66	3,0	5,9	5,0
50,42	10,63	3,0	5,9	5,0
50,45	10,62	3,0	5,9	5,0
50,47	10,61	3,0	5,9	5,0
50,50	10,60	3,0	5,9	5,0
50,52	10,57	3,0	5,9	5,0
50,54	10,55	3,0	5,9	5,0
50,57	10,55	3,0	5,9	5,0
50,59	10,53	3,0	5,9	5,0
50,62	10,50	3,0	5,9	5,0
50,64	10,48	3,0	5,9	5,0
50,67	10,48	3,0	5,9	5,0
50,69	10,46	3,0	5,9	5,0
50,72	10,44	3,0	5,9	5,0
50,74	10,42	3,0	5,9	5,0
50,76	10,42	3,0	5,9	5,0
50,79	10,40	3,0	5,9	5,0
50,81	10,37	3,0	5,9	5,0
50,84	10,36	3,0	5,9	5,0
50,86	10,35	3,0	5,9	5,0
50,89	10,34	3,0	5,9	5,0
50,91	10,32	3,0	5,9	5,0
50,94	10,30	3,0	5,9	5,0
50,96	10,30	3,0	5,9	5,0
50,98	10,29	3,0	5,9	5,0
51,01	10,28	3,0	5,9	5,0
51,03	10,26	3,0	5,9	5,0
51,06	10,25	3,0	5,9	5,0
51,08	10,24	3,0	5,9	5,0
51,11	10,23	3,0	5,9	5,0
51,13	10,21	3,0	5,9	5,0
51,15	10,20	3,0	5,9	5,0
51,18	10,20	3,0	5,9	5,0
51,20	10,19	3,0	5,9	5,0
51,23	10,18	3,0	5,9	5,0
51,25	10,17	3,0	5,9	5,0
51,28	10,17	3,0	5,9	5,0
51,30	10,16	3,0	5,9	5,0
51,33	10,15	3,0	5,9	5,0
51,35	10,14	3,0	5,9	5,0
51,37	10,14	3,0	5,9	5,0
51,40	10,14	3,0	5,9	5,0
51,42	10,14	3,0	5,9	5,0
51,45	10,13	3,0	5,9	5,0
51,47	10,14	3,0	5,9	5,0
51,50	10,14	3,0	5,9	5,0
51,52	10,13	3,0	5,9	5,0
51,55	10,13	3,0	5,9	5,0
51,57	10,13	3,0	5,9	5,0
51,59	10,14	3,0	5,9	5,0
51,62	10,13	3,0	5,9	5,0
51,64	10,14	3,0	5,9	5,0
51,67	10,13	3,0	5,9	5,0
51,69	10,14	3,0	5,9	5,0
51,72	10,16	3,0	5,9	5,0
51,74	10,15	3,0	5,9	5,0
51,77	10,15	3,0	5,9	5,0
51,79	10,16	3,0	5,9	5,0
51,81	10,17	3,0	5,9	5,0
51,84	10,18	3,0	5,9	5,0
51,86	10,18	3,0	5,9	5,0
51,89	10,19	3,0	5,9	5,0
51,91	10,20	3,0	5,9	5,0
51,94	10,20	3,0	5,9	5,0
51,96	10,21	3,0	5,9	5,0
51,99	10,22	3,0	5,9	5,0
52,01	10,23	3,0	5,9	5,0
52,03	10,23	3,0	5,9	5,0
52,06	10,24	3,0	5,9	5,0
52,08	10,25	3,0	5,9	5,0
52,11	10,27	3,0	5,9	5,0
52,13	10,27	3,0	5,9	5,0
52,16	10,28	3,0	5,9	5,0
52,18	10,30	3,0	5,9	5,0
52,20	10,31	3,0	5,9	5,0
52,23	10,31	3,0	5,9	5,0
52,25	10,32	3,0	5,9	5,0
52,28	10,34	3,0	5,9	5,0
52,30	10,35	3,0	5,9	5,0
52,33	10,35	3,0	5,9	5,0
52,35	10,36	3,0	5,9	5,0
52,38	10,39	3,0	5,9	5,0
52,40	10,40	3,0	5,9	5,0
52,42	10,40	3,0	5,9	5,0
52,45	10,41	3,0	5,9	5,0
52,47	10,43	3,0	5,9	5,0
52,50	10,44	3,0	5,9	5,0
52,52	10,44	3,0	5,9	5,0
52,55	10,45	3,0	5,9	5,0
52,57	10,47	3,0	5,9	5,0
52,60	10,49	3,0	5,9	5,0
52,62	10,49	3,0	5,9	5,0
52,64	10,51	3,0	5,9	5,0
52,67	10,53	3,0	5,9	5,0
52,69	10,54	3,0	5,9	5,0
52,72	10,55	3,0	5,9	5,0
52,74	10,56	3,0	5,9	5,0
52,77	10,59	3,0	5,9	5,0
52,79	10,60	3,0	5,9	5,0
52,82	10,61	3,0	5,9	5,0
52,84	10,63	3,0	5,9	5,0
52,86	10,65	3,0	5,9	5,0
52,89	10,67	3,0	5,9	5,0
52,91	10,68	3,0	5,9	5,0
52,94	10,70	3,0	5,9	5,0
52,96	10,73	3,0	5,9	5,0
52,99	10,74	3,0	5,9	5,0
53,01	10,74	3,0	5,9	5,0
53,04	10,77	3,0	5,9	5,0
53,06	10,80	3,0	5,9	5,0
53,08	10,82	3,0	5,9	5,0
53,11	10,83	3,0	5,9	5,0
53,13	10,86	3,0	5,9	5,0
53,16	10,88	3,0	5,9	5,0
53,18	10,90	3,0	5,9	5,0
53,21	10,92	3,0	5,9	5,0
53,23	10,94	3,0	5,9	5,0
53,26	10,97	3,0	5,9	5,0
53,28	10,99	3,0	5,9	5,0
53,30	11,00	3,0	5,9	5,0
53,33	11,03	3,0	5,9	5,0
53,35	11,07	3,0	5,9	5,0
53,38	11,09	3,0	5,9	5,0
53,40	11,10	3,0	5,9	5,0
53,43	11,13	3,0	5,9	5,0
53,45	11,15	3,0	5,9	5,0
53,47	11,18	3,0	5,9	5,0
53,50	11,21	3,0	5,9	5,0
53,52	11,23	3,0	5,9	5,0
53,55	11,25	3,0	5,9	5,0
53,57	11,29	3,0	5,9	5,0
53,60	11,32	3,0	5,9	5,0
53,62	11,34	3,0	5,9	5,0
53,65	11,36	3,0	5,9	5,0
53,67	11,40	3,0	5,9	5,0
53,69	11,42	3,0	5,9	5,0
53,72	11,44	3,0	5,9	5,0
53,74	11,47	3,0	5,9	5,0
53,77	11,51	3,0	5,9	5,0
53,79	11,54	3,0	5,9	5,0
53,82	11,56	3,0	5,9	5,0
53,84	11,59	3,0	5,9	5,0
53,87	11,62	3,0	5,9	5,0
53,89	11,66	3,0	5,9	5,0
53,91	11,68	3,0	5,9	5,0
53,94	11,71	3,0	5,9	5,0
53,96	11,75	3,0	5,9	5,0
53,99	11,78	3,0	5,9	5,0
54,01	11,80	3,0	5,9	5,0
54,04	11,84	3,0	5,9	5,0
54,06	11,87	3,0	5,9	5,0
54,09	11,91	3,0	5,9	5,0
54,11	11,94	3,0	5,9	5,0
54,13	11,96	3,0	5,9	5,0
54,16	11,99	3,0	5,9	5,0
54,18	12,04	3,0	5,9	5,0
54,21	12,07	3,0	5,9	5,0
54,23	12,09	3,0	5,9	5,0
54,26	12,12	3,0	5,9	5,0
54,28	12,17	3,0	5,9	5,0
54,31	12,20	3,0	5,9	5,0
54,33	12,23	3,0	5,9	5,0
54,35	12,26	3,0	5,9	5,0
54,38	12,31	3,0	5,9	5,0
54,40	12,34	3,0	5,9	5,0
54,43	12,36	3,0	5,9	5,0
54,45	12,40	3,0	5,9	5,0
54,48	12,44	3,0	5,9	5,0
54,50	12,48	3,0	5,9	5,0
54,52	12,50	3,0	5,9	5,0
54,55	12,54	3,0	5,9	5,0
54,57	12,59	3,0	5,9	5,0
54,60	12,62	3,0	5,9	5,0
54,62	12,65	3,0	5,9	5,0
54,65	12,68	3,0	5,9	5,0
54,67	12,73	3,0	5,9	5,0
54,70	12,77	3,0	5,9	5,0
54,72	12,80	3,0	5,9	5,0
54,74	12,84	3,0	5,9	5,0
54,77	12,89	3,0	5,9	5,0
54,79	12,92	3,0	5,9	5,0
54,82	12,95	3,0	5,9	5,0
54,84	12,99	3,0	5,9	5,0
54,87	13,04	3,0	5,9	5,0
54,89	13,08	3,0	5,9	5,0
54,92	13,10	3,0	5,9	5,0
54,94	13,15	3,0	5,9	5,0
54,96	13,20	3,0	5,9	5,0
54,99	13,24	3,0	5,9	5,0
55,01	13,27	3,0	5,9	5,0
55,04	13,31	3,0	5,9	5,0
55,06	13,36	3,0	5,9	5,0
55,09	13,40	3,0	5,9	5,0
55,11	13,43	3,0	5,9	5,0
55,14	13,48	3,0	5,9	5,0
55,16	13,53	3,0	5,9	5,0
55,18	13,57	3,0	5,9	5,0
55,21	13,60	3,0	5,9	5,0
55,23	13,65	3,0	5,9	5,0
55,26	13,70	3,0	5,9	5,0
55,28	13,74	3,0	5,9	5,0
55,31	13,78	3,0	5,9	5,0
55,33	13,83	3,0	5,9	5,0
55,36	13,88	3,0	5,9	5,0
55,38	13,91	3,0	5,9	5,0
55,40	13,95	3,0	5,9	5,0
55,43	14,00	3,0	5,9	5,0
55,45	14,05	3,0	5,9	5,0
55,48	14,09	3,0	5,9	5,0
55,50	14,13	3,0	5,9	5,0
55,53	14,18	3,0	5,9	5,0
55,55	14,23	3,0	5,9	5,0
55,57	14,27	3,0	5,9	5,0
55,60	14,31	3,0	5,9	5,0
55,62	14,36	3,0	5,9	5,0
55,65	14,40	3,0	5,9	5,0
55,67	14,44	3,0	5,9	5,0
55,70	14,48	3,0	5,9	5,0
55,72	14,54	3,0	5,9	5,0
55,75	14,59	3,0	5,9	5,0
55,77	14,62	3,0	5,9	5,0
55,79	14,67	3,0	5,9	5,0
55,82	14,72	3,0	5,9	5,0
55,84	14,77	3,0	5,9	5,0
55,87	14,81	3,0	5,9	5,0
55,89	14,85	3,0	5,9	5,0
55,92	14,89	3,0	5,9	5,0
55,94	14,94	3,0	5,9	5,0
55,97	15,00	3,0	5,9	5,0
55,99	15,04	3,0	5,9	5,0
56,01	15,08	3,0	5,9	5,0
56,04	15,14	3,0	5,9	5,0
56,06	15,19	3,0	5,9	5,0
56,09	15,23	3,0	5,9	5,0
56,11	15,27	3,0	5,9	5,0
56,14	15,32	3,0	5,9	5,0
56,16	15,38	3,0	5,9	5,0
56,19	15,42	3,0	5,9	5,0
56,21	15,47	3,0	5,9	5,0
56,23	15,52	3,0	5,9	5,0
56,26	15,57	3,0	5,9	5,0
56,28	15,61	3,0	5,9	5,0
56,31	15,66	3,0	5,9	5,0
56,33	15,71	3,0	5,9	5,0
56,36	15,77	3,0	5,9	5,0
56,38	15,81	3,0	5,9	5,0
56,41	15,86	3,0	5,9	5,0
56,43	15,91	3,0	5,9	5,0
56,45	15,96	3,0	5,9	5,0
56,48	16,01	3,0	5,9	5,0
56,50	16,06	3,0	5,9	5,0
56,53	16,11	3,0	5,9	5,0
56,55	16,16	3,0	5,9	5,0
56,58	16,22	3,0	5,9	5,0
56,60	16,26	3,0	5,9	5,0
56,62	16,30	3,0	5,9	5,0
56,65	16,36	3,0	5,9	5,0
56,67	16,43	3,0	5,9	5,0
56,70	16,47	3,0	5,9	5,0
56,72	16,51	3,0	5,9	5,0
56,75	16,56	3,0	5,9	5,0
56,77	16,62	3,0	5,9	5,0
56,80	16,66	3,0	5,9	5,0
56,82	16,70	3,0	5,9	5,0
56,84	16,75	3,0	5,9	5,0
56,87	16,81	3,0	5,9	5,0
56,89	16,85	3,0	5,9	5,0
56,92	16,90	3,0	5,9	5,0
56,94	16,95	3,0	5,9	5,0
56,97	17,01	3,0	5,9	5,0
56,99	17,05	3,0	5,9	5,0
57,02	17,09	3,0	5,9	5,0
57,04	17,15	3,0	5,9	5,0
57,06	17,21	3,0	5,9	5,0
57,09	17,25	3,0	5,9	5,0
57,11	17,29	3,0	5,9	5,0
57,14	17,35	3,0	5,9	5,0
57,16	17,41	3,0	5,9	5,0
57,19	17,45	3,0	5,9	5,0
57,21	17,49	3,0	5,9	5,0
57,24	17,55	3,0	5,9	5,0
57,26	17,61	3,0	5,9	5,0
57,28	17,65	3,0	5,9	5,0
57,31	17,70	3,0	5,9	5,0
57,33	17,75	3,0	5,9	5,0
57,36	17,81	3,0	5,9	5,0
57,38	17,85	3,0	5,9	5,0
57,41	17,90	3,0	5,9	5,0
57,43	17,97	3,0	5,9	5,0
57,46	18,02	3,0	5,9	5,0
57,48	18,06	3,0	5,9	5,0
57,50	18,12	3,0	5,9	5,0
57,53	18,17	3,0	5,9	5,0
57,55	18,22	3,0	5,9	5,0
57,58	18,27	3,0	5,9	5,0
57,60	18,32	3,0	5,9	5,0
57,63	18,39	3,0	5,9	5,0
57,65	18,44	3,0	5,9	5,0
57,68	18,49	3,0	5,9	5,0
57,70	18,54	3,0	5,9	5,0
57,72	18,60	3,0	5,9	5,0
57,75	18,65	3,0	5,9	5,0
57,77	18,69	3,0	5,9	5,0
57,80	18,75	3,0	5,9	5,0
57,82	18,81	3,0	5,9	5,0
57,85	18,86	3,0	5,9	5,0
57,87	18,90	3,0	5,9	5,0
57,89	18,96	3,0	5,9	5,0
57,92	19,03	3,0	5,9	5,0
57,94	19,08	3,0	5,9	5,0
57,97	19,12	3,0	5,9	5,0
57,99	19,18	3,0	5,9	5,0
58,02	19,24	3,0	5,9	5,0
58,04	19,29	3,0	5,9	5,0
58,07	19,32	3,0	5,9	5,0
58,09	19,38	3,0	5,9	5,0
58,11	19,44	3,0	5,9	5,0
58,14	19,49	3,0	5,9	5,0
58,16	19,54	3,0	5,9	5,0
58,19	19,59	3,0	5,9	5,0
58,21	19,66	3,0	5,9	5,0
58,24	19,71	3,0	5,9	5,0
58,26	19,75	3,0	5,9	5,0
58,29	19,80	3,0	5,9	5,0
58,31	19,86	3,0	5,9	5,0
58,33	19,91	3,0	5,9	5,0
58,36	19,96	3,0	5,9	5,0
58,38	20,01	3,0	5,9	5,0
58,41	20,06	3,0	5,9	5,0
58,43	20,12	3,0	5,9	5,0
58,46	20,17	3,0	5,9	5,0
58,48	20,22	3,0	5,9	5,0
58,51	20,26	3,0	5,9	5,0
58,53	20,32	3,0	5,9	5,0
58,55	20,37	3,0	5,9	5,0
58,58	20,41	3,0	5,9	5,0
58,60	20,46	3,0	5,9	5,0
58,63	20,52	3,0	5,9	5,0
58,65	20,57	3,0	5,9	5,0
58,68	20,62	3,0	5,9	5,0
58,70	20,66	3,0	5,9	5,0
58,73	20,73	3,0	5,9	5,0
58,75	20,77	3,0	5,9	5,0
58,77	20,82	3,0	5,9	5,0
58,80	20,87	3,0	5,9	5,0
58,82	20,92	3,0	5,9	5,0
58,85	20,97	3,0	5,9	5,0
58,87	21,02	3,0	5,9	5,0
58,90	21,07	3,0	5,9	5,0
58,92	21,13	3,0	5,9	5,0
58,94	21,17	3,0	5,9	5,0
58,97	21,23	3,0	5,9	5,0
58,99	21,27	3,0	5,9	5,0
59,02	21,32	3,0	5,9	5,0
59,04	21,38	3,0	5,9	5,0
59,07	21,44	3,0	5,9	5,0
59,09	21,48	3,0	5,9	5,0
59,12	21,53	3,0	5,9	5,0
59,14	21,59	3,0	5,9	5,0
59,16	21,64	3,0	5,9	5,0
59,19	21,68	3,0	5,9	5,0
59,21	21,73	3,0	5,9	5,0
59,24	21,78	3,0	5,9	5,0
59,26	21,84	3,0	5,9	5,0
59,29	21,88	3,0	5,9	5,0
59,31	21,92	3,0	5,9	5,0
59,34	21,98	3,0	5,9	5,0
59,36	22,04	3,0	5,9	5,0
59,38	22,07	3,0	5,9	5,0
59,41	22,12	3,0	5,9	5,0
59,43	22,18	3,0	5,9	5,0
59,46	22,23	3,0	5,9	5,0
59,48	22,27	3,0	5,9	5,0
59,51	22,32	3,0	5,9	5,0
59,53	22,38	3,0	5,9	5,0
59,56	22,43	3,0	5,9	5,0
59,58	22,47	3,0	5,9	5,0
59,60	22,53	3,0	5,9	5,0
59,63	22,58	3,0	5,9	5,0
59,65	22,63	3,0	5,9	5,0
59,68	22,67	3,0	5,9	5,0
59,70	22,72	3,0	5,9	5,0
59,73	22,78	3,0	5,9	5,0
59,75	22,83	3,0	5,9	5,0
59,78	22,86	3,0	5,9	5,0
59,80	22,92	3,0	5,9	5,0
59,82	22,98	3,0	5,9	5,0
59,85	23,02	3,0	5,9	5,0
59,87	23,06	3,0	5,9	5,0
59,90	23,11	3,0	5,9	5,0
59,92	23,17	3,0	5,9	5,0
59,95	23,21	3,0	5,9	5,0
59,97	23,24	3,0	5,9	5,0
59,99	23,30	3,0	5,9	5,0
60,02	23,36	3,0	5,9	5,0
60,04	23,40	3,0	5,9	5,0
60,07	23,44	3,0	5,9	5,0
60,09	23,49	3,0	5,9	5,0
60,12	23,55	3,0	5,9	5,0
60,14	23,59	3,0	5,9	5,0
60,17	23,63	3,0	5,9	5,0
60,19	23,68	3,0	5,9	5,0
60,21	23,73	3,0	5,9	5,0
60,24	23,77	3,0	5,9	5,0
60,26	23,81	3,0	5,9	5,0
60,29	23,87	3,0	5,9	5,0
60,31	23,92	3,0	5,9	5,0
60,34	23,96	3,0	5,9	5,0
60,36	24,00	3,0	5,9	5,0
60,39	24,06	3,0	5,9	5,0
60,41	24,11	3,0	5,9	5,0
60,43	24,15	3,0	5,9	5,0
60,46	24,18	3,0	5,9	5,0
60,48	24,24	3,0	5,9	5,0
60,51	24,30	3,0	5,9	5,0
60,53	24,33	3,0	5,9	5,0
60,56	24,38	3,0	5,9	5,0
60,58	24,43	3,0	5,9	5,0
60,61	24,48	3,0	5,9	5,0
60,63	24,52	3,0	5,9	5,0
60,65	24,56	3,0	5,9	5,0
60,68	24,61	3,0	5,9	5,0
60,70	24,66	3,0	5,9	5,0
60,73	24,69	3,0	5,9	5,0
60,75	24,74	3,0	5,9	5,0
60,78	24,78	3,0	5,9	5,0
60,80	24,82	3,0	5,9	5,0
60,83	24,87	3,0	5,9	5,0
60,85	24,91	3,0	5,9	5,0
60,87	24,95	3,0	5,9	5,0
60,90	25,00	3,0	5,9	5,0
60,92	25,04	3,0	5,9	5,0
60,95	25,08	3,0	5,9	5,0
60,97	25,12	3,0	5,9	5,0
61,00	25,17	3,0	5,9	5,0
61,02	25,22	3,0	5,9	5,0
61,05	25,26	3,0	5,9	5,0
61,07	25,29	3,0	5,9	5,0
61,09	25,34	3,0	5,9	5,0
61,12	25,39	3,0	5,9	5,0
61,14	25,43	3,0	5,9	5,0
61,17	25,46	3,0	5,9	5,0
61,19	25,51	3,0	5,9	5,0
61,22	25,56	3,0	5,9	5,0
61,24	25,60	3,0	5,9	5,0
61,26	25,64	3,0	5,9	5,0
61,29	25,69	3,0	5,9	5,0
61,31	25,74	3,0	5,9	5,0
61,34	25,78	3,0	5,9	5,0
61,36	25,82	3,0	5,9	5,0
61,39	25,86	3,0	5,9	5,0
61,41	25,90	3,0	5,9	5,0
61,44	25,96	3,0	5,9	5,0
61,46	26,00	3,0	5,9	5,0
61,48	26,04	3,0	5,9	5,0
61,51	26,08	3,0	5,9	5,0
61,53	26,13	3,0	5,9	5,0
61,56	26,17	3,0	5,9	5,0
61,58	26,20	3,0	5,9	5,0
61,61	26,25	3,0	5,9	5,0
61,63	26,30	3,0	5,9	5,0
61,66	26,33	3,0	5,9	5,0
61,68	26,36	3,0	5,9	5,0
61,70	26,42	3,0	5,9	5,0
61,73	26,46	3,0	5,9	5,0
61,75	26,50	3,0	5,9	5,0
61,78	26,53	3,0	5,9	5,0
61,80	26,58	3,0	5,9	5,0
61,83	26,63	3,0	5,9	5,0
61,85	26,66	3,0	5,9	5,0
61,88	26,68	3,0	5,9	5,0
61,90	26,73	3,0	5,9	5,0
61,92	26,77	3,0	5,9	5,0
61,95	26,81	3,0	5,9	5,0
61,97	26,84	3,0	5,9	5,0
62,00	26,89	3,0	5,9	5,0
62,02	26,93	3,0	5,9	5,0
62,05	26,96	3,0	5,9	5,0
62,07	26,99	3,0	5,9	5,0
62,10	27,03	3,0	5,9	5,0
62,12	27,08	3,0	5,9	5,0
62,14	27,10	3,0	5,9	5,0
62,17	27,14	3,0	5,9	5,0
62,19	27,18	3,0	5,9	5,0
62,22	27,23	3,0	5,9	5,0
62,24	27,26	3,0	5,9	5,0
62,27	27,29	3,0	5,9	5,0
62,29	27,34	3,0	5,9	5,0
62,31	27,38	3,0	5,9	5,0
62,34	27,41	3,0	5,9	5,0
62,36	27,44	3,0	5,9	5,0
62,39	27,49	3,0	5,9	5,0
62,41	27,52	3,0	5,9	5,0
62,44	27,55	3,0	5,9	5,0
62,46	27,58	3,0	5,9	5,0
62,49	27,62	3,0	5,9	5,0
62,51	27,67	3,0	5,9	5,0
62,53	27,70	3,0	5,9	5,0
62,56	27,72	3,0	5,9	5,0
62,58	27,76	3,0	5,9	5,0
62,61	27,81	3,0	5,9	5,0
62,63	27,83	3,0	5,9	5,0
62,66	27,86	3,0	5,9	5,0
62,68	27,91	3,0	5,9	5,0
62,71	27,94	3,0	5,9	5,0
62,73	27,97	3,0	5,9	5,0
62,75	28,00	3,0	5,9	5,0
62,78	28,04	3,0	5,9	5,0
62,80	28,08	3,0	5,9	5,0
62,83	28,10	3,0	5,9	5,0
62,85	28,13	3,0	5,9	5,0
62,88	28,17	3,0	5,9	5,0
62,90	28,20	3,0	5,9	5,0
62,93	28,23	3,0	5,9	5,0
62,95	28,26	3,0	5,9	5,0
62,97	28,30	3,0	5,9	5,0
63,00	28,33	3,0	5,9	5,0
63,02	28,34	3,0	5,9	5,0
63,05	28,38	3,0	5,9	5,0
63,07	28,42	3,0	5,9	5,0
63,10	28,45	3,0	5,9	5,0
63,12	28,46	3,0	5,9	5,0
63,15	28,50	3,0	5,9	5,0
63,17	28,53	3,0	5,9	5,0
63,19	28,56	3,0	5,9	5,0
63,22	28,59	3,0	5,9	5,0
63,24	28,62	3,0	5,9	5,0
63,27	28,64	3,0	5,9	5,0
63,29	28,67	3,0	5,9	5,0
63,32	28,71	3,0	5,9	5,0
63,34	28,74	3,0	5,9	5,0
63,36	28,76	3,0	5,9	5,0
63,39	28,79	3,0	5,9	5,0
63,41	28,82	3,0	5,9	5,0
63,44	28,85	3,0	5,9	5,0
63,46	28,86	3,0	5,9	5,0
63,49	28,89	3,0	5,9	5,0
63,51	28,92	3,0	5,9	5,0
63,54	28,94	3,0	5,9	5,0
63,56	28,96	3,0	5,9	5,0
63,58	28,98	3,0	5,9	5,0
63,61	29,01	3,0	5,9	5,0
63,63	29,02	3,0	5,9	5,0
63,66	29,04	3,0	5,9	5,0
63,68	29,07	3,0	5,9	5,0
63,71	29,09	3,0	5,9	5,0
63,73	29,10	3,0	5,9	5,0
63,76	29,12	3,0	5,9	5,0
63,78	29,14	3,0	5,9	5,0
63,80	29,16	3,0	5,9	5,0
63,83	29,17	3,0	5,9	5,0
63,85	29,18	3,0	5,9	5,0
63,88	29,19	3,0	5,9	5,0
63,90	29,21	3,0	5,9	5,0
63,93	29,23	3,0	5,9	5,0
63,95	29,23	3,0	5,9	5,0
63,98	29,23	3,0	5,9	5,0
64,00	29,25	3,0	5,9	5,0
64,02	29,27	3,0	5,9	5,0
64,05	29,27	3,0	5,9	5,0
64,07	29,27	3,0	5,9	5,0
64,10	29,29	3,0	5,9	5,0
64,12	29,31	3,0	5,9	5,0
64,15	29,30	3,0	5,9	5,0
64,17	29,30	3,0	5,9	5,0
64,20	29,32	3,0	5,9	5,0
64,22	29,33	3,0	5,9	5,0
64,24	29,33	3,0	5,9	5,0
64,27	29,32	3,0	5,9	5,0
64,29	29,34	3,0	5,9	5,0
64,32	29,35	3,0	5,9	5,0
64,34	29,34	3,0	5,9	5,0
64,37	29,35	3,0	5,9	5,0
64,39	29,36	3,0	5,9	5,0
64,41	29,37	3,0	5,9	5,0
64,44	29,37	3,0	5,9	5,0
64,46	29,37	3,0	5,9	5,0
64,49	29,38	3,0	5,9	5,0
64,51	29,38	3,0	5,9	5,0
64,54	29,37	3,0	5,9	5,0
64,56	29,38	3,0	5,9	5,0
64,59	29,39	3,0	5,9	5,0
64,61	29,40	3,0	5,9	5,0
64,63	29,39	3,0	5,9	5,0
64,66	29,39	3,0	5,9	5,0
64,68	29,40	3,0	5,9	5,0
64,71	29,41	3,0	5,9	5,0
64,73	29,40	3,0	5,9	5,0
64,76	29,40	3,0	5,9	5,0
64,78	29,41	3,0	5,9	5,0
64,81	29,41	3,0	5,9	5,0
64,83	29,41	3,0	5,9	5,0
64,85	29,42	3,0	5,9	5,0
64,88	29,43	3,0	5,9	5,0
64,90	29,43	3,0	5,9	5,0
64,93	29,42	3,0	5,9	5,0
64,95	29,43	3,0	5,9	5,0
64,98	29,44	3,0	5,9	5,0
65,00	29,44	3,0	5,9	5,0
65,03	29,43	3,0	5,9	5,0
65,05	29,44	3,0	5,9	5,0
65,07	29,45	3,0	5,9	5,0
65,10	29,45	3,0	5,9	5,0
65,12	29,44	3,0	5,9	5,0
65,15	29,45	3,0	5,9	5,0
65,17	29,46	3,0	5,9	5,0
65,20	29,46	3,0	5,9	5,0
65,22	29,45	3,0	5,9	5,0
65,25	29,46	3,0	5,9	5,0
65,27	29,47	3,0	5,9	5,0
65,29	29,46	3,0	5,9	5,0
65,32	29,45	3,0	5,9	5,0
65,34	29,46	3,0	5,9	5,0
65,37	29,47	3,0	5,9	5,0
65,39	29,46	3,0	5,9	5,0
65,42	29,46	3,0	5,9	5,0
65,44	29,46	3,0	5,9	5,0
65,47	29,47	3,0	5,9	5,0
65,49	29,46	3,0	5,9	5,0
65,51	29,44	3,0	5,9	5,0
65,54	29,45	3,0	5,9	5,0
65,56	29,45	3,0	5,9	5,0
65,59	29,44	3,0	5,9	5,0
65,61	29,43	3,0	5,9	5,0
65,64	29,42	3,0	5,9	5,0
65,66	29,42	3,0	5,9	5,0
65,68	29,41	3,0	5,9	5,0
65,71	29,41	3,0	5,9	5,0
65,73	29,39	3,0	5,9	5,0
65,76	29,38	3,0	5,9	5,0
65,78	29,38	3,0	5,9	5,0
65,81	29,37	3,0	5,9	5,0
65,83	29,35	3,0	5,9	5,0
65,86	29,35	3,0	5,9	5,0
65,88	29,34	3,0	5,9	5,0
65,90	29,33	3,0	5,9	5,0
65,93	29,31	3,0	5,9	5,0
65,95	29,30	3,0	5,9	5,0
65,98	29,30	3,0	5,9	5,0
66,00	29,28	3,0	5,9	5,0
66,03	29,27	3,0	5,9	5,0
66,05	29,26	3,0	5,9	5,0
66,08	29,26	3,0	5,9	5,0
66,10	29,24	3,0	5,9	5,0
66,12	29,22	3,0	5,9	5,0
66,15	29,21	3,0	5,9	5,0
66,17	29,21	3,0	5,9	5,0
66,20	29,18	3,0	5,9	5,0
66,22	29,17	3,0	5,9	5,0
66,25	29,16	3,0	5,9	5,0
66,27	29,15	3,0	5,9	5,0
66,30	29,15	3,0	5,9	5,0
66,32	29,14	3,0	5,9	5,0
66,34	29,12	3,0	5,9	5,0
66,37	29,11	3,0	5,9	5,0
66,39	29,11	3,0	5,9	5,0
66,42	29,10	3,0	5,9	5,0
66,44	29,07	3,0	5,9	5,0
66,47	29,06	3,0	5,9	5,0
66,49	29,07	3,0	5,9	5,0
66,52	29,06	3,0	5,9	5,0
66,54	29,04	3,0	5,9	5,0
66,56	29,03	3,0	5,9	5,0
66,59	29,03	3,0	5,9	5,0
66,61	29,02	3,0	5,9	5,0
66,64	29,01	3,0	5,9	5,0
66,66	29,00	3,0	5,9	5,0
66,69	29,00	3,0	5,9	5,0
66,71	28,99	3,0	5,9	5,0
66,73	28,97	3,0	5,9	5,0
66,76	28,97	3,0	5,9	5,0
66,78	28,98	3,0	5,9	5,0
66,81	28,96	3,0	5,9	5,0
66,83	28,95	3,0	5,9	5,0
66,86	28,95	3,0	5,9	5,0
66,88	28,95	3,0	5,9	5,0
66,91	28,93	3,0	5,9	5,0
66,93	28,91	3,0	5,9	5,0
66,95	28,91	3,0	5,9	5,0
66,98	28,91	3,0	5,9	5,0
67,00	28,89	3,0	5,9	5,0
67,03	28,87	3,0	5,9	5,0
67,05	28,87	3,0	5,9	5,0
67,08	28,87	3,0	5,9	5,0
67,10	28,86	3,0	5,9	5,0
67,13	28,84	3,0	5,9	5,0
67,15	28,84	3,0	5,9	5,0
67,17	28,84	3,0	5,9	5,0
67,20	28,82	3,0	5,9	5,0
67,22	28,80	3,0	5,9	5,0
67,25	28,80	3,0	5,9	5,0
67,27	28,80	3,0	5,9	5,0
67,30	28,77	3,0	5,9	5,0
67,32	28,76	3,0	5,9	5,0
67,35	28,75	3,0	5,9	5,0
67,37	28,74	3,0	5,9	5,0
67,39	28,72	3,0	5,9	5,0
67,42	28,70	3,0	5,9	5,0
67,44	28,70	3,0	5,9	5,0
67,47	28,69	3,0	5,9	5,0
67,49	28,67	3,0	5,9	5,0
67,52	28,65	3,0	5,9	5,0
67,54	28,65	3,0	5,9	5,0
67,57	28,64	3,0	5,9	5,0
67,59	28,62	3,0	5,9	5,0
67,61	28,60	3,0	5,9	5,0
67,64	28,60	3,0	5,9	5,0
67,66	28,59	3,0	5,9	5,0
67,69	28,57	3,0	5,9	5,0
67,71	28,56	3,0	5,9	5,0
67,74	28,55	3,0	5,9	5,0
67,76	28,55	3,0	5,9	5,0
67,78	28,52	3,0	5,9	5,0
67,81	28,50	3,0	5,9	5,0
67,83	28,50	3,0	5,9	5,0
67,86	28,49	3,0	5,9	5,0
67,88	28,47	3,0	5,9	5,0
67,91	28,44	3,0	5,9	5,0
67,93	28,44	3,0	5,9	5,0
67,96	28,44	3,0	5,9	5,0
67,98	28,41	3,0	5,9	5,0
68,00	28,40	3,0	5,9	5,0
68,03	28,40	3,0	5,9	5,0
68,05	28,39	3,0	5,9	5,0
68,08	28,38	3,0	5,9	5,0
68,10	28,35	3,0	5,9	5,0
68,13	28,34	3,0	5,9	5,0
68,15	28,34	3,0	5,9	5,0
68,18	28,33	3,0	5,9	5,0
68,20	28,32	3,0	5,9	5,0
68,22	28,31	3,0	5,9	5,0
68,25	28,31	3,0	5,9	5,0
68,27	28,30	3,0	5,9	5,0
68,30	28,29	3,0	5,9	5,0
68,32	28,28	3,0	5,9	5,0
68,35	28,28	3,0	5,9	5,0
68,37	28,28	3,0	5,9	5,0
68,40	28,27	3,0	5,9	5,0
68,42	28,26	3,0	5,9	5,0
68,44	28,26	3,0	5,9	5,0
68,47	28,26	3,0	5,9	5,0
68,49	28,25	3,0	5,9	5,0
68,52	28,25	3,0	5,9	5,0
68,54	28,25	3,0	5,9	5,0
68,57	28,24	3,0	5,9	5,0
68,59	28,24	3,0	5,9	5,0
68,62	28,22	3,0	5,9	5,0
68,64	28,23	3,0	5,9	5,0
68,66	28,23	3,0	5,9	5,0
68,69	28,22	3,0	5,9	5,0
68,71	28,22	3,0	5,9	5,0
68,74	28,21	3,0	5,9	5,0
68,76	28,22	3,0	5,9	5,0
68,79	28,22	3,0	5,9	5,0
68,81	28,21	3,0	5,9	5,0
68,83	28,20	3,0	5,9	5,0
68,86	28,21	3,0	5,9	5,0
68,88	28,21	3,0	5,9	5,0
68,91	28,20	3,0	5,9	5,0
68,93	28,19	3,0	5,9	5,0
68,96	28,20	3,0	5,9	5,0
68,98	28,20	3,0	5,9	5,0
69,01	28,18	3,0	5,9	5,0
69,03	28,17	3,0	5,9	5,0
69,05	28,18	3,0	5,9	5,0
69,08	28,18	3,0	5,9	5,0
69,10	28,16	3,0	5,9	5,0
69,13	28,16	3,0	5,9	5,0
69,15	28,17	3,0	5,9	5,0
69,18	28,17	3,0	5,9	5,0
69,20	28,15	3,0	5,9	5,0
69,23	28,15	3,0	5,9	5,0
69,25	28,15	3,0	5,9	5,0
69,27	28,16	3,0	5,9	5,0
69,30	28,14	3,0	5,9	5,0
69,32	28,13	3,0	5,9	5,0
69,35	28,14	3,0	5,9	5,0
69,37	28,14	3,0	5,9	5,0
69,40	28,13	3,0	5,9	5,0
69,42	28,13	3,0	5,9	5,0
69,45	28,13	3,0	5,9	5,0
69,47	28,14	3,0	5,9	5,0
69,49	28,13	3,0	5,9	5,0
69,52	28,12	3,0	5,9	5,0
69,54	28,13	3,0	5,9	5,0
69,57	28,12	3,0	5,9	5,0
69,59	28,11	3,0	5,9	5,0
69,62	28,11	3,0	5,9	5,0
69,64	28,13	3,0	5,9	5,0
69,67	28,14	3,0	5,9	5,0
69,69	28,13	3,0	5,9	5,0
69,71	28,12	3,0	5,9	5,0
69,74	28,14	3,0	5,9	5,0
69,76	28,14	3,0	5,9	5,0
69,79	28,13	3,0	5,9	5,0
69,81	28,12	3,0	5,9	5,0
69,84	28,13	3,0	5,9	5,0
69,86	28,13	3,0	5,9	5,0
69,89	28,12	3,0	5,9	5,0
69,91	28,12	3,0	5,9	5,0
69,93	28,13	3,0	5,9	5,0
69,96	28,14	3,0	5,9	5,0
69,98	28,13	3,0	5,9	5,0
70,01	28,14	3,0	5,9	5,0
70,03	28,15	3,0	5,9	5,0
70,06	28,15	3,0	5,9	5,0
70,08	28,14	3,0	5,9	5,0
70,10	28,15	3,0	5,9	5,0
70,13	28,16	3,0	5,9	5,0
70,15	28,16	3,0	5,9	5,0
70,18	28,16	3,0	5,9	5,0
70,20	28,17	3,0	5,9	5,0
70,23	28,19	3,0	5,9	5,0
70,25	28,19	3,0	5,9	5,0
70,28	28,19	3,0	5,9	5,0
70,30	28,20	3,0	5,9	5,0
70,32	28,21	3,0	5,9	5,0
70,35	28,21	3,0	5,9	5,0
70,37	28,22	3,0	5,9	5,0
70,40	28,23	3,0	5,9	5,0
70,42	28,25	3,0	5,9	5,0
70,45	28,25	3,0	5,9	5,0
70,47	28,26	3,0	5,9	5,0
70,50	28,28	3,0	5,9	5,0
70,52	28,29	3,0	5,9	5,0
70,54	28,31	3,0	5,9	5,0
70,57	28,33	3,0	5,9	5,0
70,59	28,33	3,0	5,9	5,0
70,62	28,34	3,0	5,9	5,0
70,64	28,36	3,0	5,9	5,0
70,67	28,37	3,0	5,9	5,0
70,69	28,37	3,0	5,9	5,0
70,72	28,38	3,0	5,9	5,0
70,74	28,40	3,0	5,9	5,0
70,76	28,42	3,0	5,9	5,0
70,79	28,42	3,0	5,9	5,0
70,81	28,43	3,0	5,9	5,0
70,84	28,45	3,0	5,9	5,0
70,86	28,47	3,0	5,9	5,0
70,89	28,48	3,0	5,9	5,0
70,91	28,49	3,0	5,9	5,0
70,94	28,51	3,0	5,9	5,0
70,96	28,53	3,0	5,9	5,0
70,98	28,53	3,0	5,9	5,0
71,01	28,54	3,0	5,9	5,0
71,03	28,55	3,0	5,9	5,0
71,06	28,57	3,0	5,9	5,0
71,08	28,58	3,0	5,9	5,0
71,11	28,59	3,0	5,9	5,0
71,13	28,62	3,0	5,9	5,0
71,15	28,63	3,0	5,9	5,0
71,18	28,64	3,0	5,9	5,0
71,20	28,64	3,0	5,9	5,0
71,23	28,66	3,0	5,9	5,0
71,25	28,69	3,0	5,9	5,0
71,28	28,70	3,0	5,9	5,0
71,30	28,71	3,0	5,9	5,0
71,33	28,73	3,0	5,9	5,0
71,35	28,75	3,0	5,9	5,0
71,37	28,78	3,0	5,9	5,0
71,40	28,78	3,0	5,9	5,0
71,42	28,79	3,0	5,9	5,0
71,45	28,82	3,0	5,9	5,0
71,47	28,84	3,0	5,9	5,0
71,50	28,85	3,0	5,9	5,0
71,52	28,87	3,0	5,9	5,0
71,55	28,90	3,0	5,9	5,0
71,57	28,93	3,0	5,9	5,0
71,59	28,93	3,0	5,9	5,0
71,62	28,95	3,0	5,9	5,0
71,64	28,99	3,0	5,9	5,0
71,67	29,01	3,0	5,9	5,0
71,69	29,03	3,0	5,9	5,0
71,72	29,05	3,0	5,9	5,0
71,74	29,08	3,0	5,9	5,0
71,77	29,10	3,0	5,9	5,0
71,79	29,11	3,0	5,9	5,0
71,81	29,14	3,0	5,9	5,0
71,84	29,17	3,0	5,9	5,0
71,86	29,19	3,0	5,9	5,0
71,89	29,21	3,0	5,9	5,0
71,91	29,24	3,0	5,9	5,0
71,94	29,27	3,0	5,9	5,0
71,96	29,29	3,0	5,9	5,0
71,99	29,31	3,0	5,9	5,0
72,01	29,34	3,0	5,9	5,0
72,03	29,37	3,0	5,9	5,0
72,06	29,40	3,0	5,9	5,0
72,08	29,42	3,0	5,9	5,0
72,11	29,45	3,0	5,9	5,0
72,13	29,48	3,0	5,9	5,0
72,16	29,51	3,0	5,9	5,0
72,18	29,53	3,0	5,9	5,0
72,20	29,56	3,0	5,9	5,0
72,23	29,59	3,0	5,9	5,0
72,25	29,60	3,0	5,9	5,0
72,28	29,63	3,0	5,9	5,0
72,30	29,67	3,0	5,9	5,0
72,33	29,70	3,0	5,9	5,0
72,35	29,72	3,0	5,9	5,0
72,38	29,74	3,0	5,9	5,0
72,40	29,78	3,0	5,9	5,0
72,42	29,81	3,0	5,9	5,0
72,45	29,83	3,0	5,9	5,0
72,47	29,86	3,0	5,9	5,0
72,50	29,90	3,0	5,9	5,0
72,52	29,94	3,0	5,9	5,0
72,55	29,96	3,0	5,9	5,0
72,57	29,99	3,0	5,9	5,0
72,60	30,04	3,0	5,9	5,0
72,62	30,07	3,0	5,9	5,0
72,64	30,09	3,0	5,9	5,0
72,67	30,12	3,0	5,9	5,0
72,69	30,17	3,0	5,9	5,0
72,72	30,20	3,0	5,9	5,0
72,74	30,22	3,0	5,9	5,0
72,77	30,26	3,0	5,9	5,0
72,79	30,31	3,0	5,9	5,0
72,82	30,35	3,0	5,9	5,0
72,84	30,37	3,0	5,9	5,0
72,86	30,41	3,0	5,9	5,0
72,89	30,45	3,0	5,9	5,0
72,91	30,50	3,0	5,9	5,0
72,94	30,52	3,0	5,9	5,0
72,96	30,56	3,0	5,9	5,0
72,99	30,59	3,0	5,9	5,0
73,01	30,64	3,0	5,9	5,0
73,04	30,68	3,0	5,9	5,0
73,06	30,72	3,0	5,9	5,0
73,08	30,75	3,0	5,9	5,0
73,11	30,80	3,0	5,9	5,0
73,13	30,84	3,0	5,9	5,0
73,16	30,87	3,0	5,9	5,0
73,18	30,90	3,0	5,9	5,0
73,21	30,94	3,0	5,9	5,0
73,23	30,98	3,0	5,9	5,0
73,25	31,02	3,0	5,9	5,0
73,28	31,05	3,0	5,9	5,0
73,30	31,10	3,0	5,9	5,0
73,33	31,15	3,0	5,9	5,0
73,35	31,18	3,0	5,9	5,0
73,38	31,22	3,0	5,9	5,0
73,40	31,27	3,0	5,9	5,0
73,43	31,32	3,0	5,9	5,0
73,45	31,35	3,0	5,9	5,0
73,47	31,39	3,0	5,9	5,0
73,50	31,43	3,0	5,9	5,0
73,52	31,48	3,0	5,9	5,0
73,55	31,52	3,0	5,9	5,0
73,57	31,56	3,0	5,9	5,0
73,60	31,61	3,0	5,9	5,0
73,62	31,65	3,0	5,9	5,0
73,65	31,70	3,0	5,9	5,0
73,67	31,74	3,0	5,9	5,0
73,69	31,78	3,0	5,9	5,0
73,72	31,82	3,0	5,9	5,0
73,74	31,88	3,0	5,9	5,0
73,77	31,92	3,0	5,9	5,0
73,79	31,96	3,0	5,9	5,0
73,82	32,02	3,0	5,9	5,0
73,84	32,07	3,0	5,9	5,0
73,87	32,11	3,0	5,9	5,0
73,89	32,15	3,0	5,9	5,0
73,91	32,20	3,0	5,9	5,0
73,94	32,26	3,0	5,9	5,0
73,96	32,30	3,0	5,9	5,0
73,99	32,35	3,0	5,9	5,0
74,01	32,40	3,0	5,9	5,0
74,04	32,46	3,0	5,9	5,0
74,06	32,51	3,0	5,9	5,0
74,09	32,55	3,0	5,9	5,0
74,11	32,60	3,0	5,9	5,0
74,13	32,65	3,0	5,9	5,0
74,16	32,69	3,0	5,9	5,0
74,18	32,74	3,0	5,9	5,0
74,21	32,80	3,0	5,9	5,0
74,23	32,85	3,0	5,9	5,0
74,26	32,89	3,0	5,9	5,0
74,28	32,93	3,0	5,9	5,0
74,31	33,00	3,0	5,9	5,0
74,33	33,06	3,0	5,9	5,0
74,35	33,09	3,0	5,9	5,0
74,38	33,15	3,0	5,9	5,0
74,40	33,21	3,0	5,9	5,0
74,43	33,27	3,0	5,9	5,0
74,45	33,31	3,0	5,9	5,0
74,48	33,36	3,0	5,9	5,0
74,50	33,43	3,0	5,9	5,0
74,52	33,48	3,0	5,9	5,0
74,55	33,52	3,0	5,9	5,0
74,57	33,58	3,0	5,9	5,0
74,60	33,64	3,0	5,9	5,0
74,62	33,70	3,0	5,9	5,0
74,65	33,74	3,0	5,9	5,0
74,67	33,79	3,0	5,9	5,0
74,70	33,86	3,0	5,9	5,0
74,72	33,92	3,0	5,9	5,0
74,74	33,97	3,0	5,9	5,0
74,77	34,03	3,0	5,9	5,0
74,79	34,09	3,0	5,9	5,0
74,82	34,15	3,0	5,9	5,0
74,84	34,19	3,0	5,9	5,0
74,87	34,25	3,0	5,9	5,0
74,89	34,32	3,0	5,9	5,0
74,92	34,38	3,0	5,9	5,0
74,94	34,43	3,0	5,9	5,0
74,96	34,48	3,0	5,9	5,0
74,99	34,55	3,0	5,9	5,0
75,01	34,62	3,0	5,9	5,0
75,04	34,66	3,0	5,9	5,0
75,06	34,72	3,0	5,9	5,0
75,09	34,79	3,0	5,9	5,0
75,11	34,85	3,0	5,9	5,0
75,14	34,90	3,0	5,9	5,0
75,16	34,96	3,0	5,9	5,0
75,18	35,03	3,0	5,9	5,0
75,21	35,10	3,0	5,9	5,0
75,23	35,15	3,0	5,9	5,0
75,26	35,21	3,0	5,9	5,0
75,28	35,28	3,0	5,9	5,0
75,31	35,33	3,0	5,9	5,0
75,33	35,38	3,0	5,9	5,0
75,36	35,45	3,0	5,9	5,0
75,38	35,52	3,0	5,9	5,0
75,40	35,58	3,0	5,9	5,0
75,43	35,65	3,0	5,9	5,0
75,45	35,71	3,0	5,9	5,0
75,48	35,77	3,0	5,9	5,0
75,50	35,84	3,0	5,9	5,0
75,53	35,91	3,0	5,9	5,0
75,55	35,97	3,0	5,9	5,0
75,57	36,03	3,0	5,9	5,0
75,60	36,11	3,0	5,9	5,0
75,62	36,17	3,0	5,9	5,0
75,65	36,23	3,0	5,9	5,0
75,67	36,30	3,0	5,9	5,0
75,70	36,37	3,0	5,9	5,0
75,72	36,44	3,0	5,9	5,0
75,75	36,49	3,0	5,9	5,0
75,77	36,56	3,0	5,9	5,0
75,79	36,63	3,0	5,9	5,0
75,82	36,69	3,0	5,9	5,0
75,84	36,75	3,0	5,9	5,0
75,87	36,81	3,0	5,9	5,0
75,89	36,89	3,0	5,9	5,0
75,92	36,96	3,0	5,9	5,0
75,94	37,02	3,0	5,9	5,0
75,97	37,09	3,0	5,9	5,0
75,99	37,17	3,0	5,9	5,0
76,01	37,24	3,0	5,9	5,0
76,04	37,29	3,0	5,9	5,0
76,06	37,35	3,0	5,9	5,0
76,09	37,41	3,0	5,9	5,0
76,11	37,49	3,0	5,9	5,0
76,14	37,56	3,0	5,9	5,0
76,16	37,61	3,0	5,9	5,0
76,19	37,68	3,0	5,9	5,0
76,21	37,76	3,0	5,9	5,0
76,23	37,83	3,0	5,9	5,0
76,26	37,89	3,0	5,9	5,0
76,28	37,95	3,0	5,9	5,0
76,31	38,03	3,0	5,9	5,0
76,33	38,10	3,0	5,9	5,0
76,36	38,16	3,0	5,9	5,0
76,38	38,22	3,0	5,9	5,0
76,41	38,30	3,0	5,9	5,0
76,43	38,37	3,0	5,9	5,0
76,45	38,43	3,0	5,9	5,0
76,48	38,50	3,0	5,9	5,0
76,50	38,58	3,0	5,9	5,0
76,53	38,65	3,0	5,9	5,0
76,55	38,70	3,0	5,9	5,0
76,58	38,76	3,0	5,9	5,0
76,60	38,85	3,0	5,9	5,0
76,62	38,93	3,0	5,9	5,0
76,65	38,98	3,0	5,9	5,0
76,67	39,05	3,0	5,9	5,0
76,70	39,13	3,0	5,9	5,0
76,72	39,21	3,0	5,9	5,0
76,75	39,27	3,0	5,9	5,0
76,77	39,34	3,0	5,9	5,0
76,80	39,43	3,0	5,9	5,0
76,82	39,50	3,0	5,9	5,0
76,84	39,56	3,0	5,9	5,0
76,87	39,63	3,0	5,9	5,0
76,89	39,72	3,0	5,9	5,0
76,92	39,79	3,0	5,9	5,0
76,94	39,85	3,0	5,9	5,0
76,97	39,92	3,0	5,9	5,0
76,99	40,01	3,0	5,9	5,0
77,02	40,08	3,0	5,9	5,0
77,04	40,14	3,0	5,9	5,0
77,06	40,22	3,0	5,9	5,0
77,09	40,31	3,0	5,9	5,0
77,11	40,38	3,0	5,9	5,0
77,14	40,45	3,0	5,9	5,0
77,16	40,53	3,0	5,9	5,0
77,19	40,62	3,0	5,9	5,0
77,21	40,69	3,0	5,9	5,0
77,24	40,76	3,0	5,9	5,0
77,26	40,84	3,0	5,9	5,0
77,28	40,92	3,0	5,9	5,0
77,31	40,99	3,0	5,9	5,0
77,33	41,06	3,0	5,9	5,0
77,36	41,14	3,0	5,9	5,0
77,38	41,23	3,0	5,9	5,0
77,41	41,30	3,0	5,9	5,0
77,43	41,37	3,0	5,9	5,0
77,46	41,45	3,0	5,9	5,0
77,48	41,53	3,0	5,9	5,0
77,50	41,60	3,0	5,9	5,0
77,53	41,67	3,0	5,9	5,0
77,55	41,75	3,0	5,9	5,0
77,58	41,83	3,0	5,9	5,0
77,60	41,90	3,0	5,9	5,0
77,63	41,97	3,0	5,9	5,0
77,65	42,06	3,0	5,9	5,0
77,68	42,14	3,0	5,9	5,0
77,70	42,21	3,0	5,9	5,0
77,72	42,29	3,0	5,9	5,0
77,75	42,38	3,0	5,9	5,0
77,77	42,46	3,0	5,9	5,0
77,80	42,52	3,0	5,9	5,0
77,82	42,60	3,0	5,9	5,0
77,85	42,68	3,0	5,9	5,0
77,87	42,76	3,0	5,9	5,0
77,89	42,84	3,0	5,9	5,0
77,92	42,91	3,0	5,9	5,0
77,94	42,98	3,0	5,9	5,0
77,97	43,05	3,0	5,9	5,0
77,99	43,14	3,0	5,9	5,0
78,02	43,22	3,0	5,9	5,0
78,04	43,28	3,0	5,9	5,0
78,07	43,36	3,0	5,9	5,0
78,09	43,45	3,0	5,9	5,0
78,11	43,52	3,0	5,9	5,0
78,14	43,59	3,0	5,9	5,0
78,16	43,67	3,0	5,9	5,0
78,19	43,76	3,0	5,9	5,0
78,21	43,83	3,0	5,9	5,0
78,24	43,90	3,0	5,9	5,0
78,26	43,99	3,0	5,9	5,0
78,29	44,07	3,0	5,9	5,0
78,31	44,15	3,0	5,9	5,0
78,33	44,22	3,0	5,9	5,0
78,36	44,30	3,0	5,9	5,0
78,38	44,37	3,0	5,9	5,0
78,41	44,43	3,0	5,9	5,0
78,43	44,51	3,0	5,9	5,0
78,46	44,60	3,0	5,9	5,0
78,48	44,68	3,0	5,9	5,0
78,51	44,77	3,0	5,9	5,0
78,53	44,84	3,0	5,9	5,0
78,55	44,91	3,0	5,9	5,0
78,58	45,00	3,0	5,9	5,0
78,60	45,09	3,0	5,9	5,0
78,63	45,18	3,0	5,9	5,0
78,65	45,24	3,0	5,9	5,0
78,68	45,32	3,0	5,9	5,0
78,70	45,42	3,0	5,9	5,0
78,73	45,50	3,0	5,9	5,0
78,75	45,57	3,0	5,9	5,0
78,77	45,66	3,0	5,9	5,0
78,80	45,76	3,0	5,9	5,0
78,82	45,83	3,0	5,9	5,0
78,85	45,90	3,0	5,9	5,0
78,87	45,98	3,0	5,9	5,0
78,90	46,07	3,0	5,9	5,0
78,92	46,15	3,0	5,9	5,0
78,94	46,21	3,0	5,9	5,0
78,97	46,29	3,0	5,9	5,0
78,99	46,38	3,0	5,9	5,0
79,02	46,46	3,0	5,9	5,0
79,04	46,54	3,0	5,9	5,0
79,07	46,63	3,0	5,9	5,0
79,09	46,71	3,0	5,9	5,0
79,12	46,79	3,0	5,9	5,0
79,14	46,85	3,0	5,9	5,0
79,16	46,94	3,0	5,9	5,0
79,19	47,03	3,0	5,9	5,0
79,21	47,10	3,0	5,9	5,0
79,24	47,17	3,0	5,9	5,0
79,26	47,26	3,0	5,9	5,0
79,29	47,36	3,0	5,9	5,0
79,31	47,43	3,0	5,9	5,0
79,34	47,50	3,0	5,9	5,0
79,36	47,58	3,0	5,9	5,0
79,38	47,66	3,0	5,9	5,0
79,41	47,74	3,0	5,9	5,0
79,43	47,81	3,0	5,9	5,0
79,46	47,89	3,0	5,9	5,0
79,48	47,98	3,0	5,9	5,0
79,51	48,04	3,0	5,9	5,0
79,53	48,12	3,0	5,9	5,0
79,56	48,21	3,0	5,9	5,0
79,58	48,30	3,0	5,9	5,0
79,60	48,38	3,0	5,9	5,0
79,63	48,45	3,0	5,9	5,0
79,65	48,54	3,0	5,9	5,0
79,68	48,63	3,0	5,9	5,0
79,70	48,69	3,0	5,9	5,0
79,73	48,77	3,0	5,9	5,0
79,75	48,85	3,0	5,9	5,0
79,78	48,94	3,0	5,9	5,0
79,80	49,02	3,0	5,9	5,0
79,82	49,07	3,0	5,9	5,0
79,85	49,15	3,0	5,9	5,0
79,87	49,23	3,0	5,9	5,0
79,90	49,29	3,0	5,9	5,0
79,92	49,34	3,0	5,9	5,0
79,95	49,40	3,0	5,9	5,0
79,97	49,47	3,0	5,9	5,0
79,99	49,52	3,0	5,9	5,0
80,02	49,56	3,0	5,9	5,0
80,04	49,61	3,0	5,9	5,0
80,07	49,67	3,0	5,9	5,0
80,09	49,71	3,0	5,9	5,0
80,12	49,73	3,0	5,9	5,0
80,14	49,78	3,0	5,9	5,0
80,17	49,83	3,0	5,9	5,0
80,19	49,86	3,0	5,9	5,0
80,21	49,87	3,0	5,9	5,0
80,24	49,90	3,0	5,9	5,0
80,26	49,93	3,0	5,9	5,0
80,29	49,94	3,0	5,9	5,0
80,31	49,94	3,0	5,9	5,0
80,34	49,96	3,0	5,9	5,0
80,36	49,98	3,0	5,9	5,0
80,39	49,98	3,0	5,9	5,0
80,41	49,98	3,0	5,9	5,0
80,43	49,99	3,0	5,9	5,0
80,46	49,99	3,0	5,9	5,0
80,48	49,99	3,0	5,9	5,0
80,51	49,99	3,0	5,9	5,0
80,53	49,99	3,0	5,9	5,0
80,56	49,99	3,0	5,9	5,0
80,58	49,99	3,0	5,9	5,0
80,61	49,99	3,0	5,9	5,0
80,63	49,99	3,0	5,9	5,0
80,65	49,99	3,0	5,9	5,0
80,68	49,99	3,0	5,9	5,0
80,70	49,99	3,0	5,9	5,0
80,73	49,99	3,0	5,9	5,0
80,75	49,99	3,0	5,9	5,0
80,78	49,99	3,0	5,9	5,0
80,80	49,99	3,0	5,9	5,0
80,83	49,99	3,0	5,9	5,0
80,85	49,99	3,0	5,9	5,0
80,87	49,99	3,0	5,9	5,0
80,90	49,99	3,0	5,9	5,0
80,92	49,99	3,0	5,9	5,0
80,95	49,99	3,0	5,9	5,0
80,97	49,99	3,0	5,9	5,0
81,00	49,99	3,0	5,9	5,0
81,02	49,99	3,0	5,9	5,0
81,04	49,99	3,0	5,9	5,0
81,07	49,99	3,0	5,9	5,0
81,09	49,99	3,0	5,9	5,0
81,12	49,99	3,0	5,9	5,0
81,14	49,99	3,0	5,9	5,0
81,17	49,99	3,0	5,9	5,0
81,19	49,99	3,0	5,9	5,0
81,22	49,99	3,0	5,9	5,0
81,24	49,99	3,0	5,9	5,0
81,26	49,99	3,0	5,9	5,0
81,29	49,99	3,0	5,9	5,0
81,31	49,99	3,0	5,9	5,0
81,34	49,99	3,0	5,9	5,0
81,36	49,99	3,0	5,9	5,0
81,39	49,99	3,0	5,9	5,0
81,41	49,99	3,0	5,9	5,0
81,44	49,99	3,0	5,9	5,0
81,46	49,99	3,0	5,9	5,0
81,48	49,99	3,0	5,9	5,0
81,51	49,99	3,0	5,9	5,0
81,53	49,99	3,0	5,9	5,0
81,56	49,99	3,0	5,9	5,0
81,58	49,99	3,0	5,9	5,0
81,61	49,99	3,0	5,9	5,0
81,63	49,99	3,0	5,9	5,0
81,66	49,99	3,0	5,9	5,0
81,68	49,99	3,0	5,9	5,0
81,70	49,99	3,0	5,9	5,0
81,73	49,99	3,0	5,9	5,0
81,75	49,99	3,0	5,9	5,0
81,78	49,99	3,0	5,9	5,0
81,80	49,99	3,0	5,9	5,0
81,83	49,99	3,0	5,9	5,0
81,85	49,99	3,0	5,9	5,0
81,88	49,99	3,0	5,9	5,0
81,90	49,99	3,0	5,9	5,0
81,92	49,99	3,0	5,9	5,0
81,95	49,99	3,0	5,9	5,0
81,97	49,99	3,0	5,9	5,0
82,00	49,99	3,0	5,9	5,0
82,02	49,99	3,0	5,9	5,0
82,05	49,99	3,0	5,9	5,0
82,07	49,99	3,0	5,9	5,0
82,10	49,99	3,0	5,9	5,0
82,12	49,99	3,0	5,9	5,0
82,14	49,99	3,0	5,9	5,0
82,17	49,99	3,0	5,9	5,0
82,19	49,99	3,0	5,9	5,0
82,22	49,99	3,0	5,9	5,0
82,24	49,99	3,0	5,9	5,0
82,27	49,99	3,0	5,9	5,0
82,29	49,99	3,0	5,9	5,0
82,31	49,99	3,0	5,9	5,0
82,34	49,99	3,0	5,9	5,0
82,36	49,99	3,0	5,9	5,0
82,39	49,99	3,0	5,9	5,0
82,41	49,99	3,0	5,9	5,0
82,44	49,99	3,0	5,9	5,0
82,46	49,99	3,0	5,9	5,0
82,49	49,99	3,0	5,9	5,0
82,51	49,99	3,0	5,9	5,0
82,53	49,99	3,0	5,9	5,0
82,56	49,99	3,0	5,9	5,0
82,58	49,99	3,0	5,9	5,0
82,61	49,99	3,0	5,9	5,0
82,63	49,99	3,0	5,9	5,0
82,66	49,99	3,0	5,9	5,0
82,68	49,99	3,0	5,9	5,0
82,71	49,99	3,0	5,9	5,0
82,73	49,99	3,0	5,9	5,0
82,75	49,99	3,0	5,9	5,0
82,78	49,99	3,0	5,9	5,0
82,80	49,99	3,0	5,9	5,0
82,83	49,99	3,0	5,9	5,0
82,85	49,99	3,0	5,9	5,0
82,88	49,99	3,0	5,9	5,0
82,90	49,99	3,0	5,9	5,0
82,93	49,99	3,0	5,9	5,0
82,95	49,99	3,0	5,9	5,0
82,97	49,99	3,0	5,9	5,0
83,00	49,99	3,0	5,9	5,0
83,02	49,99	3,0	5,9	5,0
83,05	49,99	3,0	5,9	5,0
83,07	49,99	3,0	5,9	5,0
83,10	49,99	3,0	5,9	5,0
83,12	49,99	3,0	5,9	5,0
83,15	49,99	3,0	5,9	5,0
83,17	49,99	3,0	5,9	5,0
83,19	49,99	3,0	5,9	5,0
83,22	49,99	3,0	5,9	5,0
83,24	49,99	3,0	5,9	5,0
83,27	49,99	3,0	5,9	5,0
83,29	49,99	3,0	5,9	5,0
83,32	49,99	3,0	5,9	5,0
83,34	49,99	3,0	5,9	5,0
83,36	49,99	3,0	5,9	5,0
83,39	49,99	3,0	5,9	5,0
83,41	49,99	3,0	5,9	5,0
83,44	49,99	3,0	5,9	5,0
83,46	49,99	3,0	5,9	5,0
83,49	49,99	3,0	5,9	5,0
83,51	49,99	3,0	5,9	5,0
83,54	49,99	3,0	5,9	5,0
83,56	49,99	3,0	5,9	5,0
83,58	49,99	3,0	5,9	5,0
83,61	49,99	3,0	5,9	5,0
83,63	49,99	3,0	5,9	5,0
83,66	49,99	3,0	5,9	5,0
83,68	49,99	3,0	5,9	5,0
83,71	49,99	3,0	5,9	5,0
83,73	49,99	3,0	5,9	5,0
83,76	49,99	3,0	5,9	5,0
83,78	49,99	3,0	5,9	5,0
83,80	49,99	3,0	5,9	5,0
83,83	49,99	3,0	5,9	5,0
83,85	49,99	3,0	5,9	5,0
83,88	49,99	3,0	5,9	5,0
83,90	49,99	3,0	5,9	5,0
83,93	49,99	3,0	5,9	5,0
83,95	49,99	3,0	5,9	5,0
83,98	49,99	3,0	5,9	5,0
84,00	49,99	3,0	5,9	5,0
84,02	49,99	3,0	5,9	5,0
84,05	49,99	3,0	5,9	5,0
84,07	49,99	3,0	5,9	5,0
84,10	49,99	3,0	5,9	5,0
84,12	49,99	3,0	5,9	5,0
84,15	49,99	3,0	5,9	5,0
84,17	49,99	3,0	5,9	5,0
84,20	49,99	3,0	5,9	5,0
84,22	49,99	3,0	5,9	5,0
84,24	49,99	3,0	5,9	5,0
84,27	49,99	3,0	5,9	5,0
84,29	49,99	3,0	5,9	5,0
84,32	49,99	3,0	5,9	5,0
84,34	49,99	3,0	5,9	5,0
84,37	49,99	3,0	5,9	5,0
84,39	49,99	3,0	5,9	5,0
84,41	49,99	3,0	5,9	5,0
84,44	49,99	3,0	5,9	5,0
84,46	49,99	3,0	5,9	5,0
84,49	49,99	3,0	5,9	5,0
84,51	49,99	3,0	5,9	5,0
84,54	49,99	3,0	5,9	5,0
84,56	49,99	3,0	5,9	5,0
84,59	49,99	3,0	5,9	5,0
84,61	49,99	3,0	5,9	5,0
84,63	49,99	3,0	5,9	5,0
84,66	49,99	3,0	5,9	5,0
84,68	49,99	3,0	5,9	5,0
84,71	49,99	3,0	5,9	5,0
84,73	49,99	3,0	5,9	5,0
84,76	49,99	3,0	5,9	5,0
84,78	49,99	3,0	5,9	5,0
84,81	49,99	3,0	5,9	5,0
84,83	49,99	3,0	5,9	5,0
84,85	49,99	3,0	5,9	5,0
84,88	49,99	3,0	5,9	5,0
84,90	49,99	3,0	5,9	5,0
84,93	49,99	3,0	5,9	5,0
84,95	49,99	3,0	5,9	5,0
84,98	49,99	3,0	5,9	5,0
85,00	49,99	3,0	5,9	5,0
85,03	49,99	3,0	5,9	5,0
85,05	49,99	3,0	5,9	5,0
85,07	49,99	3,0	5,9	5,0
85,10	49,99	3,0	5,9	5,0
85,12	49,99	3,0	5,9	5,0
85,15	49,99	3,0	5,9	5,0
85,17	49,99	3,0	5,9	5,0
85,20	49,99	3,0	5,9	5,0
85,22	49,99	3,0	5,9	5,0
85,25	49,99	3,0	5,9	5,0
85,27	49,99	3,0	5,9	5,0
85,29	49,99	3,0	5,9	5,0
85,32	49,99	3,0	5,9	5,0
85,34	49,99	3,0	5,9	5,0
85,37	49,99	3,0	5,9	5,0
85,39	49,99	3,0	5,9	5,0
85,42	49,99	3,0	5,9	5,0
85,44	49,99	3,0	5,9	5,0
85,47	49,99	3,0	5,9	5,0
85,49	49,99	3,0	5,9	5,0
85,51	49,99	3,0	5,9	5,0
85,54	49,99	3,0	5,9	5,0
85,56	49,99	3,0	5,9	5,0
85,59	49,99	3,0	5,9	5,0
85,61	49,99	3,0	5,9	5,0
85,64	49,99	3,0	5,9	5,0
85,66	49,99	3,0	5,9	5,0
85,68	49,99	3,0	5,9	5,0
85,71	49,99	3,0	5,9	5,0
85,73	49,99	3,0	5,9	5,0
85,76	49,99	3,0	5,9	5,0
85,78	49,99	3,0	5,9	5,0
85,81	49,99	3,0	5,9	5,0
85,83	49,99	3,0	5,9	5,0
85,86	49,99	3,0	5,9	5,0
85,88	49,99	3,0	5,9	5,0
85,90	49,99	3,0	5,9	5,0
85,93	49,99	3,0	5,9	5,0
85,95	49,99	3,0	5,9	5,0
85,98	49,99	3,0	5,9	5,0
86,00	49,99	3,0	5,9	5,0
86,03	49,99	3,0	5,9	5,0
86,05	49,99	3,0	5,9	5,0
86,08	49,99	3,0	5,9	5,0
86,10	49,99	3,0	5,9	5,0
86,12	49,99	3,0	5,9	5,0
86,15	49,99	3,0	5,9	5,0
86,17	49,99	3,0	5,9	5,0
86,20	49,99	3,0	5,9	5,0
86,22	49,99	3,0	5,9	5,0
86,25	49,99	3,0	5,9	5,0
86,27	49,99	3,0	5,9	5,0
86,30	49,99	3,0	5,9	5,0
86,32	49,99	3,0	5,9	5,0
86,34	49,99	3,0	5,9	5,0
86,37	49,99	3,0	5,9	5,0
86,39	49,99	3,0	5,9	5,0
86,42	49,99	3,0	5,9	5,0
86,44	49,99	3,0	5,9	5,0
86,47	49,99	3,0	5,9	5,0
86,49	49,99	3,0	5,9	5,0
86,52	49,99	3,0	5,9	5,0
86,54	49,99	3,0	5,9	5,0
86,56	49,99	3,0	5,9	5,0
86,59	49,99	3,0	5,9	5,0
86,61	49,99	3,0	5,9	5,0
86,64	49,99	3,0	5,9	5,0
86,66	49,99	3,0	5,9	5,0
86,69	49,99	3,0	5,9	5,0
86,71	49,99	3,0	5,9	5,0
86,73	49,99	3,0	5,9	5,0
86,76	49,99	3,0	5,9	5,0
86,78	49,99	3,0	5,9	5,0
86,81	49,99	3,0	5,9	5,0
86,83	49,99	3,0	5,9	5,0
86,86	49,99	3,0	5,9	5,0
86,88	49,99	3,0	5,9	5,0
86,91	49,99	3,0	5,9	5,0
86,93	49,99	3,0	5,9	5,0
86,95	49,99	3,0	5,9	5,0
86,98	49,99	3,0	5,9	5,0
87,00	49,99	3,0	5,9	5,0
87,03	49,99	3,0	5,9	5,0
87,05	49,99	3,0	5,9	5,0
87,08	49,99	3,0	5,9	5,0
87,10	49,99	3,0	5,9	5,0
87,13	49,99	3,0	5,9	5,0
87,15	49,99	3,0	5,9	5,0
87,17	49,99	3,0	5,9	5,0
87,20	49,99	3,0	5,9	5,0
87,22	49,99	3,0	5,9	5,0
87,25	49,99	3,0	5,9	5,0
87,27	49,99	3,0	5,9	5,0
87,30	49,99	3,0	5,9	5,0
87,32	49,99	3,0	5,9	5,0
87,35	49,99	3,0	5,9	5,0
87,37	49,99	3,0	5,9	5,0
87,39	49,99	3,0	5,9	5,0
87,42	49,99	3,0	5,9	5,0
87,44	49,99	3,0	5,9	5,0
87,47	49,99	3,0	5,9	5,0
87,49	49,99	3,0	5,9	5,0
87,52	49,99	3,0	5,9	5,0
87,54	49,99	3,0	5,9	5,0
87,57	49,99	3,0	5,9	5,0
87,59	49,99	3,0	5,9	5,0
87,61	49,99	3,0	5,9	5,0
87,64	49,99	3,0	5,9	5,0
87,66	49,99	3,0	5,9	5,0
87,69	49,99	3,0	5,9	5,0
87,71	49,99	3,0	5,9	5,0
87,74	49,99	3,0	5,9	5,0
87,76	49,99	3,0	5,9	5,0
87,78	49,99	3,0	5,9	5,0
87,81	49,99	3,0	5,9	5,0
87,83	49,99	3,0	5,9	5,0
87,86	49,99	3,0	5,9	5,0
87,88	49,99	3,0	5,9	5,0
87,91	49,99	3,0	5,9	5,0
87,93	49,99	3,0	5,9	5,0
87,96	49,99	3,0	5,9	5,0
87,98	49,99	3,0	5,9	5,0
88,00	49,99	3,0	5,9	5,0
88,03	49,99	3,0	5,9	5,0
88,05	49,99	3,0	5,9	5,0
88,08	49,99	3,0	5,9	5,0
88,10	49,99	3,0	5,9	5,0
88,13	49,99	3,0	5,9	5,0
88,15	49,99	3,0	5,9	5,0
88,18	49,99	3,0	5,9	5,0
88,20	49,99	3,0	5,9	5,0
88,22	49,99	3,0	5,9	5,0
88,25	49,99	3,0	5,9	5,0
88,27	49,99	3,0	5,9	5,0
88,30	49,99	3,0	5,9	5,0
88,32	49,99	3,0	5,9	5,0
88,35	49,99	3,0	5,9	5,0
88,37	49,99	3,0	5,9	5,0
88,40	49,99	3,0	5,9	5,0
88,42	49,99	3,0	5,9	5,0
88,44	49,99	3,0	5,9	5,0
88,47	49,99	3,0	5,9	5,0
88,49	49,99	3,0	5,9	5,0
88,52	49,99	3,0	5,9	5,0
88,54	49,99	3,0	5,9	5,0
88,57	49,99	3,0	5,9	5,0
88,59	49,99	3,0	5,9	5,0
88,62	49,99	3,0	5,9	5,0
88,64	49,99	3,0	5,9	5,0
88,66	49,99	3,0	5,9	5,0
88,69	49,99	3,0	5,9	5,0
88,71	49,99	3,0	5,9	5,0
88,74	49,99	3,0	5,9	5,0
88,76	49,99	3,0	5,9	5,0
88,79	49,99	3,0	5,9	5,0
88,81	49,99	3,0	5,9	5,0
88,83	49,99	3,0	5,9	5,0
88,86	49,99	3,0	5,9	5,0
88,88	49,99	3,0	5,9	5,0
88,91	49,99	3,0	5,9	5,0
88,93	49,99	3,0	5,9	5,0
88,96	49,99	3,0	5,9	5,0
88,98	49,99	3,0	5,9	5,0
89,01	49,99	3,0	5,9	5,0
89,03	49,99	3,0	5,9	5,0
89,05	49,99	3,0	5,9	5,0
89,08	49,99	3,0	5,9	5,0
89,10	49,99	3,0	5,9	5,0
89,13	49,99	3,0	5,9	5,0
89,15	49,99	3,0	5,9	5,0
89,18	49,99	3,0	5,9	5,0
89,20	49,99	3,0	5,9	5,0
89,23	49,99	3,0	5,9	5,0
89,25	49,99	3,0	5,9	5,0
89,27	49,99	3,0	5,9	5,0
89,30	49,99	3,0	5,9	5,0
89,32	49,99	3,0	5,9	5,0
89,35	49,99	3,0	5,9	5,0
89,37	49,99	3,0	5,9	5,0
89,40	49,99	3,0	5,9	5,0
89,42	49,99	3,0	5,9	5,0
89,45	49,99	3,0	5,9	5,0
89,47	49,99	3,0	5,9	5,0
89,49	49,99	3,0	5,9	5,0
89,52	49,99	3,0	5,9	5,0
89,54	49,99	3,0	5,9	5,0
89,57	49,99	3,0	5,9	5,0
89,59	49,99	3,0	5,9	5,0
89,62	49,99	3,0	5,9	5,0
89,64	49,99	3,0	5,9	5,0
89,67	49,99	3,0	5,9	5,0
89,69	49,99	3,0	5,9	5,0
89,71	49,99	3,0	5,9	5,0
89,74	49,99	3,0	5,9	5,0
89,76	49,99	3,0	5,9	5,0
89,79	49,99	3,0	5,9	5,0
89,81	49,99	3,0	5,9	5,0
89,84	49,99	3,0	5,9	5,0
89,86	49,99	3,0	5,9	5,0
89,89	49,99	3,0	5,9	5,0
89,91	49,99	3,0	5,9	5,0
89,93	49,99	3,0	5,9	5,0
89,96	49,99	3,0	5,9	5,0
89,98	49,99	3,0	5,9	5,0
90,01	49,99	3,0	5,9	5,0
90,03	49,99	3,0	5,9	5,0
90,06	49,99	3,0	5,9	5,0
90,08	49,99	3,0	5,9	5,0
90,10	49,99	3,0	5,9	5,0
90,13	49,99	3,0	5,9	5,0
90,15	49,99	3,0	5,9	5,0
90,18	49,99	3,0	5,9	5,0
90,20	49,99	3,0	5,9	5,0
90,23	49,99	3,0	5,9	5,0
90,25	49,99	3,0	5,9	5,0
90,28	49,99	3,0	5,9	5,0
90,30	49,99	3,0	5,9	5,0
90,32	49,99	3,0	5,9	5,0
90,35	49,99	3,0	5,9	5,0
90,37	49,99	3,0	5,9	5,0
90,40	49,99	3,0	5,9	5,0
90,42	49,99	3,0	5,9	5,0
90,45	49,99	3,0	5,9	5,0
90,47	49,99	3,0	5,9	5,0
90,50	49,99	3,0	5,9	5,0
90,52	49,99	3,0	5,9	5,0
90,54	49,99	3,0	5,9	5,0
90,57	49,99	3,0	5,9	5,0
90,59	49,99	3,0	5,9	5,0
90,62	49,99	3,0	5,9	5,0
90,64	49,99	3,0	5,9	5,0
90,67	49,99	3,0	5,9	5,0
90,69	49,99	3,0	5,9	5,0
90,72	49,99	3,0	5,9	5,0
90,74	49,99	3,0	5,9	5,0
90,76	49,99	3,0	5,9	5,0
90,79	49,99	3,0	5,9	5,0
90,81	49,99	3,0	5,9	5,0
90,84	49,99	3,0	5,9	5,0
90,86	49,99	3,0	5,9	5,0
90,89	49,99	3,0	5,9	5,0
90,91	49,99	3,0	5,9	5,0
90,94	49,99	3,0	5,9	5,0
90,96	49,99	3,0	5,9	5,0
90,98	49,99	3,0	5,9	5,0
91,01	49,99	3,0	5,9	5,0
91,03	49,99	3,0	5,9	5,0
91,06	49,99	3,0	5,9	5,0
91,08	49,99	3,0	5,9	5,0
91,11	49,99	3,0	5,9	5,0
91,13	49,99	3,0	5,9	5,0
91,15	49,99	3,0	5,9	5,0
91,18	49,99	3,0	5,9	5,0
91,20	49,99	3,0	5,9	5,0
91,23	49,99	3,0	5,9	5,0
91,25	49,99	3,0	5,9	5,0
91,28	49,99	3,0	5,9	5,0
91,30	49,99	3,0	5,9	5,0
91,33	49,99	3,0	5,9	5,0
91,35	49,99	3,0	5,9	5,0
91,37	49,99	3,0	5,9	5,0
91,40	49,99	3,0	5,9	5,0
91,42	49,99	3,0	5,9	5,0
91,45	49,99	3,0	5,9	5,0
91,47	49,99	3,0	5,9	5,0
91,50	49,99	3,0	5,9	5,0
91,52	49,99	3,0	5,9	5,0
91,55	49,99	3,0	5,9	5,0
91,57	49,99	3,0	5,9	5,0
91,59	49,99	3,0	5,9	5,0
91,62	49,99	3,0	5,9	5,0
91,64	49,99	3,0	5,9	5,0
91,67	49,99	3,0	5,9	5,0
91,69	49,99	3,0	5,9	5,0
91,72	49,99	3,0	5,9	5,0
91,74	49,99	3,0	5,9	5,0
91,77	49,99	3,0	5,9	5,0
91,79	49,99	3,0	5,9	5,0
91,81	49,99	3,0	5,9	5,0
91,84	49,99	3,0	5,9	5,0
91,86	49,99	3,0	5,9	5,0
91,89	49,99	3,0	5,9	5,0
91,91	49,99	3,0	5,9	5,0
91,94	49,99	3,0	5,9	5,0
91,96	49,99	3,0	5,9	5,0
91,99	49,99	3,0	5,9	5,0
92,01	49,99	3,0	5,9	5,0
92,03	49,99	3,0	5,9	5,0
92,06	49,99	3,0	5,9	5,0
92,08	49,99	3,0	5,9	5,0
92,11	49,99	3,0	5,9	5,0
92,13	49,99	3,0	5,9	5,0
92,16	49,99	3,0	5,9	5,0
92,18	49,99	3,0	5,9	5,0
92,20	49,99	3,0	5,9	5,0
92,23	49,99	3,0	5,9	5,0
92,25	49,99	3,0	5,9	5,0
92,28	49,99	3,0	5,9	5,0
92,30	49,99	3,0	5,9	5,0
92,33	49,99	3,0	5,9	5,0
92,35	49,99	3,0	5,9	5,0
92,38	49,99	3,0	5,9	5,0
92,40	49,99	3,0	5,9	5,0
92,42	49,99	3,0	5,9	5,0
92,45	49,99	3,0	5,9	5,0
92,47	49,99	3,0	5,9	5,0
92,50	49,99	3,0	5,9	5,0
92,52	49,99	3,0	5,9	5,0
92,55	49,99	3,0	5,9	5,0
92,57	49,99	3,0	5,9	5,0
92,60	49,99	3,0	5,9	5,0
92,62	49,99	3,0	5,9	5,0
92,64	49,99	3,0	5,9	5,0
92,67	49,99	3,0	5,9	5,0
92,69	49,99	3,0	5,9	5,0
92,72	49,99	3,0	5,9	5,0
92,74	49,99	3,0	5,9	5,0
92,77	49,99	3,0	5,9	5,0
92,79	49,99	3,0	5,9	5,0
92,82	49,99	3,0	5,9	5,0
92,84	49,99	3,0	5,9	5,0
92,86	49,99	3,0	5,9	5,0
92,89	49,99	3,0	5,9	5,0
92,91	49,99	3,0	5,9	5,0
92,94	49,99	3,0	5,9	5,0
92,96	49,99	3,0	5,9	5,0
92,99	49,99	3,0	5,9	5,0
93,01	49,99	3,0	5,9	5,0
93,04	49,99	3,0	5,9	5,0
93,06	49,99	3,0	5,9	5,0
93,08	49,99	3,0	5,9	5,0
93,11	49,99	3,0	5,9	5,0
93,13	49,99	3,0	5,9	5,0
93,16	49,99	3,0	5,9	5,0
93,18	49,99	3,0	5,9	5,0
93,21	49,99	3,0	5,9	5,0
93,23	49,99	3,0	5,9	5,0
93,25	49,99	3,0	5,9	5,0
93,28	49,99	3,0	5,9	5,0
93,30	49,99	3,0	5,9	5,0
93,33	49,99	3,0	5,9	5,0
93,35	49,99	3,0	5,9	5,0
93,38	49,99	3,0	5,9	5,0
93,40	49,99	3,0	5,9	5,0
93,43	49,99	3,0	5,9	5,0
93,45	49,99	3,0	5,9	5,0
93,47	49,99	3,0	5,9	5,0
93,50	49,99	3,0	5,9	5,0
93,52	49,99	3,0	5,9	5,0
93,55	49,99	3,0	5,9	5,0
93,57	49,99	3,0	5,9	5,0
93,60	49,99	3,0	5,9	5,0
93,62	49,99	3,0	5,9	5,0
93,65	49,99	3,0	5,9	5,0
93,67	49,99	3,0	5,9	5,0
93,69	49,99	3,0	5,9	5,0
93,72	49,99	3,0	5,9	5,0
93,74	49,99	3,0	5,9	5,0
93,77	49,99	3,0	5,9	5,0
93,79	49,99	3,0	5,9	5,0
93,82	49,99	3,0	5,9	5,0
93,84	49,99	3,0	5,9	5,0
93,87	49,99	3,0	5,9	5,0
93,89	49,99	3,0	5,9	5,0
93,91	49,99	3,0	5,9	5,0
93,94	49,99	3,0	5,9	5,0
93,96	49,99	3,0	5,9	5,0
93,99	49,99	3,0	5,9	5,0
94,01	49,99	3,0	5,9	5,0
94,04	49,99	3,0	5,9	5,0
94,06	49,99	3,0	5,9	5,0
94,09	49,99	3,0	5,9	5,0
94,11	49,99	3,0	5,9	5,0
94,13	49,99	3,0	5,9	5,0
94,16	49,99	3,0	5,9	5,0
94,18	49,99	3,0	5,9	5,0
94,21	49,99	3,0	5,9	5,0
94,23	49,99	3,0	5,9	5,0
94,26	49,99	3,0	5,9	5,0
94,28	49,99	3,0	5,9	5,0
94,31	49,99	3,0	5,9	5,0
94,33	49,99	3,0	5,9	5,0
94,35	49,99	3,0	5,9	5,0
94,38	49,99	3,0	5,9	5,0
94,40	49,99	3,0	5,9	5,0
94,43	49,99	3,0	5,9	5,0
94,45	49,99	3,0	5,9	5,0
94,48	49,99	3,0	5,9	5,0
94,50	49,99	3,0	5,9	5,0
94,52	49,99	3,0	5,9	5,0
94,55	49,99	3,0	5,9	5,0
94,57	49,99	3,0	5,9	5,0
94,60	49,99	3,0	5,9	5,0
94,62	49,99	3,0	5,9	5,0
94,65	49,99	3,0	5,9	5,0
94,67	49,99	3,0	5,9	5,0
94,70	49,99	3,0	5,9	5,0
94,72	49,99	3,0	5,9	5,0
94,74	49,99	3,0	5,9	5,0
94,77	49,99	3,0	5,9	5,0
94,79	49,99	3,0	5,9	5,0
94,82	49,99	3,0	5,9	5,0
94,84	49,99	3,0	5,9	5,0
94,87	49,99	3,0	5,9	5,0
94,89	49,99	3,0	5,9	5,0
94,92	49,99	3,0	5,9	5,0
94,94	49,99	3,0	5,9	5,0
94,96	49,99	3,0	5,9	5,0
94,99	49,99	3,0	5,9	5,0
95,01	49,99	3,0	5,9	5,0
95,04	49,99	3,0	5,9	5,0
95,06	49,99	3,0	5,9	5,0
95,09	49,99	3,0	5,9	5,0
95,11	49,99	3,0	5,9	5,0
95,14	49,99	3,0	5,9	5,0
95,16	49,99	3,0	5,9	5,0
95,18	49,99	3,0	5,9	5,0
95,21	49,99	3,0	5,9	5,0
95,23	49,99	3,0	5,9	5,0
95,26	49,99	3,0	5,9	5,0
95,28	49,99	3,0	5,9	5,0
95,31	49,99	3,0	5,9	5,0
95,33	49,99	3,0	5,9	5,0
95,36	49,99	3,0	5,9	5,0
95,38	49,99	3,0	5,9	5,0
95,40	49,99	3,0	5,9	5,0
95,43	49,99	3,0	5,9	5,0
95,45	49,99	3,0	5,9	5,0
95,48	49,99	3,0	5,9	5,0
95,50	49,99	3,0	5,9	5,0
95,53	49,99	3,0	5,9	5,0
95,55	49,99	3,0	5,9	5,0
95,57	49,99	3,0	5,9	5,0
95,60	49,99	3,0	5,9	5,0
95,62	49,99	3,0	5,9	5,0
95,65	49,99	3,0	5,9	5,0
95,67	49,99	3,0	5,9	5,0
95,70	49,99	3,0	5,9	5,0
95,72	49,99	3,0	5,9	5,0
95,75	49,99	3,0	5,9	5,0
95,77	49,99	3,0	5,9	5,0
95,79	49,99	3,0	5,9	5,0
95,82	49,99	3,0	5,9	5,0
95,84	49,99	3,0	5,9	5,0
95,87	49,99	3,0	5,9	5,0
95,89	49,99	3,0	5,9	5,0
95,92	49,99	3,0	5,9	5,0
95,94	49,99	3,0	5,9	5,0
95,97	49,99	3,0	5,9	5,0
95,99	49,99	3,0	5,9	5,0
96,01	49,99	3,0	5,9	5,0
96,04	49,99	3,0	5,9	5,0
96,06	49,99	3,0	5,9	5,0
96,09	49,99	3,0	5,9	5,0
96,11	49,99	3,0	5,9	5,0
96,14	49,99	3,0	5,9	5,0
96,16	49,99	3,0	5,9	5,0
96,19	49,99	3,0	5,9	5,0
96,21	49,99	3,0	5,9	5,0
96,23	49,99	3,0	5,9	5,0
96,26	49,99	3,0	5,9	5,0
96,28	49,99	3,0	5,9	5,0
96,31	49,99	3,0	5,9	5,0
96,33	49,99	3,0	5,9	5,0
96,36	49,99	3,0	5,9	5,0
96,38	49,99	3,0	5,9	5,0
96,41	49,99	3,0	5,9	5,0
96,43	49,99	3,0	5,9	5,0
96,45	49,99	3,0	5,9	5,0
96,48	49,99	3,0	5,9	5,0
96,50	49,99	3,0	5,9	5,0
96,53	49,99	3,0	5,9	5,0
96,55	49,99	3,0	5,9	5,0
96,58	49,99	3,0	5,9	5,0
96,60	49,99	3,0	5,9	5,0
96,62	49,99	3,0	5,9	5,0
96,65	49,99	3,0	5,9	5,0
96,67	49,99	3,0	5,9	5,0
96,70	49,99	3,0	5,9	5,0
96,72	49,99	3,0	5,9	5,0
96,75	49,99	3,0	5,9	5,0
96,77	49,99	3,0	5,9	5,0
96,80	49,99	3,0	5,9	5,0
96,82	49,99	3,0	5,9	5,0
96,84	49,99	3,0	5,9	5,0
96,87	49,99	3,0	5,9	5,0
96,89	49,99	3,0	5,9	5,0
96,92	49,99	3,0	5,9	5,0
96,94	49,99	3,0	5,9	5,0
96,97	49,99	3,0	5,9	5,0
96,99	49,99	3,0	5,9	5,0
97,02	49,99	3,0	5,9	5,0
97,04	49,99	3,0	5,9	5,0
97,06	49,99	3,0	5,9	5,0
97,09	49,99	3,0	5,9	5,0
97,11	49,99	3,0	5,9	5,0
97,14	49,99	3,0	5,9	5,0
97,16	49,99	3,0	5,9	5,0
97,19	49,99	3,0	5,9	5,0
97,21	49,99	3,0	5,9	5,0
97,24	49,99	3,0	5,9	5,0
97,26	49,99	3,0	5,9	5,0
97,28	49,99	3,0	5,9	5,0
97,31	49,99	3,0	5,9	5,0
97,33	49,99	3,0	5,9	5,0
97,36	49,99	3,0	5,9	5,0
97,38	49,99	3,0	5,9	5,0
97,41	49,99	3,0	5,9	5,0
97,43	49,99	3,0	5,9	5,0
97,46	49,99	3,0	5,9	5,0
97,48	49,99	3,0	5,9	5,0
97,50	49,99	3,0	5,9	5,0
97,53	49,99	3,0	5,9	5,0
97,55	49,99	3,0	5,9	5,0
97,58	49,99	3,0	5,9	5,0
97,60	49,99	3,0	5,9	5,0
97,63	49,99	3,0	5,9	5,0
97,65	49,99	3,0	5,9	5,0
97,68	49,99	3,0	5,9	5,0
97,70	49,99	3,0	5,9	5,0
97,72	49,99	3,0	5,9	5,0
97,75	49,99	3,0	5,9	5,0
97,77	49,99	3,0	5,9	5,0
97,80	49,99	3,0	5,9	5,0
97,82	49,99	3,0	5,9	5,0
97,85	49,99	3,0	5,9	5,0
97,87	49,99	3,0	5,9	5,0
97,89	49,99	3,0	5,9	5,0
97,92	49,99	3,0	5,9	5,0
97,94	49,99	3,0	5,9	5,0
97,97	49,99	3,0	5,9	5,0
97,99	49,99	3,0	5,9	5,0
98,02	49,99	3,0	5,9	5,0
98,04	49,99	3,0	5,9	5,0
98,07	49,99	3,0	5,9	5,0
98,09	49,99	3,0	5,9	5,0
98,11	49,99	3,0	5,9	5,0
98,14	49,99	3,0	5,9	5,0
98,16	49,99	3,0	5,9	5,0
98,19	49,99	3,0	5,9	5,0
98,21	49,99	3,0	5,9	5,0
98,24	49,99	3,0	5,9	5,0
98,26	49,99	3,0	5,9	5,0
98,29	49,99	3,0	5,9	5,0
98,31	49,99	3,0	5,9	5,0
98,33	49,99	3,0	5,9	5,0
98,36	49,99	3,0	5,9	5,0
98,38	49,99	3,0	5,9	5,0
98,41	49,99	3,0	5,9	5,0
98,43	49,99	3,0	5,9	5,0
98,46	49,99	3,0	5,9	5,0
98,48	49,99	3,0	5,9	5,0
98,51	49,99	3,0	5,9	5,0
98,53	49,99	3,0	5,9	5,0
98,55	49,99	3,0	5,9	5,0
98,58	49,99	3,0	5,9	5,0
98,60	49,99	3,0	5,9	5,0
98,63	49,99	3,0	5,9	5,0
98,65	49,99	3,0	5,9	5,0
98,68	49,99	3,0	5,9	5,0
98,70	49,99	3,0	5,9	5,0
98,73	49,99	3,0	5,9	5,0
98,75	49,99	3,0	5,9	5,0
98,77	49,99	3,0	5,9	5,0
98,80	49,99	3,0	5,9	5,0
98,82	49,99	3,0	5,9	5,0
98,85	49,99	3,0	5,9	5,0
98,87	49,99	3,0	5,9	5,0
98,90	49,99	3,0	5,9	5,0
98,92	49,99	3,0	5,9	5,0
98,94	49,99	3,0	5,9	5,0
98,97	49,99	3,0	5,9	5,0
98,99	49,99	3,0	5,9	5,0
