Voltage U1	Corriente IA	Voltage U2	Voltage U3	Voltage UH
U1/V	IA/nA	U2/V	U3/V	UH/V

0,02	9,41	3,0	5,9	7,0
0,04	9,50	3,0	5,9	7,0
0,07	9,59	3,0	5,9	7,0
0,09	9,67	3,0	5,9	7,0
0,12	9,81	3,0	5,9	7,0
0,14	9,97	3,0	5,9	7,0
0,17	10,10	3,0	5,9	7,0
0,19	10,25	3,0	5,9	7,0
0,21	10,44	3,0	5,9	7,0
0,24	10,66	3,0	5,9	7,0
0,26	10,84	3,0	5,9	7,0
0,29	10,99	3,0	5,9	7,0
0,31	11,17	3,0	5,9	7,0
0,34	11,38	3,0	5,9	7,0
0,36	11,57	3,0	5,9	7,0
0,39	11,73	3,0	5,9	7,0
0,41	11,91	3,0	5,9	7,0
0,43	12,11	3,0	5,9	7,0
0,46	12,29	3,0	5,9	7,0
0,48	12,44	3,0	5,9	7,0
0,51	12,60	3,0	5,9	7,0
0,53	12,80	3,0	5,9	7,0
0,56	12,97	3,0	5,9	7,0
0,58	13,11	3,0	5,9	7,0
0,61	13,27	3,0	5,9	7,0
0,63	13,45	3,0	5,9	7,0
0,65	13,61	3,0	5,9	7,0
0,68	13,76	3,0	5,9	7,0
0,70	13,93	3,0	5,9	7,0
0,73	14,11	3,0	5,9	7,0
0,75	14,27	3,0	5,9	7,0
0,78	14,40	3,0	5,9	7,0
0,80	14,56	3,0	5,9	7,0
0,83	14,73	3,0	5,9	7,0
0,85	14,88	3,0	5,9	7,0
0,87	15,02	3,0	5,9	7,0
0,90	15,18	3,0	5,9	7,0
0,92	15,36	3,0	5,9	7,0
0,95	15,49	3,0	5,9	7,0
0,97	15,61	3,0	5,9	7,0
1,00	15,77	3,0	5,9	7,0
1,02	15,94	3,0	5,9	7,0
1,05	16,07	3,0	5,9	7,0
1,07	16,19	3,0	5,9	7,0
1,09	16,35	3,0	5,9	7,0
1,12	16,52	3,0	5,9	7,0
1,14	16,65	3,0	5,9	7,0
1,17	16,78	3,0	5,9	7,0
1,19	16,95	3,0	5,9	7,0
1,22	17,10	3,0	5,9	7,0
1,24	17,21	3,0	5,9	7,0
1,26	17,33	3,0	5,9	7,0
1,29	17,48	3,0	5,9	7,0
1,31	17,63	3,0	5,9	7,0
1,34	17,75	3,0	5,9	7,0
1,36	17,88	3,0	5,9	7,0
1,39	18,04	3,0	5,9	7,0
1,41	18,19	3,0	5,9	7,0
1,44	18,30	3,0	5,9	7,0
1,46	18,44	3,0	5,9	7,0
1,48	18,59	3,0	5,9	7,0
1,51	18,74	3,0	5,9	7,0
1,53	18,83	3,0	5,9	7,0
1,56	18,96	3,0	5,9	7,0
1,58	19,12	3,0	5,9	7,0
1,61	19,26	3,0	5,9	7,0
1,63	19,36	3,0	5,9	7,0
1,66	19,48	3,0	5,9	7,0
1,68	19,64	3,0	5,9	7,0
1,70	19,77	3,0	5,9	7,0
1,73	19,86	3,0	5,9	7,0
1,75	19,99	3,0	5,9	7,0
1,78	20,15	3,0	5,9	7,0
1,80	20,29	3,0	5,9	7,0
1,83	20,37	3,0	5,9	7,0
1,85	20,50	3,0	5,9	7,0
1,88	20,67	3,0	5,9	7,0
1,90	20,80	3,0	5,9	7,0
1,92	20,89	3,0	5,9	7,0
1,95	21,01	3,0	5,9	7,0
1,97	21,16	3,0	5,9	7,0
2,00	21,28	3,0	5,9	7,0
2,02	21,37	3,0	5,9	7,0
2,05	21,49	3,0	5,9	7,0
2,07	21,65	3,0	5,9	7,0
2,10	21,76	3,0	5,9	7,0
2,12	21,85	3,0	5,9	7,0
2,14	21,98	3,0	5,9	7,0
2,17	22,13	3,0	5,9	7,0
2,19	22,25	3,0	5,9	7,0
2,22	22,34	3,0	5,9	7,0
2,24	22,45	3,0	5,9	7,0
2,27	22,60	3,0	5,9	7,0
2,29	22,69	3,0	5,9	7,0
2,31	22,82	3,0	5,9	7,0
2,34	22,93	3,0	5,9	7,0
2,36	23,04	3,0	5,9	7,0
2,39	23,16	3,0	5,9	7,0
2,41	23,29	3,0	5,9	7,0
2,44	23,39	3,0	5,9	7,0
2,46	23,50	3,0	5,9	7,0
2,49	23,63	3,0	5,9	7,0
2,51	23,74	3,0	5,9	7,0
2,53	23,84	3,0	5,9	7,0
2,56	23,95	3,0	5,9	7,0
2,58	24,07	3,0	5,9	7,0
2,61	24,17	3,0	5,9	7,0
2,63	24,26	3,0	5,9	7,0
2,66	24,37	3,0	5,9	7,0
2,68	24,45	3,0	5,9	7,0
2,71	24,57	3,0	5,9	7,0
2,73	24,69	3,0	5,9	7,0
2,75	24,78	3,0	5,9	7,0
2,78	24,86	3,0	5,9	7,0
2,80	24,98	3,0	5,9	7,0
2,83	25,11	3,0	5,9	7,0
2,85	25,18	3,0	5,9	7,0
2,88	25,25	3,0	5,9	7,0
2,90	25,38	3,0	5,9	7,0
2,93	25,49	3,0	5,9	7,0
2,95	25,55	3,0	5,9	7,0
2,97	25,64	3,0	5,9	7,0
3,00	25,76	3,0	5,9	7,0
3,02	25,87	3,0	5,9	7,0
3,05	25,93	3,0	5,9	7,0
3,07	26,03	3,0	5,9	7,0
3,10	26,17	3,0	5,9	7,0
3,12	26,27	3,0	5,9	7,0
3,15	26,34	3,0	5,9	7,0
3,17	26,43	3,0	5,9	7,0
3,19	26,55	3,0	5,9	7,0
3,22	26,64	3,0	5,9	7,0
3,24	26,69	3,0	5,9	7,0
3,27	26,78	3,0	5,9	7,0
3,29	26,90	3,0	5,9	7,0
3,32	26,99	3,0	5,9	7,0
3,34	27,03	3,0	5,9	7,0
3,36	27,13	3,0	5,9	7,0
3,39	27,25	3,0	5,9	7,0
3,41	27,34	3,0	5,9	7,0
3,44	27,37	3,0	5,9	7,0
3,46	27,45	3,0	5,9	7,0
3,49	27,57	3,0	5,9	7,0
3,51	27,64	3,0	5,9	7,0
3,54	27,68	3,0	5,9	7,0
3,56	27,76	3,0	5,9	7,0
3,58	27,88	3,0	5,9	7,0
3,61	27,96	3,0	5,9	7,0
3,63	27,98	3,0	5,9	7,0
3,66	28,07	3,0	5,9	7,0
3,68	28,18	3,0	5,9	7,0
3,71	28,25	3,0	5,9	7,0
3,73	28,29	3,0	5,9	7,0
3,76	28,37	3,0	5,9	7,0
3,78	28,49	3,0	5,9	7,0
3,80	28,56	3,0	5,9	7,0
3,83	28,60	3,0	5,9	7,0
3,85	28,69	3,0	5,9	7,0
3,88	28,80	3,0	5,9	7,0
3,90	28,86	3,0	5,9	7,0
3,93	28,90	3,0	5,9	7,0
3,95	28,98	3,0	5,9	7,0
3,98	29,10	3,0	5,9	7,0
4,00	29,15	3,0	5,9	7,0
4,02	29,18	3,0	5,9	7,0
4,05	29,27	3,0	5,9	7,0
4,07	29,38	3,0	5,9	7,0
4,10	29,42	3,0	5,9	7,0
4,12	29,46	3,0	5,9	7,0
4,15	29,54	3,0	5,9	7,0
4,17	29,63	3,0	5,9	7,0
4,20	29,68	3,0	5,9	7,0
4,22	29,71	3,0	5,9	7,0
4,24	29,80	3,0	5,9	7,0
4,27	29,90	3,0	5,9	7,0
4,29	29,93	3,0	5,9	7,0
4,32	29,98	3,0	5,9	7,0
4,34	30,07	3,0	5,9	7,0
4,37	30,16	3,0	5,9	7,0
4,39	30,20	3,0	5,9	7,0
4,42	30,23	3,0	5,9	7,0
4,44	30,33	3,0	5,9	7,0
4,46	30,42	3,0	5,9	7,0
4,49	30,46	3,0	5,9	7,0
4,51	30,50	3,0	5,9	7,0
4,54	30,59	3,0	5,9	7,0
4,56	30,67	3,0	5,9	7,0
4,59	30,70	3,0	5,9	7,0
4,61	30,74	3,0	5,9	7,0
4,63	30,81	3,0	5,9	7,0
4,66	30,88	3,0	5,9	7,0
4,68	30,91	3,0	5,9	7,0
4,71	30,96	3,0	5,9	7,0
4,73	31,03	3,0	5,9	7,0
4,76	31,10	3,0	5,9	7,0
4,78	31,17	3,0	5,9	7,0
4,81	31,22	3,0	5,9	7,0
4,83	31,27	3,0	5,9	7,0
4,85	31,33	3,0	5,9	7,0
4,88	31,41	3,0	5,9	7,0
4,90	31,47	3,0	5,9	7,0
4,93	31,50	3,0	5,9	7,0
4,95	31,56	3,0	5,9	7,0
4,98	31,65	3,0	5,9	7,0
5,00	31,71	3,0	5,9	7,0
5,03	31,76	3,0	5,9	7,0
5,05	31,83	3,0	5,9	7,0
5,07	31,91	3,0	5,9	7,0
5,10	31,98	3,0	5,9	7,0
5,12	32,04	3,0	5,9	7,0
5,15	32,06	3,0	5,9	7,0
5,17	32,13	3,0	5,9	7,0
5,20	32,24	3,0	5,9	7,0
5,22	32,30	3,0	5,9	7,0
5,25	32,32	3,0	5,9	7,0
5,27	32,39	3,0	5,9	7,0
5,29	32,50	3,0	5,9	7,0
5,32	32,56	3,0	5,9	7,0
5,34	32,56	3,0	5,9	7,0
5,37	32,64	3,0	5,9	7,0
5,39	32,75	3,0	5,9	7,0
5,42	32,80	3,0	5,9	7,0
5,44	32,81	3,0	5,9	7,0
5,47	32,89	3,0	5,9	7,0
5,49	33,00	3,0	5,9	7,0
5,51	33,05	3,0	5,9	7,0
5,54	33,08	3,0	5,9	7,0
5,56	33,16	3,0	5,9	7,0
5,59	33,27	3,0	5,9	7,0
5,61	33,32	3,0	5,9	7,0
5,64	33,34	3,0	5,9	7,0
5,66	33,43	3,0	5,9	7,0
5,68	33,55	3,0	5,9	7,0
5,71	33,60	3,0	5,9	7,0
5,73	33,63	3,0	5,9	7,0
5,76	33,71	3,0	5,9	7,0
5,78	33,81	3,0	5,9	7,0
5,81	33,86	3,0	5,9	7,0
5,83	33,90	3,0	5,9	7,0
5,86	33,98	3,0	5,9	7,0
5,88	34,08	3,0	5,9	7,0
5,90	34,12	3,0	5,9	7,0
5,93	34,15	3,0	5,9	7,0
5,95	34,24	3,0	5,9	7,0
5,98	34,32	3,0	5,9	7,0
6,00	34,35	3,0	5,9	7,0
6,03	34,39	3,0	5,9	7,0
6,05	34,47	3,0	5,9	7,0
6,08	34,57	3,0	5,9	7,0
6,10	34,60	3,0	5,9	7,0
6,12	34,65	3,0	5,9	7,0
6,15	34,75	3,0	5,9	7,0
6,17	34,85	3,0	5,9	7,0
6,20	34,88	3,0	5,9	7,0
6,22	34,94	3,0	5,9	7,0
6,25	35,03	3,0	5,9	7,0
6,27	35,12	3,0	5,9	7,0
6,30	35,16	3,0	5,9	7,0
6,32	35,22	3,0	5,9	7,0
6,34	35,32	3,0	5,9	7,0
6,37	35,40	3,0	5,9	7,0
6,39	35,43	3,0	5,9	7,0
6,42	35,48	3,0	5,9	7,0
6,44	35,58	3,0	5,9	7,0
6,47	35,67	3,0	5,9	7,0
6,49	35,70	3,0	5,9	7,0
6,52	35,77	3,0	5,9	7,0
6,54	35,87	3,0	5,9	7,0
6,56	35,94	3,0	5,9	7,0
6,59	35,97	3,0	5,9	7,0
6,61	36,03	3,0	5,9	7,0
6,64	36,13	3,0	5,9	7,0
6,66	36,19	3,0	5,9	7,0
6,69	36,20	3,0	5,9	7,0
6,71	36,28	3,0	5,9	7,0
6,73	36,39	3,0	5,9	7,0
6,76	36,45	3,0	5,9	7,0
6,78	36,48	3,0	5,9	7,0
6,81	36,55	3,0	5,9	7,0
6,83	36,66	3,0	5,9	7,0
6,86	36,72	3,0	5,9	7,0
6,88	36,73	3,0	5,9	7,0
6,91	36,79	3,0	5,9	7,0
6,93	36,90	3,0	5,9	7,0
6,95	36,95	3,0	5,9	7,0
6,98	36,96	3,0	5,9	7,0
7,00	37,03	3,0	5,9	7,0
7,03	37,14	3,0	5,9	7,0
7,05	37,20	3,0	5,9	7,0
7,08	37,20	3,0	5,9	7,0
7,10	37,29	3,0	5,9	7,0
7,13	37,40	3,0	5,9	7,0
7,15	37,44	3,0	5,9	7,0
7,17	37,49	3,0	5,9	7,0
7,20	37,54	3,0	5,9	7,0
7,22	37,60	3,0	5,9	7,0
7,25	37,66	3,0	5,9	7,0
7,27	37,72	3,0	5,9	7,0
7,30	37,77	3,0	5,9	7,0
7,32	37,82	3,0	5,9	7,0
7,35	37,90	3,0	5,9	7,0
7,37	37,96	3,0	5,9	7,0
7,39	38,03	3,0	5,9	7,0
7,42	38,07	3,0	5,9	7,0
7,44	38,15	3,0	5,9	7,0
7,47	38,20	3,0	5,9	7,0
7,49	38,26	3,0	5,9	7,0
7,52	38,30	3,0	5,9	7,0
7,54	38,34	3,0	5,9	7,0
7,57	38,42	3,0	5,9	7,0
7,59	38,52	3,0	5,9	7,0
7,61	38,57	3,0	5,9	7,0
7,64	38,59	3,0	5,9	7,0
7,66	38,68	3,0	5,9	7,0
7,69	38,76	3,0	5,9	7,0
7,71	38,78	3,0	5,9	7,0
7,74	38,80	3,0	5,9	7,0
7,76	38,88	3,0	5,9	7,0
7,78	38,97	3,0	5,9	7,0
7,81	39,00	3,0	5,9	7,0
7,83	39,03	3,0	5,9	7,0
7,86	39,12	3,0	5,9	7,0
7,88	39,20	3,0	5,9	7,0
7,91	39,22	3,0	5,9	7,0
7,93	39,26	3,0	5,9	7,0
7,96	39,33	3,0	5,9	7,0
7,98	39,41	3,0	5,9	7,0
8,00	39,41	3,0	5,9	7,0
8,03	39,45	3,0	5,9	7,0
8,05	39,56	3,0	5,9	7,0
8,08	39,63	3,0	5,9	7,0
8,10	39,66	3,0	5,9	7,0
8,13	39,71	3,0	5,9	7,0
8,15	39,81	3,0	5,9	7,0
8,18	39,88	3,0	5,9	7,0
8,20	39,90	3,0	5,9	7,0
8,22	39,94	3,0	5,9	7,0
8,25	40,04	3,0	5,9	7,0
8,27	40,10	3,0	5,9	7,0
8,30	40,10	3,0	5,9	7,0
8,32	40,15	3,0	5,9	7,0
8,35	40,24	3,0	5,9	7,0
8,37	40,31	3,0	5,9	7,0
8,40	40,31	3,0	5,9	7,0
8,42	40,36	3,0	5,9	7,0
8,44	40,46	3,0	5,9	7,0
8,47	40,50	3,0	5,9	7,0
8,49	40,51	3,0	5,9	7,0
8,52	40,57	3,0	5,9	7,0
8,54	40,67	3,0	5,9	7,0
8,57	40,72	3,0	5,9	7,0
8,59	40,73	3,0	5,9	7,0
8,62	40,80	3,0	5,9	7,0
8,64	40,90	3,0	5,9	7,0
8,66	40,94	3,0	5,9	7,0
8,69	40,94	3,0	5,9	7,0
8,71	41,01	3,0	5,9	7,0
8,74	41,10	3,0	5,9	7,0
8,76	41,14	3,0	5,9	7,0
8,79	41,14	3,0	5,9	7,0
8,81	41,21	3,0	5,9	7,0
8,84	41,31	3,0	5,9	7,0
8,86	41,33	3,0	5,9	7,0
8,88	41,33	3,0	5,9	7,0
8,91	41,39	3,0	5,9	7,0
8,93	41,48	3,0	5,9	7,0
8,96	41,52	3,0	5,9	7,0
8,98	41,50	3,0	5,9	7,0
9,01	41,56	3,0	5,9	7,0
9,03	41,65	3,0	5,9	7,0
9,05	41,69	3,0	5,9	7,0
9,08	41,71	3,0	5,9	7,0
9,10	41,78	3,0	5,9	7,0
9,13	41,87	3,0	5,9	7,0
9,15	41,90	3,0	5,9	7,0
9,18	41,90	3,0	5,9	7,0
9,20	41,99	3,0	5,9	7,0
9,23	42,08	3,0	5,9	7,0
9,25	42,10	3,0	5,9	7,0
9,27	42,10	3,0	5,9	7,0
9,30	42,18	3,0	5,9	7,0
9,32	42,25	3,0	5,9	7,0
9,35	42,28	3,0	5,9	7,0
9,37	42,30	3,0	5,9	7,0
9,40	42,39	3,0	5,9	7,0
9,42	42,46	3,0	5,9	7,0
9,45	42,47	3,0	5,9	7,0
9,47	42,49	3,0	5,9	7,0
9,49	42,56	3,0	5,9	7,0
9,52	42,65	3,0	5,9	7,0
9,54	42,66	3,0	5,9	7,0
9,57	42,67	3,0	5,9	7,0
9,59	42,77	3,0	5,9	7,0
9,62	42,81	3,0	5,9	7,0
9,64	42,87	3,0	5,9	7,0
9,67	42,91	3,0	5,9	7,0
9,69	42,94	3,0	5,9	7,0
9,71	42,99	3,0	5,9	7,0
9,74	43,06	3,0	5,9	7,0
9,76	43,10	3,0	5,9	7,0
9,79	43,14	3,0	5,9	7,0
9,81	43,21	3,0	5,9	7,0
9,84	43,26	3,0	5,9	7,0
9,86	43,30	3,0	5,9	7,0
9,89	43,32	3,0	5,9	7,0
9,91	43,39	3,0	5,9	7,0
9,93	43,45	3,0	5,9	7,0
9,96	43,49	3,0	5,9	7,0
9,98	43,55	3,0	5,9	7,0
10,01	43,57	3,0	5,9	7,0
10,03	43,63	3,0	5,9	7,0
10,06	43,71	3,0	5,9	7,0
10,08	43,76	3,0	5,9	7,0
10,10	43,77	3,0	5,9	7,0
10,13	43,82	3,0	5,9	7,0
10,15	43,91	3,0	5,9	7,0
10,18	43,94	3,0	5,9	7,0
10,20	43,94	3,0	5,9	7,0
10,23	44,01	3,0	5,9	7,0
10,25	44,10	3,0	5,9	7,0
10,28	44,13	3,0	5,9	7,0
10,30	44,12	3,0	5,9	7,0
10,32	44,18	3,0	5,9	7,0
10,35	44,27	3,0	5,9	7,0
10,37	44,30	3,0	5,9	7,0
10,40	44,30	3,0	5,9	7,0
10,42	44,37	3,0	5,9	7,0
10,45	44,46	3,0	5,9	7,0
10,47	44,49	3,0	5,9	7,0
10,50	44,49	3,0	5,9	7,0
10,52	44,56	3,0	5,9	7,0
10,54	44,67	3,0	5,9	7,0
10,57	44,72	3,0	5,9	7,0
10,59	44,72	3,0	5,9	7,0
10,62	44,78	3,0	5,9	7,0
10,64	44,88	3,0	5,9	7,0
10,67	44,93	3,0	5,9	7,0
10,69	44,93	3,0	5,9	7,0
10,72	45,02	3,0	5,9	7,0
10,74	45,12	3,0	5,9	7,0
10,76	45,13	3,0	5,9	7,0
10,79	45,13	3,0	5,9	7,0
10,81	45,22	3,0	5,9	7,0
10,84	45,30	3,0	5,9	7,0
10,86	45,34	3,0	5,9	7,0
10,89	45,34	3,0	5,9	7,0
10,91	45,41	3,0	5,9	7,0
10,94	45,49	3,0	5,9	7,0
10,96	45,52	3,0	5,9	7,0
10,98	45,56	3,0	5,9	7,0
11,01	45,65	3,0	5,9	7,0
11,03	45,75	3,0	5,9	7,0
11,06	45,77	3,0	5,9	7,0
11,08	45,78	3,0	5,9	7,0
11,11	45,89	3,0	5,9	7,0
11,13	45,99	3,0	5,9	7,0
11,15	46,01	3,0	5,9	7,0
11,18	46,04	3,0	5,9	7,0
11,20	46,15	3,0	5,9	7,0
11,23	46,25	3,0	5,9	7,0
11,25	46,30	3,0	5,9	7,0
11,28	46,34	3,0	5,9	7,0
11,30	46,44	3,0	5,9	7,0
11,33	46,53	3,0	5,9	7,0
11,35	46,55	3,0	5,9	7,0
11,37	46,60	3,0	5,9	7,0
11,40	46,70	3,0	5,9	7,0
11,42	46,80	3,0	5,9	7,0
11,45	46,84	3,0	5,9	7,0
11,47	46,90	3,0	5,9	7,0
11,50	47,01	3,0	5,9	7,0
11,52	47,09	3,0	5,9	7,0
11,55	47,11	3,0	5,9	7,0
11,57	47,18	3,0	5,9	7,0
11,59	47,28	3,0	5,9	7,0
11,62	47,38	3,0	5,9	7,0
11,64	47,42	3,0	5,9	7,0
11,67	47,50	3,0	5,9	7,0
11,69	47,61	3,0	5,9	7,0
11,72	47,70	3,0	5,9	7,0
11,74	47,74	3,0	5,9	7,0
11,77	47,80	3,0	5,9	7,0
11,79	47,91	3,0	5,9	7,0
11,81	47,98	3,0	5,9	7,0
11,84	48,01	3,0	5,9	7,0
11,86	48,10	3,0	5,9	7,0
11,89	48,22	3,0	5,9	7,0
11,91	48,31	3,0	5,9	7,0
11,94	48,35	3,0	5,9	7,0
11,96	48,42	3,0	5,9	7,0
11,99	48,53	3,0	5,9	7,0
12,01	48,59	3,0	5,9	7,0
12,03	48,62	3,0	5,9	7,0
12,06	48,71	3,0	5,9	7,0
12,08	48,78	3,0	5,9	7,0
12,11	48,87	3,0	5,9	7,0
12,13	48,95	3,0	5,9	7,0
12,16	49,04	3,0	5,9	7,0
12,18	49,12	3,0	5,9	7,0
12,21	49,22	3,0	5,9	7,0
12,23	49,27	3,0	5,9	7,0
12,25	49,34	3,0	5,9	7,0
12,28	49,41	3,0	5,9	7,0
12,30	49,50	3,0	5,9	7,0
12,33	49,54	3,0	5,9	7,0
12,35	49,59	3,0	5,9	7,0
12,38	49,67	3,0	5,9	7,0
12,40	49,74	3,0	5,9	7,0
12,42	49,75	3,0	5,9	7,0
12,45	49,83	3,0	5,9	7,0
12,47	49,88	3,0	5,9	7,0
12,50	49,88	3,0	5,9	7,0
12,52	49,88	3,0	5,9	7,0
12,55	49,93	3,0	5,9	7,0
12,57	49,95	3,0	5,9	7,0
12,60	49,95	3,0	5,9	7,0
12,62	49,95	3,0	5,9	7,0
12,64	49,98	3,0	5,9	7,0
12,67	49,98	3,0	5,9	7,0
12,69	49,98	3,0	5,9	7,0
12,72	49,98	3,0	5,9	7,0
12,74	49,99	3,0	5,9	7,0
12,77	49,99	3,0	5,9	7,0
12,79	49,99	3,0	5,9	7,0
12,82	49,99	3,0	5,9	7,0
12,84	49,99	3,0	5,9	7,0
12,86	49,99	3,0	5,9	7,0
12,89	49,99	3,0	5,9	7,0
12,91	49,99	3,0	5,9	7,0
12,94	49,99	3,0	5,9	7,0
12,96	49,99	3,0	5,9	7,0
12,99	49,99	3,0	5,9	7,0
13,01	49,99	3,0	5,9	7,0
13,04	49,99	3,0	5,9	7,0
13,06	49,99	3,0	5,9	7,0
13,08	49,99	3,0	5,9	7,0
13,11	49,99	3,0	5,9	7,0
13,13	49,99	3,0	5,9	7,0
13,16	49,99	3,0	5,9	7,0
13,18	49,99	3,0	5,9	7,0
13,21	49,99	3,0	5,9	7,0
13,23	49,99	3,0	5,9	7,0
13,26	49,99	3,0	5,9	7,0
13,28	49,99	3,0	5,9	7,0
13,30	49,99	3,0	5,9	7,0
13,33	49,99	3,0	5,9	7,0
13,35	49,99	3,0	5,9	7,0
13,38	49,99	3,0	5,9	7,0
13,40	49,99	3,0	5,9	7,0
13,43	49,99	3,0	5,9	7,0
13,45	49,99	3,0	5,9	7,0
13,47	49,99	3,0	5,9	7,0
13,50	49,99	3,0	5,9	7,0
13,52	49,99	3,0	5,9	7,0
13,55	49,99	3,0	5,9	7,0
13,57	49,99	3,0	5,9	7,0
13,60	49,99	3,0	5,9	7,0
13,62	49,95	3,0	5,9	7,0
13,65	49,92	3,0	5,9	7,0
13,67	49,89	3,0	5,9	7,0
13,69	49,89	3,0	5,9	7,0
13,72	46,93	3,0	5,9	7,0
13,74	43,62	3,0	5,9	7,0
13,77	40,31	3,0	5,9	7,0
13,79	37,03	3,0	5,9	7,0
13,82	33,76	3,0	5,9	7,0
13,84	30,48	3,0	5,9	7,0
13,87	27,25	3,0	5,9	7,0
13,89	24,06	3,0	5,9	7,0
13,91	20,88	3,0	5,9	7,0
13,94	17,67	3,0	5,9	7,0
13,96	14,51	3,0	5,9	7,0
13,99	11,44	3,0	5,9	7,0
14,01	8,34	3,0	5,9	7,0
14,04	5,22	3,0	5,9	7,0
14,06	2,13	3,0	5,9	7,0
14,09	2,05	3,0	5,9	7,0
14,11	2,30	3,0	5,9	7,0
14,13	2,54	3,0	5,9	7,0
14,16	2,79	3,0	5,9	7,0
14,18	3,09	3,0	5,9	7,0
14,21	3,37	3,0	5,9	7,0
14,23	3,61	3,0	5,9	7,0
14,26	3,84	3,0	5,9	7,0
14,28	4,12	3,0	5,9	7,0
14,31	4,40	3,0	5,9	7,0
14,33	4,61	3,0	5,9	7,0
14,35	4,85	3,0	5,9	7,0
14,38	5,13	3,0	5,9	7,0
14,40	5,40	3,0	5,9	7,0
14,43	5,61	3,0	5,9	7,0
14,45	5,84	3,0	5,9	7,0
14,48	6,11	3,0	5,9	7,0
14,50	6,37	3,0	5,9	7,0
14,52	6,64	3,0	5,9	7,0
14,55	6,90	3,0	5,9	7,0
14,57	7,14	3,0	5,9	7,0
14,60	7,38	3,0	5,9	7,0
14,62	7,65	3,0	5,9	7,0
14,65	7,90	3,0	5,9	7,0
14,67	8,13	3,0	5,9	7,0
14,70	8,38	3,0	5,9	7,0
14,72	8,63	3,0	5,9	7,0
14,74	8,88	3,0	5,9	7,0
14,77	9,12	3,0	5,9	7,0
14,79	9,37	3,0	5,9	7,0
14,82	9,64	3,0	5,9	7,0
14,84	9,90	3,0	5,9	7,0
14,87	10,16	3,0	5,9	7,0
14,89	10,36	3,0	5,9	7,0
14,92	10,59	3,0	5,9	7,0
14,94	10,89	3,0	5,9	7,0
14,96	11,17	3,0	5,9	7,0
14,99	11,37	3,0	5,9	7,0
15,01	11,60	3,0	5,9	7,0
15,04	11,90	3,0	5,9	7,0
15,06	12,18	3,0	5,9	7,0
15,09	12,41	3,0	5,9	7,0
15,11	12,67	3,0	5,9	7,0
15,14	13,00	3,0	5,9	7,0
15,16	13,29	3,0	5,9	7,0
15,18	13,54	3,0	5,9	7,0
15,21	13,82	3,0	5,9	7,0
15,23	14,17	3,0	5,9	7,0
15,26	14,50	3,0	5,9	7,0
15,28	14,79	3,0	5,9	7,0
15,31	15,11	3,0	5,9	7,0
15,33	15,47	3,0	5,9	7,0
15,36	15,81	3,0	5,9	7,0
15,38	16,15	3,0	5,9	7,0
15,40	16,52	3,0	5,9	7,0
15,43	16,99	3,0	5,9	7,0
15,45	17,40	3,0	5,9	7,0
15,48	17,83	3,0	5,9	7,0
15,50	18,32	3,0	5,9	7,0
15,53	18,95	3,0	5,9	7,0
15,55	19,52	3,0	5,9	7,0
15,57	20,16	3,0	5,9	7,0
15,60	20,84	3,0	5,9	7,0
15,62	21,70	3,0	5,9	7,0
15,65	22,49	3,0	5,9	7,0
15,67	23,31	3,0	5,9	7,0
15,70	24,27	3,0	5,9	7,0
15,72	25,43	3,0	5,9	7,0
15,75	26,53	3,0	5,9	7,0
15,77	27,79	3,0	5,9	7,0
15,79	29,19	3,0	5,9	7,0
15,82	30,87	3,0	5,9	7,0
15,84	32,53	3,0	5,9	7,0
15,87	34,34	3,0	5,9	7,0
15,89	36,05	3,0	5,9	7,0
15,92	37,78	3,0	5,9	7,0
15,94	39,38	3,0	5,9	7,0
15,97	40,91	3,0	5,9	7,0
15,99	42,28	3,0	5,9	7,0
16,01	43,68	3,0	5,9	7,0
16,04	44,99	3,0	5,9	7,0
16,06	46,16	3,0	5,9	7,0
16,09	47,14	3,0	5,9	7,0
16,11	48,12	3,0	5,9	7,0
16,14	48,87	3,0	5,9	7,0
16,16	49,44	3,0	5,9	7,0
16,19	49,74	3,0	5,9	7,0
16,21	49,99	3,0	5,9	7,0
16,23	49,99	3,0	5,9	7,0
16,26	49,99	3,0	5,9	7,0
16,28	49,99	3,0	5,9	7,0
16,31	49,99	3,0	5,9	7,0
16,33	49,99	3,0	5,9	7,0
16,36	49,99	3,0	5,9	7,0
16,38	49,99	3,0	5,9	7,0
16,41	49,99	3,0	5,9	7,0
16,43	49,99	3,0	5,9	7,0
16,45	49,99	3,0	5,9	7,0
16,48	49,99	3,0	5,9	7,0
16,50	49,99	3,0	5,9	7,0
16,53	49,99	3,0	5,9	7,0
16,55	49,99	3,0	5,9	7,0
16,58	49,99	3,0	5,9	7,0
16,60	49,99	3,0	5,9	7,0
16,63	49,99	3,0	5,9	7,0
16,65	49,99	3,0	5,9	7,0
16,67	49,99	3,0	5,9	7,0
16,70	49,99	3,0	5,9	7,0
16,72	49,99	3,0	5,9	7,0
16,75	49,99	3,0	5,9	7,0
16,77	49,99	3,0	5,9	7,0
16,80	49,99	3,0	5,9	7,0
16,82	49,99	3,0	5,9	7,0
16,84	49,99	3,0	5,9	7,0
16,87	49,99	3,0	5,9	7,0
16,89	49,99	3,0	5,9	7,0
16,92	49,99	3,0	5,9	7,0
16,94	49,99	3,0	5,9	7,0
16,97	49,99	3,0	5,9	7,0
16,99	49,99	3,0	5,9	7,0
17,02	49,99	3,0	5,9	7,0
17,04	49,99	3,0	5,9	7,0
17,06	49,99	3,0	5,9	7,0
17,09	49,99	3,0	5,9	7,0
17,11	49,99	3,0	5,9	7,0
17,14	49,99	3,0	5,9	7,0
17,16	49,99	3,0	5,9	7,0
17,19	49,99	3,0	5,9	7,0
17,21	49,99	3,0	5,9	7,0
17,24	49,99	3,0	5,9	7,0
17,26	49,99	3,0	5,9	7,0
17,28	49,99	3,0	5,9	7,0
17,31	49,99	3,0	5,9	7,0
17,33	49,99	3,0	5,9	7,0
17,36	49,99	3,0	5,9	7,0
17,38	49,99	3,0	5,9	7,0
17,41	49,99	3,0	5,9	7,0
17,43	49,99	3,0	5,9	7,0
17,46	49,99	3,0	5,9	7,0
17,48	49,99	3,0	5,9	7,0
17,50	49,99	3,0	5,9	7,0
17,53	49,99	3,0	5,9	7,0
17,55	49,99	3,0	5,9	7,0
17,58	49,99	3,0	5,9	7,0
17,60	49,99	3,0	5,9	7,0
17,63	49,99	3,0	5,9	7,0
17,65	49,99	3,0	5,9	7,0
17,68	49,99	3,0	5,9	7,0
17,70	49,99	3,0	5,9	7,0
17,72	49,99	3,0	5,9	7,0
17,75	49,99	3,0	5,9	7,0
17,77	49,99	3,0	5,9	7,0
17,80	49,99	3,0	5,9	7,0
17,82	49,99	3,0	5,9	7,0
17,85	49,99	3,0	5,9	7,0
17,87	49,99	3,0	5,9	7,0
17,89	49,99	3,0	5,9	7,0
17,92	49,99	3,0	5,9	7,0
17,94	49,99	3,0	5,9	7,0
17,97	49,99	3,0	5,9	7,0
17,99	49,99	3,0	5,9	7,0
18,02	49,99	3,0	5,9	7,0
18,04	49,99	3,0	5,9	7,0
18,07	49,99	3,0	5,9	7,0
18,09	49,99	3,0	5,9	7,0
18,11	49,99	3,0	5,9	7,0
18,14	49,99	3,0	5,9	7,0
18,16	49,99	3,0	5,9	7,0
18,19	49,99	3,0	5,9	7,0
18,21	49,99	3,0	5,9	7,0
18,24	49,99	3,0	5,9	7,0
18,26	49,99	3,0	5,9	7,0
18,29	49,99	3,0	5,9	7,0
18,31	49,99	3,0	5,9	7,0
18,33	49,99	3,0	5,9	7,0
18,36	49,99	3,0	5,9	7,0
18,38	49,99	3,0	5,9	7,0
18,41	49,99	3,0	5,9	7,0
18,43	49,99	3,0	5,9	7,0
18,46	49,99	3,0	5,9	7,0
18,48	49,99	3,0	5,9	7,0
18,51	49,99	3,0	5,9	7,0
18,53	49,99	3,0	5,9	7,0
18,55	49,99	3,0	5,9	7,0
18,58	49,99	3,0	5,9	7,0
18,60	49,99	3,0	5,9	7,0
18,63	49,99	3,0	5,9	7,0
18,65	49,99	3,0	5,9	7,0
18,68	49,99	3,0	5,9	7,0
18,70	49,99	3,0	5,9	7,0
18,73	49,99	3,0	5,9	7,0
18,75	49,99	3,0	5,9	7,0
18,77	49,99	3,0	5,9	7,0
18,80	49,99	3,0	5,9	7,0
18,82	49,99	3,0	5,9	7,0
18,85	49,99	3,0	5,9	7,0
18,87	49,99	3,0	5,9	7,0
18,90	49,99	3,0	5,9	7,0
18,92	49,99	3,0	5,9	7,0
18,94	49,99	3,0	5,9	7,0
18,97	49,99	3,0	5,9	7,0
18,99	49,99	3,0	5,9	7,0
19,02	49,99	3,0	5,9	7,0
19,04	49,99	3,0	5,9	7,0
19,07	49,99	3,0	5,9	7,0
19,09	49,99	3,0	5,9	7,0
19,12	49,99	3,0	5,9	7,0
19,14	49,99	3,0	5,9	7,0
19,16	49,99	3,0	5,9	7,0
19,19	49,99	3,0	5,9	7,0
19,21	49,99	3,0	5,9	7,0
19,24	49,99	3,0	5,9	7,0
19,26	49,99	3,0	5,9	7,0
19,29	49,99	3,0	5,9	7,0
19,31	49,99	3,0	5,9	7,0
19,34	49,99	3,0	5,9	7,0
19,36	49,99	3,0	5,9	7,0
19,38	49,99	3,0	5,9	7,0
19,41	49,99	3,0	5,9	7,0
19,43	49,99	3,0	5,9	7,0
19,46	49,99	3,0	5,9	7,0
19,48	49,99	3,0	5,9	7,0
19,51	49,99	3,0	5,9	7,0
19,53	49,99	3,0	5,9	7,0
19,56	49,99	3,0	5,9	7,0
19,58	49,99	3,0	5,9	7,0
19,60	49,99	3,0	5,9	7,0
19,63	49,99	3,0	5,9	7,0
19,65	49,99	3,0	5,9	7,0
19,68	49,99	3,0	5,9	7,0
19,70	49,99	3,0	5,9	7,0
19,73	49,99	3,0	5,9	7,0
19,75	49,99	3,0	5,9	7,0
19,78	49,99	3,0	5,9	7,0
19,80	49,99	3,0	5,9	7,0
19,82	49,99	3,0	5,9	7,0
19,85	49,99	3,0	5,9	7,0
19,87	49,99	3,0	5,9	7,0
19,90	49,99	3,0	5,9	7,0
19,92	49,99	3,0	5,9	7,0
19,95	49,99	3,0	5,9	7,0
19,97	49,99	3,0	5,9	7,0
19,99	49,99	3,0	5,9	7,0
20,02	49,99	3,0	5,9	7,0
20,04	49,99	3,0	5,9	7,0
20,07	49,99	3,0	5,9	7,0
20,09	49,99	3,0	5,9	7,0
20,12	49,99	3,0	5,9	7,0
20,14	49,99	3,0	5,9	7,0
20,17	49,99	3,0	5,9	7,0
20,19	49,99	3,0	5,9	7,0
20,21	49,99	3,0	5,9	7,0
20,24	49,99	3,0	5,9	7,0
20,26	49,99	3,0	5,9	7,0
20,29	49,99	3,0	5,9	7,0
20,31	49,99	3,0	5,9	7,0
20,34	49,99	3,0	5,9	7,0
20,36	49,99	3,0	5,9	7,0
20,39	49,99	3,0	5,9	7,0
20,41	49,99	3,0	5,9	7,0
20,43	49,99	3,0	5,9	7,0
20,46	49,99	3,0	5,9	7,0
20,48	49,99	3,0	5,9	7,0
20,51	49,99	3,0	5,9	7,0
20,53	49,99	3,0	5,9	7,0
20,56	49,99	3,0	5,9	7,0
20,58	49,99	3,0	5,9	7,0
20,61	49,99	3,0	5,9	7,0
20,63	49,99	3,0	5,9	7,0
20,65	49,99	3,0	5,9	7,0
20,68	49,99	3,0	5,9	7,0
20,70	49,99	3,0	5,9	7,0
20,73	49,99	3,0	5,9	7,0
20,75	49,99	3,0	5,9	7,0
20,78	49,99	3,0	5,9	7,0
20,80	49,99	3,0	5,9	7,0
20,83	49,99	3,0	5,9	7,0
20,85	49,99	3,0	5,9	7,0
20,87	49,99	3,0	5,9	7,0
20,90	49,99	3,0	5,9	7,0
20,92	49,99	3,0	5,9	7,0
20,95	49,99	3,0	5,9	7,0
20,97	49,99	3,0	5,9	7,0
21,00	49,99	3,0	5,9	7,0
21,02	49,99	3,0	5,9	7,0
21,05	49,99	3,0	5,9	7,0
21,07	49,99	3,0	5,9	7,0
21,09	49,99	3,0	5,9	7,0
21,12	49,99	3,0	5,9	7,0
21,14	49,99	3,0	5,9	7,0
21,17	49,99	3,0	5,9	7,0
21,19	49,99	3,0	5,9	7,0
21,22	49,99	3,0	5,9	7,0
21,24	49,99	3,0	5,9	7,0
21,26	49,99	3,0	5,9	7,0
21,29	49,99	3,0	5,9	7,0
21,31	49,99	3,0	5,9	7,0
21,34	49,99	3,0	5,9	7,0
21,36	49,99	3,0	5,9	7,0
21,39	49,99	3,0	5,9	7,0
21,41	49,99	3,0	5,9	7,0
21,44	49,99	3,0	5,9	7,0
21,46	49,99	3,0	5,9	7,0
21,48	49,99	3,0	5,9	7,0
21,51	49,99	3,0	5,9	7,0
21,53	49,99	3,0	5,9	7,0
21,56	49,99	3,0	5,9	7,0
21,58	49,99	3,0	5,9	7,0
21,61	49,99	3,0	5,9	7,0
21,63	49,99	3,0	5,9	7,0
21,66	49,99	3,0	5,9	7,0
21,68	49,99	3,0	5,9	7,0
21,70	49,99	3,0	5,9	7,0
21,73	49,99	3,0	5,9	7,0
21,75	49,99	3,0	5,9	7,0
21,78	49,99	3,0	5,9	7,0
21,80	49,99	3,0	5,9	7,0
21,83	49,99	3,0	5,9	7,0
21,85	49,99	3,0	5,9	7,0
21,88	49,99	3,0	5,9	7,0
21,90	49,99	3,0	5,9	7,0
21,92	49,99	3,0	5,9	7,0
21,95	49,99	3,0	5,9	7,0
21,97	49,99	3,0	5,9	7,0
22,00	49,99	3,0	5,9	7,0
22,02	49,99	3,0	5,9	7,0
22,05	49,99	3,0	5,9	7,0
22,07	49,99	3,0	5,9	7,0
22,10	49,99	3,0	5,9	7,0
22,12	49,99	3,0	5,9	7,0
22,14	49,99	3,0	5,9	7,0
22,17	49,99	3,0	5,9	7,0
22,19	49,99	3,0	5,9	7,0
22,22	49,99	3,0	5,9	7,0
22,24	49,99	3,0	5,9	7,0
22,27	49,99	3,0	5,9	7,0
22,29	49,99	3,0	5,9	7,0
22,31	49,99	3,0	5,9	7,0
22,34	49,99	3,0	5,9	7,0
22,36	49,99	3,0	5,9	7,0
22,39	49,99	3,0	5,9	7,0
22,41	49,99	3,0	5,9	7,0
22,44	49,99	3,0	5,9	7,0
22,46	49,99	3,0	5,9	7,0
22,49	49,99	3,0	5,9	7,0
22,51	49,99	3,0	5,9	7,0
22,53	49,99	3,0	5,9	7,0
22,56	49,99	3,0	5,9	7,0
22,58	49,99	3,0	5,9	7,0
22,61	49,99	3,0	5,9	7,0
22,63	49,99	3,0	5,9	7,0
22,66	49,99	3,0	5,9	7,0
22,68	49,99	3,0	5,9	7,0
22,71	49,99	3,0	5,9	7,0
22,73	49,99	3,0	5,9	7,0
22,75	49,99	3,0	5,9	7,0
22,78	49,99	3,0	5,9	7,0
22,80	49,99	3,0	5,9	7,0
22,83	49,99	3,0	5,9	7,0
22,85	49,99	3,0	5,9	7,0
22,88	49,99	3,0	5,9	7,0
22,90	49,99	3,0	5,9	7,0
22,93	49,99	3,0	5,9	7,0
22,95	49,99	3,0	5,9	7,0
22,97	49,99	3,0	5,9	7,0
23,00	49,99	3,0	5,9	7,0
23,02	49,99	3,0	5,9	7,0
23,05	49,99	3,0	5,9	7,0
23,07	49,99	3,0	5,9	7,0
23,10	49,99	3,0	5,9	7,0
23,12	49,99	3,0	5,9	7,0
23,15	49,99	3,0	5,9	7,0
23,17	49,99	3,0	5,9	7,0
23,19	49,99	3,0	5,9	7,0
23,22	49,99	3,0	5,9	7,0
23,24	49,99	3,0	5,9	7,0
23,27	49,99	3,0	5,9	7,0
23,29	49,99	3,0	5,9	7,0
23,32	49,99	3,0	5,9	7,0
23,34	49,99	3,0	5,9	7,0
23,36	49,99	3,0	5,9	7,0
23,39	49,99	3,0	5,9	7,0
23,41	49,99	3,0	5,9	7,0
23,44	49,99	3,0	5,9	7,0
23,46	49,99	3,0	5,9	7,0
23,49	49,99	3,0	5,9	7,0
23,51	49,99	3,0	5,9	7,0
23,54	49,99	3,0	5,9	7,0
23,56	49,99	3,0	5,9	7,0
23,58	49,99	3,0	5,9	7,0
23,61	49,99	3,0	5,9	7,0
23,63	49,99	3,0	5,9	7,0
23,66	49,99	3,0	5,9	7,0
23,68	49,99	3,0	5,9	7,0
23,71	49,99	3,0	5,9	7,0
23,73	49,99	3,0	5,9	7,0
23,76	49,99	3,0	5,9	7,0
23,78	49,99	3,0	5,9	7,0
23,80	49,99	3,0	5,9	7,0
23,83	49,99	3,0	5,9	7,0
23,85	49,99	3,0	5,9	7,0
23,88	49,99	3,0	5,9	7,0
23,90	49,99	3,0	5,9	7,0
23,93	49,99	3,0	5,9	7,0
23,95	49,99	3,0	5,9	7,0
23,98	49,99	3,0	5,9	7,0
24,00	49,99	3,0	5,9	7,0
24,02	49,99	3,0	5,9	7,0
24,05	49,99	3,0	5,9	7,0
24,07	49,99	3,0	5,9	7,0
24,10	49,99	3,0	5,9	7,0
24,12	49,99	3,0	5,9	7,0
24,15	49,99	3,0	5,9	7,0
24,17	49,99	3,0	5,9	7,0
24,20	49,99	3,0	5,9	7,0
24,22	49,99	3,0	5,9	7,0
24,24	49,99	3,0	5,9	7,0
24,27	49,99	3,0	5,9	7,0
24,29	49,99	3,0	5,9	7,0
24,32	49,99	3,0	5,9	7,0
24,34	49,99	3,0	5,9	7,0
24,37	49,99	3,0	5,9	7,0
24,39	49,99	3,0	5,9	7,0
24,42	49,99	3,0	5,9	7,0
24,44	49,99	3,0	5,9	7,0
24,46	49,99	3,0	5,9	7,0
24,49	49,99	3,0	5,9	7,0
24,51	49,99	3,0	5,9	7,0
24,54	49,99	3,0	5,9	7,0
24,56	49,99	3,0	5,9	7,0
24,59	49,99	3,0	5,9	7,0
24,61	49,99	3,0	5,9	7,0
24,63	49,99	3,0	5,9	7,0
24,66	49,99	3,0	5,9	7,0
24,68	49,99	3,0	5,9	7,0
24,71	49,99	3,0	5,9	7,0
24,73	49,99	3,0	5,9	7,0
24,76	49,99	3,0	5,9	7,0
24,78	49,99	3,0	5,9	7,0
24,81	49,99	3,0	5,9	7,0
24,83	49,99	3,0	5,9	7,0
24,85	49,99	3,0	5,9	7,0
24,88	49,99	3,0	5,9	7,0
24,90	49,99	3,0	5,9	7,0
24,93	49,99	3,0	5,9	7,0
24,95	49,99	3,0	5,9	7,0
24,98	49,99	3,0	5,9	7,0
25,00	49,99	3,0	5,9	7,0
25,03	49,99	3,0	5,9	7,0
25,05	49,99	3,0	5,9	7,0
25,07	49,99	3,0	5,9	7,0
25,10	49,99	3,0	5,9	7,0
25,12	49,99	3,0	5,9	7,0
25,15	49,99	3,0	5,9	7,0
25,17	49,99	3,0	5,9	7,0
25,20	49,99	3,0	5,9	7,0
25,22	49,99	3,0	5,9	7,0
25,25	49,99	3,0	5,9	7,0
25,27	49,99	3,0	5,9	7,0
25,29	49,99	3,0	5,9	7,0
25,32	49,99	3,0	5,9	7,0
25,34	49,99	3,0	5,9	7,0
25,37	49,99	3,0	5,9	7,0
25,39	49,99	3,0	5,9	7,0
25,42	49,99	3,0	5,9	7,0
25,44	49,99	3,0	5,9	7,0
25,47	49,99	3,0	5,9	7,0
25,49	49,99	3,0	5,9	7,0
25,51	49,99	3,0	5,9	7,0
25,54	49,99	3,0	5,9	7,0
25,56	49,99	3,0	5,9	7,0
25,59	49,99	3,0	5,9	7,0
25,61	49,99	3,0	5,9	7,0
25,64	49,99	3,0	5,9	7,0
25,66	49,99	3,0	5,9	7,0
25,68	49,99	3,0	5,9	7,0
25,71	49,99	3,0	5,9	7,0
25,73	49,99	3,0	5,9	7,0
25,76	49,99	3,0	5,9	7,0
25,78	49,99	3,0	5,9	7,0
25,81	49,99	3,0	5,9	7,0
25,83	49,99	3,0	5,9	7,0
25,86	49,99	3,0	5,9	7,0
25,88	49,99	3,0	5,9	7,0
25,90	49,99	3,0	5,9	7,0
25,93	49,99	3,0	5,9	7,0
25,95	49,99	3,0	5,9	7,0
25,98	49,99	3,0	5,9	7,0
26,00	49,99	3,0	5,9	7,0
26,03	49,99	3,0	5,9	7,0
26,05	49,99	3,0	5,9	7,0
26,08	49,99	3,0	5,9	7,0
26,10	49,99	3,0	5,9	7,0
26,12	49,99	3,0	5,9	7,0
26,15	49,99	3,0	5,9	7,0
26,17	49,99	3,0	5,9	7,0
26,20	49,99	3,0	5,9	7,0
26,22	49,99	3,0	5,9	7,0
26,25	49,99	3,0	5,9	7,0
26,27	49,99	3,0	5,9	7,0
26,30	49,99	3,0	5,9	7,0
26,32	49,99	3,0	5,9	7,0
26,34	49,99	3,0	5,9	7,0
26,37	49,99	3,0	5,9	7,0
26,39	49,99	3,0	5,9	7,0
26,42	49,99	3,0	5,9	7,0
26,44	49,99	3,0	5,9	7,0
26,47	49,99	3,0	5,9	7,0
26,49	49,99	3,0	5,9	7,0
26,52	49,99	3,0	5,9	7,0
26,54	49,99	3,0	5,9	7,0
26,56	49,99	3,0	5,9	7,0
26,59	49,99	3,0	5,9	7,0
26,61	49,99	3,0	5,9	7,0
26,64	49,99	3,0	5,9	7,0
26,66	49,99	3,0	5,9	7,0
26,69	49,99	3,0	5,9	7,0
26,71	49,99	3,0	5,9	7,0
26,73	49,99	3,0	5,9	7,0
26,76	49,99	3,0	5,9	7,0
26,78	49,99	3,0	5,9	7,0
26,81	49,99	3,0	5,9	7,0
26,83	49,99	3,0	5,9	7,0
26,86	49,99	3,0	5,9	7,0
26,88	49,99	3,0	5,9	7,0
26,91	49,99	3,0	5,9	7,0
26,93	49,99	3,0	5,9	7,0
26,95	49,99	3,0	5,9	7,0
26,98	49,99	3,0	5,9	7,0
27,00	49,99	3,0	5,9	7,0
27,03	49,99	3,0	5,9	7,0
27,05	49,99	3,0	5,9	7,0
27,08	49,99	3,0	5,9	7,0
27,10	49,99	3,0	5,9	7,0
27,13	49,99	3,0	5,9	7,0
27,15	49,99	3,0	5,9	7,0
27,17	49,99	3,0	5,9	7,0
27,20	49,99	3,0	5,9	7,0
27,22	49,99	3,0	5,9	7,0
27,25	49,99	3,0	5,9	7,0
27,27	49,99	3,0	5,9	7,0
27,30	49,99	3,0	5,9	7,0
27,32	49,99	3,0	5,9	7,0
27,35	49,99	3,0	5,9	7,0
27,37	49,99	3,0	5,9	7,0
27,39	49,99	3,0	5,9	7,0
27,42	49,99	3,0	5,9	7,0
27,44	49,99	3,0	5,9	7,0
27,47	49,99	3,0	5,9	7,0
27,49	49,99	3,0	5,9	7,0
27,52	49,99	3,0	5,9	7,0
27,54	49,99	3,0	5,9	7,0
27,57	49,99	3,0	5,9	7,0
27,59	49,99	3,0	5,9	7,0
27,61	49,99	3,0	5,9	7,0
27,64	49,99	3,0	5,9	7,0
27,66	49,99	3,0	5,9	7,0
27,69	49,99	3,0	5,9	7,0
27,71	49,99	3,0	5,9	7,0
27,74	49,99	3,0	5,9	7,0
27,76	49,99	3,0	5,9	7,0
27,78	49,99	3,0	5,9	7,0
27,81	49,99	3,0	5,9	7,0
27,83	49,99	3,0	5,9	7,0
27,86	49,99	3,0	5,9	7,0
27,88	49,99	3,0	5,9	7,0
27,91	49,99	3,0	5,9	7,0
27,93	49,99	3,0	5,9	7,0
27,96	49,99	3,0	5,9	7,0
27,98	49,99	3,0	5,9	7,0
28,00	49,99	3,0	5,9	7,0
28,03	49,99	3,0	5,9	7,0
28,05	49,99	3,0	5,9	7,0
28,08	49,99	3,0	5,9	7,0
28,10	49,99	3,0	5,9	7,0
28,13	49,99	3,0	5,9	7,0
28,15	49,99	3,0	5,9	7,0
28,18	49,99	3,0	5,9	7,0
28,20	49,99	3,0	5,9	7,0
28,22	49,99	3,0	5,9	7,0
28,25	49,99	3,0	5,9	7,0
28,27	49,99	3,0	5,9	7,0
28,30	49,99	3,0	5,9	7,0
28,32	49,99	3,0	5,9	7,0
28,35	49,99	3,0	5,9	7,0
28,37	49,99	3,0	5,9	7,0
28,40	49,99	3,0	5,9	7,0
28,42	49,99	3,0	5,9	7,0
28,44	49,99	3,0	5,9	7,0
28,47	49,99	3,0	5,9	7,0
28,49	49,99	3,0	5,9	7,0
28,52	49,99	3,0	5,9	7,0
28,54	49,99	3,0	5,9	7,0
28,57	49,99	3,0	5,9	7,0
28,59	49,99	3,0	5,9	7,0
28,62	49,99	3,0	5,9	7,0
28,64	49,99	3,0	5,9	7,0
28,66	49,99	3,0	5,9	7,0
28,69	49,99	3,0	5,9	7,0
28,71	49,99	3,0	5,9	7,0
28,74	49,99	3,0	5,9	7,0
28,76	49,99	3,0	5,9	7,0
28,79	49,99	3,0	5,9	7,0
28,81	49,99	3,0	5,9	7,0
28,84	49,99	3,0	5,9	7,0
28,86	49,99	3,0	5,9	7,0
28,88	49,99	3,0	5,9	7,0
28,91	49,99	3,0	5,9	7,0
28,93	49,99	3,0	5,9	7,0
28,96	49,99	3,0	5,9	7,0
28,98	49,99	3,0	5,9	7,0
29,01	49,99	3,0	5,9	7,0
29,03	49,99	3,0	5,9	7,0
29,05	49,99	3,0	5,9	7,0
29,08	49,99	3,0	5,9	7,0
29,10	49,99	3,0	5,9	7,0
29,13	49,99	3,0	5,9	7,0
29,15	49,99	3,0	5,9	7,0
29,18	49,99	3,0	5,9	7,0
29,20	49,99	3,0	5,9	7,0
29,23	49,99	3,0	5,9	7,0
29,25	49,99	3,0	5,9	7,0
29,27	49,99	3,0	5,9	7,0
29,30	49,99	3,0	5,9	7,0
29,32	49,99	3,0	5,9	7,0
29,35	49,99	3,0	5,9	7,0
29,37	49,99	3,0	5,9	7,0
29,40	49,99	3,0	5,9	7,0
29,42	49,99	3,0	5,9	7,0
29,45	49,99	3,0	5,9	7,0
29,47	49,99	3,0	5,9	7,0
29,49	49,99	3,0	5,9	7,0
29,52	49,99	3,0	5,9	7,0
29,54	49,99	3,0	5,9	7,0
29,57	49,99	3,0	5,9	7,0
29,59	49,99	3,0	5,9	7,0
29,62	49,99	3,0	5,9	7,0
29,64	49,99	3,0	5,9	7,0
29,67	49,99	3,0	5,9	7,0
29,69	49,99	3,0	5,9	7,0
29,71	49,99	3,0	5,9	7,0
29,74	49,99	3,0	5,9	7,0
29,76	49,99	3,0	5,9	7,0
29,79	49,99	3,0	5,9	7,0
29,81	49,99	3,0	5,9	7,0
29,84	49,99	3,0	5,9	7,0
29,86	49,99	3,0	5,9	7,0
29,89	49,99	3,0	5,9	7,0
29,91	49,99	3,0	5,9	7,0
29,93	49,99	3,0	5,9	7,0
29,96	49,99	3,0	5,9	7,0
29,98	49,99	3,0	5,9	7,0
30,01	49,99	3,0	5,9	7,0
30,03	49,99	3,0	5,9	7,0
30,06	49,99	3,0	5,9	7,0
30,08	49,99	3,0	5,9	7,0
30,10	49,99	3,0	5,9	7,0
30,13	49,99	3,0	5,9	7,0
30,15	49,99	3,0	5,9	7,0
30,18	49,99	3,0	5,9	7,0
30,20	49,99	3,0	5,9	7,0
30,23	49,99	3,0	5,9	7,0
30,25	49,99	3,0	5,9	7,0
30,28	49,99	3,0	5,9	7,0
30,30	49,99	3,0	5,9	7,0
30,32	49,99	3,0	5,9	7,0
30,35	49,99	3,0	5,9	7,0
30,37	49,99	3,0	5,9	7,0
30,40	49,99	3,0	5,9	7,0
30,42	49,99	3,0	5,9	7,0
30,45	49,99	3,0	5,9	7,0
30,47	49,99	3,0	5,9	7,0
30,50	49,99	3,0	5,9	7,0
30,52	49,99	3,0	5,9	7,0
30,54	49,99	3,0	5,9	7,0
30,57	49,99	3,0	5,9	7,0
30,59	49,99	3,0	5,9	7,0
30,62	49,99	3,0	5,9	7,0
30,64	49,99	3,0	5,9	7,0
30,67	49,99	3,0	5,9	7,0
30,69	49,99	3,0	5,9	7,0
30,72	49,99	3,0	5,9	7,0
30,74	49,99	3,0	5,9	7,0
30,76	49,99	3,0	5,9	7,0
30,79	49,99	3,0	5,9	7,0
30,81	49,99	3,0	5,9	7,0
30,84	49,99	3,0	5,9	7,0
30,86	49,99	3,0	5,9	7,0
30,89	49,99	3,0	5,9	7,0
30,91	49,99	3,0	5,9	7,0
30,94	49,99	3,0	5,9	7,0
30,96	49,99	3,0	5,9	7,0
30,98	49,99	3,0	5,9	7,0
31,01	49,99	3,0	5,9	7,0
31,03	49,99	3,0	5,9	7,0
31,06	49,99	3,0	5,9	7,0
31,08	49,99	3,0	5,9	7,0
31,11	49,99	3,0	5,9	7,0
31,13	49,99	3,0	5,9	7,0
31,15	49,99	3,0	5,9	7,0
31,18	49,99	3,0	5,9	7,0
31,20	49,99	3,0	5,9	7,0
31,23	49,99	3,0	5,9	7,0
31,25	49,99	3,0	5,9	7,0
31,28	49,99	3,0	5,9	7,0
31,30	49,99	3,0	5,9	7,0
31,33	49,99	3,0	5,9	7,0
31,35	49,99	3,0	5,9	7,0
31,37	49,99	3,0	5,9	7,0
31,40	49,99	3,0	5,9	7,0
31,42	49,99	3,0	5,9	7,0
31,45	49,99	3,0	5,9	7,0
31,47	49,99	3,0	5,9	7,0
31,50	49,99	3,0	5,9	7,0
31,52	49,99	3,0	5,9	7,0
31,55	49,99	3,0	5,9	7,0
31,57	49,99	3,0	5,9	7,0
31,59	49,99	3,0	5,9	7,0
31,62	49,99	3,0	5,9	7,0
31,64	49,99	3,0	5,9	7,0
31,67	49,99	3,0	5,9	7,0
31,69	49,99	3,0	5,9	7,0
31,72	49,99	3,0	5,9	7,0
31,74	49,99	3,0	5,9	7,0
31,77	49,99	3,0	5,9	7,0
31,79	49,99	3,0	5,9	7,0
31,81	49,99	3,0	5,9	7,0
31,84	49,99	3,0	5,9	7,0
31,86	49,99	3,0	5,9	7,0
31,89	49,99	3,0	5,9	7,0
31,91	49,99	3,0	5,9	7,0
31,94	49,99	3,0	5,9	7,0
31,96	49,99	3,0	5,9	7,0
31,99	49,99	3,0	5,9	7,0
32,01	49,99	3,0	5,9	7,0
32,03	49,99	3,0	5,9	7,0
32,06	49,99	3,0	5,9	7,0
32,08	49,99	3,0	5,9	7,0
32,11	49,99	3,0	5,9	7,0
32,13	49,99	3,0	5,9	7,0
32,16	49,99	3,0	5,9	7,0
32,18	49,99	3,0	5,9	7,0
32,20	49,99	3,0	5,9	7,0
32,23	49,99	3,0	5,9	7,0
32,25	49,99	3,0	5,9	7,0
32,28	49,99	3,0	5,9	7,0
32,30	49,99	3,0	5,9	7,0
32,33	49,99	3,0	5,9	7,0
32,35	49,99	3,0	5,9	7,0
32,38	49,99	3,0	5,9	7,0
32,40	49,99	3,0	5,9	7,0
32,42	49,99	3,0	5,9	7,0
32,45	49,99	3,0	5,9	7,0
32,47	49,99	3,0	5,9	7,0
32,50	49,99	3,0	5,9	7,0
32,52	49,99	3,0	5,9	7,0
32,55	49,99	3,0	5,9	7,0
32,57	49,99	3,0	5,9	7,0
32,60	49,99	3,0	5,9	7,0
32,62	49,99	3,0	5,9	7,0
32,64	49,99	3,0	5,9	7,0
32,67	49,99	3,0	5,9	7,0
32,69	49,99	3,0	5,9	7,0
32,72	49,99	3,0	5,9	7,0
32,74	49,99	3,0	5,9	7,0
32,77	49,99	3,0	5,9	7,0
32,79	49,99	3,0	5,9	7,0
32,82	49,99	3,0	5,9	7,0
32,84	49,99	3,0	5,9	7,0
32,86	49,99	3,0	5,9	7,0
32,89	49,99	3,0	5,9	7,0
32,91	49,99	3,0	5,9	7,0
32,94	49,99	3,0	5,9	7,0
32,96	49,99	3,0	5,9	7,0
32,99	49,99	3,0	5,9	7,0
33,01	49,99	3,0	5,9	7,0
33,04	49,99	3,0	5,9	7,0
33,06	49,99	3,0	5,9	7,0
33,08	49,99	3,0	5,9	7,0
33,11	49,99	3,0	5,9	7,0
33,13	49,99	3,0	5,9	7,0
33,16	49,99	3,0	5,9	7,0
33,18	49,99	3,0	5,9	7,0
33,21	49,99	3,0	5,9	7,0
33,23	49,99	3,0	5,9	7,0
33,26	49,99	3,0	5,9	7,0
33,28	49,99	3,0	5,9	7,0
33,30	49,99	3,0	5,9	7,0
33,33	49,99	3,0	5,9	7,0
33,35	49,99	3,0	5,9	7,0
33,38	49,99	3,0	5,9	7,0
33,40	49,99	3,0	5,9	7,0
33,43	49,99	3,0	5,9	7,0
33,45	49,99	3,0	5,9	7,0
33,47	49,99	3,0	5,9	7,0
33,50	49,99	3,0	5,9	7,0
33,52	49,99	3,0	5,9	7,0
33,55	49,99	3,0	5,9	7,0
33,57	49,99	3,0	5,9	7,0
33,60	49,99	3,0	5,9	7,0
33,62	49,99	3,0	5,9	7,0
33,65	49,99	3,0	5,9	7,0
33,67	49,99	3,0	5,9	7,0
33,69	49,99	3,0	5,9	7,0
33,72	49,99	3,0	5,9	7,0
33,74	49,99	3,0	5,9	7,0
33,77	49,99	3,0	5,9	7,0
33,79	49,99	3,0	5,9	7,0
33,82	49,99	3,0	5,9	7,0
33,84	49,99	3,0	5,9	7,0
33,87	49,99	3,0	5,9	7,0
33,89	49,99	3,0	5,9	7,0
33,91	49,99	3,0	5,9	7,0
33,94	49,99	3,0	5,9	7,0
33,96	49,99	3,0	5,9	7,0
33,99	49,99	3,0	5,9	7,0
34,01	49,99	3,0	5,9	7,0
34,04	49,99	3,0	5,9	7,0
34,06	49,99	3,0	5,9	7,0
34,09	49,99	3,0	5,9	7,0
34,11	49,99	3,0	5,9	7,0
34,13	49,99	3,0	5,9	7,0
34,16	49,99	3,0	5,9	7,0
34,18	49,99	3,0	5,9	7,0
34,21	49,99	3,0	5,9	7,0
34,23	49,99	3,0	5,9	7,0
34,26	49,99	3,0	5,9	7,0
34,28	49,99	3,0	5,9	7,0
34,31	49,99	3,0	5,9	7,0
34,33	49,99	3,0	5,9	7,0
34,35	49,99	3,0	5,9	7,0
34,38	49,99	3,0	5,9	7,0
34,40	49,99	3,0	5,9	7,0
34,43	49,99	3,0	5,9	7,0
34,45	49,99	3,0	5,9	7,0
34,48	49,99	3,0	5,9	7,0
34,50	49,99	3,0	5,9	7,0
34,52	49,99	3,0	5,9	7,0
34,55	49,99	3,0	5,9	7,0
34,57	49,99	3,0	5,9	7,0
34,60	49,99	3,0	5,9	7,0
34,62	49,99	3,0	5,9	7,0
34,65	49,99	3,0	5,9	7,0
34,67	49,99	3,0	5,9	7,0
34,70	49,99	3,0	5,9	7,0
34,72	49,99	3,0	5,9	7,0
34,74	49,99	3,0	5,9	7,0
34,77	49,99	3,0	5,9	7,0
34,79	49,99	3,0	5,9	7,0
34,82	49,99	3,0	5,9	7,0
34,84	49,99	3,0	5,9	7,0
34,87	49,99	3,0	5,9	7,0
34,89	49,99	3,0	5,9	7,0
34,92	49,99	3,0	5,9	7,0
34,94	49,99	3,0	5,9	7,0
34,96	49,99	3,0	5,9	7,0
34,99	49,99	3,0	5,9	7,0
35,01	49,99	3,0	5,9	7,0
35,04	49,99	3,0	5,9	7,0
35,06	49,99	3,0	5,9	7,0
35,09	49,99	3,0	5,9	7,0
35,11	49,99	3,0	5,9	7,0
35,14	49,99	3,0	5,9	7,0
35,16	49,99	3,0	5,9	7,0
35,18	49,99	3,0	5,9	7,0
35,21	49,99	3,0	5,9	7,0
35,23	49,99	3,0	5,9	7,0
35,26	49,99	3,0	5,9	7,0
35,28	49,99	3,0	5,9	7,0
35,31	49,99	3,0	5,9	7,0
35,33	49,99	3,0	5,9	7,0
35,36	49,99	3,0	5,9	7,0
35,38	49,99	3,0	5,9	7,0
35,40	49,99	3,0	5,9	7,0
35,43	49,99	3,0	5,9	7,0
35,45	49,99	3,0	5,9	7,0
35,48	49,99	3,0	5,9	7,0
35,50	49,99	3,0	5,9	7,0
35,53	49,99	3,0	5,9	7,0
35,55	49,99	3,0	5,9	7,0
35,57	49,99	3,0	5,9	7,0
35,60	49,99	3,0	5,9	7,0
35,62	49,99	3,0	5,9	7,0
35,65	49,99	3,0	5,9	7,0
35,67	49,99	3,0	5,9	7,0
35,70	49,99	3,0	5,9	7,0
35,72	49,99	3,0	5,9	7,0
35,75	49,99	3,0	5,9	7,0
35,77	49,99	3,0	5,9	7,0
35,79	49,99	3,0	5,9	7,0
35,82	49,99	3,0	5,9	7,0
35,84	49,99	3,0	5,9	7,0
35,87	49,99	3,0	5,9	7,0
35,89	49,99	3,0	5,9	7,0
35,92	49,99	3,0	5,9	7,0
35,94	49,99	3,0	5,9	7,0
35,97	49,99	3,0	5,9	7,0
35,99	49,99	3,0	5,9	7,0
36,01	49,99	3,0	5,9	7,0
36,04	49,99	3,0	5,9	7,0
36,06	49,99	3,0	5,9	7,0
36,09	49,99	3,0	5,9	7,0
36,11	49,99	3,0	5,9	7,0
36,14	49,99	3,0	5,9	7,0
36,16	49,99	3,0	5,9	7,0
36,19	49,99	3,0	5,9	7,0
36,21	49,99	3,0	5,9	7,0
36,23	49,99	3,0	5,9	7,0
36,26	49,99	3,0	5,9	7,0
36,28	49,99	3,0	5,9	7,0
36,31	49,99	3,0	5,9	7,0
36,33	49,99	3,0	5,9	7,0
36,36	49,99	3,0	5,9	7,0
36,38	49,99	3,0	5,9	7,0
36,41	49,99	3,0	5,9	7,0
36,43	49,99	3,0	5,9	7,0
36,45	49,99	3,0	5,9	7,0
36,48	49,99	3,0	5,9	7,0
36,50	49,99	3,0	5,9	7,0
36,53	49,99	3,0	5,9	7,0
36,55	49,99	3,0	5,9	7,0
36,58	49,99	3,0	5,9	7,0
36,60	49,99	3,0	5,9	7,0
36,62	49,99	3,0	5,9	7,0
36,65	49,99	3,0	5,9	7,0
36,67	49,99	3,0	5,9	7,0
36,70	49,99	3,0	5,9	7,0
36,72	49,99	3,0	5,9	7,0
36,75	49,99	3,0	5,9	7,0
36,77	49,99	3,0	5,9	7,0
36,80	49,99	3,0	5,9	7,0
36,82	49,99	3,0	5,9	7,0
36,84	49,99	3,0	5,9	7,0
36,87	49,99	3,0	5,9	7,0
36,89	49,99	3,0	5,9	7,0
36,92	49,99	3,0	5,9	7,0
36,94	49,99	3,0	5,9	7,0
36,97	49,99	3,0	5,9	7,0
36,99	49,99	3,0	5,9	7,0
37,02	49,99	3,0	5,9	7,0
37,04	49,99	3,0	5,9	7,0
37,06	49,99	3,0	5,9	7,0
37,09	49,99	3,0	5,9	7,0
37,11	49,99	3,0	5,9	7,0
37,14	49,99	3,0	5,9	7,0
37,16	49,99	3,0	5,9	7,0
37,19	49,99	3,0	5,9	7,0
37,21	49,99	3,0	5,9	7,0
37,24	49,99	3,0	5,9	7,0
37,26	49,99	3,0	5,9	7,0
37,28	49,99	3,0	5,9	7,0
37,31	49,99	3,0	5,9	7,0
37,33	49,99	3,0	5,9	7,0
37,36	49,99	3,0	5,9	7,0
37,38	49,99	3,0	5,9	7,0
37,41	49,99	3,0	5,9	7,0
37,43	49,99	3,0	5,9	7,0
37,46	49,99	3,0	5,9	7,0
37,48	49,99	3,0	5,9	7,0
37,50	49,99	3,0	5,9	7,0
37,53	49,99	3,0	5,9	7,0
37,55	49,99	3,0	5,9	7,0
37,58	49,99	3,0	5,9	7,0
37,60	49,99	3,0	5,9	7,0
37,63	49,99	3,0	5,9	7,0
37,65	49,99	3,0	5,9	7,0
37,68	49,99	3,0	5,9	7,0
37,70	49,99	3,0	5,9	7,0
37,72	49,99	3,0	5,9	7,0
37,75	49,99	3,0	5,9	7,0
37,77	49,99	3,0	5,9	7,0
37,80	49,99	3,0	5,9	7,0
37,82	49,99	3,0	5,9	7,0
37,85	49,99	3,0	5,9	7,0
37,87	49,99	3,0	5,9	7,0
37,89	49,99	3,0	5,9	7,0
37,92	49,99	3,0	5,9	7,0
37,94	49,99	3,0	5,9	7,0
37,97	49,99	3,0	5,9	7,0
37,99	49,99	3,0	5,9	7,0
38,02	49,99	3,0	5,9	7,0
38,04	49,99	3,0	5,9	7,0
38,07	49,99	3,0	5,9	7,0
38,09	49,99	3,0	5,9	7,0
38,11	49,99	3,0	5,9	7,0
38,14	49,99	3,0	5,9	7,0
38,16	49,99	3,0	5,9	7,0
38,19	49,99	3,0	5,9	7,0
38,21	49,99	3,0	5,9	7,0
38,24	49,99	3,0	5,9	7,0
38,26	49,99	3,0	5,9	7,0
38,29	49,99	3,0	5,9	7,0
38,31	49,99	3,0	5,9	7,0
38,33	49,99	3,0	5,9	7,0
38,36	49,99	3,0	5,9	7,0
38,38	49,99	3,0	5,9	7,0
38,41	49,99	3,0	5,9	7,0
38,43	49,99	3,0	5,9	7,0
38,46	49,99	3,0	5,9	7,0
38,48	49,99	3,0	5,9	7,0
38,51	49,99	3,0	5,9	7,0
38,53	49,99	3,0	5,9	7,0
38,55	49,99	3,0	5,9	7,0
38,58	49,99	3,0	5,9	7,0
38,60	49,99	3,0	5,9	7,0
38,63	49,99	3,0	5,9	7,0
38,65	49,99	3,0	5,9	7,0
38,68	49,99	3,0	5,9	7,0
38,70	49,99	3,0	5,9	7,0
38,73	49,99	3,0	5,9	7,0
38,75	49,99	3,0	5,9	7,0
38,77	49,99	3,0	5,9	7,0
38,80	49,99	3,0	5,9	7,0
38,82	49,99	3,0	5,9	7,0
38,85	49,99	3,0	5,9	7,0
38,87	49,99	3,0	5,9	7,0
38,90	49,99	3,0	5,9	7,0
38,92	49,99	3,0	5,9	7,0
38,94	49,99	3,0	5,9	7,0
38,97	49,99	3,0	5,9	7,0
38,99	49,99	3,0	5,9	7,0
39,02	49,99	3,0	5,9	7,0
39,04	49,99	3,0	5,9	7,0
39,07	49,99	3,0	5,9	7,0
39,09	49,99	3,0	5,9	7,0
39,12	49,99	3,0	5,9	7,0
39,14	49,99	3,0	5,9	7,0
39,16	49,99	3,0	5,9	7,0
39,19	49,99	3,0	5,9	7,0
39,21	49,99	3,0	5,9	7,0
39,24	49,99	3,0	5,9	7,0
39,26	49,99	3,0	5,9	7,0
39,29	49,99	3,0	5,9	7,0
39,31	49,99	3,0	5,9	7,0
39,34	49,99	3,0	5,9	7,0
39,36	49,99	3,0	5,9	7,0
39,38	49,99	3,0	5,9	7,0
39,41	49,99	3,0	5,9	7,0
39,43	49,99	3,0	5,9	7,0
39,46	49,99	3,0	5,9	7,0
39,48	49,99	3,0	5,9	7,0
39,51	49,99	3,0	5,9	7,0
39,53	49,99	3,0	5,9	7,0
39,56	49,99	3,0	5,9	7,0
39,58	49,99	3,0	5,9	7,0
39,60	49,99	3,0	5,9	7,0
39,63	49,99	3,0	5,9	7,0
39,65	49,99	3,0	5,9	7,0
39,68	49,99	3,0	5,9	7,0
39,70	49,99	3,0	5,9	7,0
39,73	49,99	3,0	5,9	7,0
39,75	49,99	3,0	5,9	7,0
39,78	49,99	3,0	5,9	7,0
39,80	49,99	3,0	5,9	7,0
39,82	49,99	3,0	5,9	7,0
39,85	49,99	3,0	5,9	7,0
39,87	49,99	3,0	5,9	7,0
39,90	49,99	3,0	5,9	7,0
39,92	49,99	3,0	5,9	7,0
39,95	49,99	3,0	5,9	7,0
39,97	49,99	3,0	5,9	7,0
39,99	49,99	3,0	5,9	7,0
40,02	49,99	3,0	5,9	7,0
40,04	49,99	3,0	5,9	7,0
40,07	49,99	3,0	5,9	7,0
40,09	49,99	3,0	5,9	7,0
40,12	49,99	3,0	5,9	7,0
40,14	49,99	3,0	5,9	7,0
40,17	49,99	3,0	5,9	7,0
40,19	49,99	3,0	5,9	7,0
40,21	49,99	3,0	5,9	7,0
40,24	49,99	3,0	5,9	7,0
40,26	49,99	3,0	5,9	7,0
40,29	49,99	3,0	5,9	7,0
40,31	49,99	3,0	5,9	7,0
40,34	49,99	3,0	5,9	7,0
40,36	49,99	3,0	5,9	7,0
40,39	49,99	3,0	5,9	7,0
40,41	49,99	3,0	5,9	7,0
40,43	49,99	3,0	5,9	7,0
40,46	49,99	3,0	5,9	7,0
40,48	49,99	3,0	5,9	7,0
40,51	49,99	3,0	5,9	7,0
40,53	49,99	3,0	5,9	7,0
40,56	49,99	3,0	5,9	7,0
40,58	49,99	3,0	5,9	7,0
40,61	49,99	3,0	5,9	7,0
40,63	49,99	3,0	5,9	7,0
40,65	49,99	3,0	5,9	7,0
40,68	49,99	3,0	5,9	7,0
40,70	49,99	3,0	5,9	7,0
40,73	49,99	3,0	5,9	7,0
40,75	49,99	3,0	5,9	7,0
40,78	49,99	3,0	5,9	7,0
40,80	49,99	3,0	5,9	7,0
40,83	49,99	3,0	5,9	7,0
40,85	49,99	3,0	5,9	7,0
40,87	49,99	3,0	5,9	7,0
40,90	49,99	3,0	5,9	7,0
40,92	49,99	3,0	5,9	7,0
40,95	49,99	3,0	5,9	7,0
40,97	49,99	3,0	5,9	7,0
41,00	49,99	3,0	5,9	7,0
41,02	49,99	3,0	5,9	7,0
41,05	49,99	3,0	5,9	7,0
41,07	49,99	3,0	5,9	7,0
41,09	49,99	3,0	5,9	7,0
41,12	49,99	3,0	5,9	7,0
41,14	49,99	3,0	5,9	7,0
41,17	49,99	3,0	5,9	7,0
41,19	49,99	3,0	5,9	7,0
41,22	49,99	3,0	5,9	7,0
41,24	49,99	3,0	5,9	7,0
41,26	49,99	3,0	5,9	7,0
41,29	49,99	3,0	5,9	7,0
41,31	49,99	3,0	5,9	7,0
41,34	49,99	3,0	5,9	7,0
41,36	49,99	3,0	5,9	7,0
41,39	49,99	3,0	5,9	7,0
41,41	49,99	3,0	5,9	7,0
41,44	49,99	3,0	5,9	7,0
41,46	49,99	3,0	5,9	7,0
41,48	49,99	3,0	5,9	7,0
41,51	49,99	3,0	5,9	7,0
41,53	49,99	3,0	5,9	7,0
41,56	49,99	3,0	5,9	7,0
41,58	49,99	3,0	5,9	7,0
41,61	49,99	3,0	5,9	7,0
41,63	49,99	3,0	5,9	7,0
41,66	49,99	3,0	5,9	7,0
41,68	49,99	3,0	5,9	7,0
41,70	49,99	3,0	5,9	7,0
41,73	49,99	3,0	5,9	7,0
41,75	49,99	3,0	5,9	7,0
41,78	49,99	3,0	5,9	7,0
41,80	49,99	3,0	5,9	7,0
41,83	49,99	3,0	5,9	7,0
41,85	49,99	3,0	5,9	7,0
41,88	49,99	3,0	5,9	7,0
41,90	49,99	3,0	5,9	7,0
41,92	49,99	3,0	5,9	7,0
41,95	49,99	3,0	5,9	7,0
41,97	49,99	3,0	5,9	7,0
42,00	49,99	3,0	5,9	7,0
42,02	49,99	3,0	5,9	7,0
42,05	49,99	3,0	5,9	7,0
42,07	49,99	3,0	5,9	7,0
42,10	49,99	3,0	5,9	7,0
42,12	49,99	3,0	5,9	7,0
42,14	49,99	3,0	5,9	7,0
42,17	49,99	3,0	5,9	7,0
42,19	49,99	3,0	5,9	7,0
42,22	49,99	3,0	5,9	7,0
42,24	49,99	3,0	5,9	7,0
42,27	49,99	3,0	5,9	7,0
42,29	49,99	3,0	5,9	7,0
42,31	49,99	3,0	5,9	7,0
42,34	49,99	3,0	5,9	7,0
42,36	49,99	3,0	5,9	7,0
42,39	49,99	3,0	5,9	7,0
42,41	49,99	3,0	5,9	7,0
42,44	49,99	3,0	5,9	7,0
42,46	49,99	3,0	5,9	7,0
42,49	49,99	3,0	5,9	7,0
42,51	49,99	3,0	5,9	7,0
42,53	49,99	3,0	5,9	7,0
42,56	49,99	3,0	5,9	7,0
42,58	49,99	3,0	5,9	7,0
42,61	49,99	3,0	5,9	7,0
42,63	49,99	3,0	5,9	7,0
42,66	49,99	3,0	5,9	7,0
42,68	49,99	3,0	5,9	7,0
42,71	49,99	3,0	5,9	7,0
42,73	49,99	3,0	5,9	7,0
42,75	49,99	3,0	5,9	7,0
42,78	49,99	3,0	5,9	7,0
42,80	49,99	3,0	5,9	7,0
42,83	49,99	3,0	5,9	7,0
42,85	49,99	3,0	5,9	7,0
42,88	49,99	3,0	5,9	7,0
42,90	49,99	3,0	5,9	7,0
42,93	49,99	3,0	5,9	7,0
42,95	49,99	3,0	5,9	7,0
42,97	49,99	3,0	5,9	7,0
43,00	49,99	3,0	5,9	7,0
43,02	49,99	3,0	5,9	7,0
43,05	49,99	3,0	5,9	7,0
43,07	49,99	3,0	5,9	7,0
43,10	49,99	3,0	5,9	7,0
43,12	49,99	3,0	5,9	7,0
43,15	49,99	3,0	5,9	7,0
43,17	49,99	3,0	5,9	7,0
43,19	49,99	3,0	5,9	7,0
43,22	49,99	3,0	5,9	7,0
43,24	49,99	3,0	5,9	7,0
43,27	49,99	3,0	5,9	7,0
43,29	49,99	3,0	5,9	7,0
43,32	49,99	3,0	5,9	7,0
43,34	49,99	3,0	5,9	7,0
43,36	49,99	3,0	5,9	7,0
43,39	49,99	3,0	5,9	7,0
43,41	49,99	3,0	5,9	7,0
43,44	49,99	3,0	5,9	7,0
43,46	49,99	3,0	5,9	7,0
43,49	49,99	3,0	5,9	7,0
43,51	49,99	3,0	5,9	7,0
43,54	49,99	3,0	5,9	7,0
43,56	49,99	3,0	5,9	7,0
43,58	49,99	3,0	5,9	7,0
43,61	49,99	3,0	5,9	7,0
43,63	49,99	3,0	5,9	7,0
43,66	49,99	3,0	5,9	7,0
43,68	49,99	3,0	5,9	7,0
43,71	49,99	3,0	5,9	7,0
43,73	49,99	3,0	5,9	7,0
43,76	49,99	3,0	5,9	7,0
43,78	49,99	3,0	5,9	7,0
43,80	49,99	3,0	5,9	7,0
43,83	49,99	3,0	5,9	7,0
43,85	49,99	3,0	5,9	7,0
43,88	49,99	3,0	5,9	7,0
43,90	49,99	3,0	5,9	7,0
43,93	49,99	3,0	5,9	7,0
43,95	49,99	3,0	5,9	7,0
43,98	49,99	3,0	5,9	7,0
44,00	49,99	3,0	5,9	7,0
44,02	49,99	3,0	5,9	7,0
44,05	49,99	3,0	5,9	7,0
44,07	49,99	3,0	5,9	7,0
44,10	49,99	3,0	5,9	7,0
44,12	49,99	3,0	5,9	7,0
44,15	49,99	3,0	5,9	7,0
44,17	49,99	3,0	5,9	7,0
44,20	49,99	3,0	5,9	7,0
44,22	49,99	3,0	5,9	7,0
44,24	49,99	3,0	5,9	7,0
44,27	49,99	3,0	5,9	7,0
44,29	49,99	3,0	5,9	7,0
44,32	49,99	3,0	5,9	7,0
44,34	49,99	3,0	5,9	7,0
44,37	49,99	3,0	5,9	7,0
44,39	49,99	3,0	5,9	7,0
44,41	49,99	3,0	5,9	7,0
44,44	49,99	3,0	5,9	7,0
44,46	49,99	3,0	5,9	7,0
44,49	49,99	3,0	5,9	7,0
44,51	49,99	3,0	5,9	7,0
44,54	49,99	3,0	5,9	7,0
44,56	49,99	3,0	5,9	7,0
44,59	49,99	3,0	5,9	7,0
44,61	49,99	3,0	5,9	7,0
44,63	49,99	3,0	5,9	7,0
44,66	49,99	3,0	5,9	7,0
44,68	49,99	3,0	5,9	7,0
44,71	49,99	3,0	5,9	7,0
44,73	49,99	3,0	5,9	7,0
44,76	49,99	3,0	5,9	7,0
44,78	49,99	3,0	5,9	7,0
44,81	49,99	3,0	5,9	7,0
44,83	49,99	3,0	5,9	7,0
44,85	49,99	3,0	5,9	7,0
44,88	49,99	3,0	5,9	7,0
44,90	49,99	3,0	5,9	7,0
44,93	49,99	3,0	5,9	7,0
44,95	49,99	3,0	5,9	7,0
44,98	49,99	3,0	5,9	7,0
45,00	49,99	3,0	5,9	7,0
45,03	49,99	3,0	5,9	7,0
45,05	49,99	3,0	5,9	7,0
45,07	49,99	3,0	5,9	7,0
45,10	49,99	3,0	5,9	7,0
45,12	49,99	3,0	5,9	7,0
45,15	49,99	3,0	5,9	7,0
45,17	49,99	3,0	5,9	7,0
45,20	49,99	3,0	5,9	7,0
45,22	49,99	3,0	5,9	7,0
45,25	49,99	3,0	5,9	7,0
45,27	49,99	3,0	5,9	7,0
45,29	49,99	3,0	5,9	7,0
45,32	49,99	3,0	5,9	7,0
45,34	49,99	3,0	5,9	7,0
45,37	49,99	3,0	5,9	7,0
45,39	49,99	3,0	5,9	7,0
45,42	49,99	3,0	5,9	7,0
45,44	49,99	3,0	5,9	7,0
45,47	49,99	3,0	5,9	7,0
45,49	49,99	3,0	5,9	7,0
45,51	49,99	3,0	5,9	7,0
45,54	49,99	3,0	5,9	7,0
45,56	49,99	3,0	5,9	7,0
45,59	49,99	3,0	5,9	7,0
45,61	49,99	3,0	5,9	7,0
45,64	49,99	3,0	5,9	7,0
45,66	49,99	3,0	5,9	7,0
45,68	49,99	3,0	5,9	7,0
45,71	49,99	3,0	5,9	7,0
45,73	49,99	3,0	5,9	7,0
45,76	49,99	3,0	5,9	7,0
45,78	49,99	3,0	5,9	7,0
45,81	49,99	3,0	5,9	7,0
45,83	49,99	3,0	5,9	7,0
45,86	49,99	3,0	5,9	7,0
45,88	49,99	3,0	5,9	7,0
45,90	49,99	3,0	5,9	7,0
45,93	49,99	3,0	5,9	7,0
45,95	49,99	3,0	5,9	7,0
45,98	49,99	3,0	5,9	7,0
46,00	49,99	3,0	5,9	7,0
46,03	49,99	3,0	5,9	7,0
46,05	49,99	3,0	5,9	7,0
46,08	49,99	3,0	5,9	7,0
46,10	49,99	3,0	5,9	7,0
46,12	49,99	3,0	5,9	7,0
46,15	49,99	3,0	5,9	7,0
46,17	49,99	3,0	5,9	7,0
46,20	49,99	3,0	5,9	7,0
46,22	49,99	3,0	5,9	7,0
46,25	49,99	3,0	5,9	7,0
46,27	49,99	3,0	5,9	7,0
46,30	49,99	3,0	5,9	7,0
46,32	49,99	3,0	5,9	7,0
46,34	49,99	3,0	5,9	7,0
46,37	49,99	3,0	5,9	7,0
46,39	49,99	3,0	5,9	7,0
46,42	49,99	3,0	5,9	7,0
46,44	49,99	3,0	5,9	7,0
46,47	49,99	3,0	5,9	7,0
46,49	49,99	3,0	5,9	7,0
46,52	49,99	3,0	5,9	7,0
46,54	49,99	3,0	5,9	7,0
46,56	49,99	3,0	5,9	7,0
46,59	49,99	3,0	5,9	7,0
46,61	49,99	3,0	5,9	7,0
46,64	49,99	3,0	5,9	7,0
46,66	49,99	3,0	5,9	7,0
46,69	49,99	3,0	5,9	7,0
46,71	49,99	3,0	5,9	7,0
46,73	49,99	3,0	5,9	7,0
46,76	49,99	3,0	5,9	7,0
46,78	49,99	3,0	5,9	7,0
46,81	49,99	3,0	5,9	7,0
46,83	49,99	3,0	5,9	7,0
46,86	49,99	3,0	5,9	7,0
46,88	49,99	3,0	5,9	7,0
46,91	49,99	3,0	5,9	7,0
46,93	49,99	3,0	5,9	7,0
46,95	49,99	3,0	5,9	7,0
46,98	49,99	3,0	5,9	7,0
47,00	49,99	3,0	5,9	7,0
47,03	49,99	3,0	5,9	7,0
47,05	49,99	3,0	5,9	7,0
47,08	49,99	3,0	5,9	7,0
47,10	49,99	3,0	5,9	7,0
47,13	49,99	3,0	5,9	7,0
47,15	49,99	3,0	5,9	7,0
47,17	49,99	3,0	5,9	7,0
47,20	49,99	3,0	5,9	7,0
47,22	49,99	3,0	5,9	7,0
47,25	49,99	3,0	5,9	7,0
47,27	49,99	3,0	5,9	7,0
47,30	49,99	3,0	5,9	7,0
47,32	49,99	3,0	5,9	7,0
47,35	49,99	3,0	5,9	7,0
47,37	49,99	3,0	5,9	7,0
47,39	49,99	3,0	5,9	7,0
47,42	49,99	3,0	5,9	7,0
47,44	49,99	3,0	5,9	7,0
47,47	49,99	3,0	5,9	7,0
47,49	49,99	3,0	5,9	7,0
47,52	49,99	3,0	5,9	7,0
47,54	49,99	3,0	5,9	7,0
47,57	49,99	3,0	5,9	7,0
47,59	49,99	3,0	5,9	7,0
47,61	49,99	3,0	5,9	7,0
47,64	49,99	3,0	5,9	7,0
47,66	49,99	3,0	5,9	7,0
47,69	49,99	3,0	5,9	7,0
47,71	49,99	3,0	5,9	7,0
47,74	49,99	3,0	5,9	7,0
47,76	49,99	3,0	5,9	7,0
47,78	49,99	3,0	5,9	7,0
47,81	49,99	3,0	5,9	7,0
47,83	49,99	3,0	5,9	7,0
47,86	49,99	3,0	5,9	7,0
47,88	49,99	3,0	5,9	7,0
47,91	49,99	3,0	5,9	7,0
47,93	49,99	3,0	5,9	7,0
47,96	49,99	3,0	5,9	7,0
47,98	49,99	3,0	5,9	7,0
48,00	49,99	3,0	5,9	7,0
48,03	49,99	3,0	5,9	7,0
48,05	49,99	3,0	5,9	7,0
48,08	49,99	3,0	5,9	7,0
48,10	49,99	3,0	5,9	7,0
48,13	49,99	3,0	5,9	7,0
48,15	49,99	3,0	5,9	7,0
48,18	49,99	3,0	5,9	7,0
48,20	49,99	3,0	5,9	7,0
48,22	49,99	3,0	5,9	7,0
48,25	49,99	3,0	5,9	7,0
48,27	49,99	3,0	5,9	7,0
48,30	49,99	3,0	5,9	7,0
48,32	49,99	3,0	5,9	7,0
48,35	49,99	3,0	5,9	7,0
48,37	49,99	3,0	5,9	7,0
48,40	49,99	3,0	5,9	7,0
48,42	49,99	3,0	5,9	7,0
48,44	49,99	3,0	5,9	7,0
48,47	49,99	3,0	5,9	7,0
48,49	49,99	3,0	5,9	7,0
48,52	49,99	3,0	5,9	7,0
48,54	49,99	3,0	5,9	7,0
48,57	49,99	3,0	5,9	7,0
48,59	49,99	3,0	5,9	7,0
48,62	49,99	3,0	5,9	7,0
48,64	49,99	3,0	5,9	7,0
48,66	49,99	3,0	5,9	7,0
48,69	49,99	3,0	5,9	7,0
48,71	49,99	3,0	5,9	7,0
48,74	49,99	3,0	5,9	7,0
48,76	49,99	3,0	5,9	7,0
48,79	49,99	3,0	5,9	7,0
48,81	49,99	3,0	5,9	7,0
48,84	49,99	3,0	5,9	7,0
48,86	49,99	3,0	5,9	7,0
48,88	49,99	3,0	5,9	7,0
48,91	49,99	3,0	5,9	7,0
48,93	49,99	3,0	5,9	7,0
48,96	49,99	3,0	5,9	7,0
48,98	49,99	3,0	5,9	7,0
49,01	49,99	3,0	5,9	7,0
49,03	49,99	3,0	5,9	7,0
49,05	49,99	3,0	5,9	7,0
49,08	49,99	3,0	5,9	7,0
49,10	49,99	3,0	5,9	7,0
49,13	49,99	3,0	5,9	7,0
49,15	49,99	3,0	5,9	7,0
49,18	49,99	3,0	5,9	7,0
49,20	49,99	3,0	5,9	7,0
49,23	49,99	3,0	5,9	7,0
49,25	49,99	3,0	5,9	7,0
49,27	49,99	3,0	5,9	7,0
49,30	49,99	3,0	5,9	7,0
49,32	49,99	3,0	5,9	7,0
49,35	49,99	3,0	5,9	7,0
49,37	49,99	3,0	5,9	7,0
49,40	49,99	3,0	5,9	7,0
49,42	49,99	3,0	5,9	7,0
49,45	49,99	3,0	5,9	7,0
49,47	49,99	3,0	5,9	7,0
49,49	49,99	3,0	5,9	7,0
49,52	49,99	3,0	5,9	7,0
49,54	49,99	3,0	5,9	7,0
49,57	49,99	3,0	5,9	7,0
49,59	49,99	3,0	5,9	7,0
49,62	49,99	3,0	5,9	7,0
49,64	49,99	3,0	5,9	7,0
49,67	49,99	3,0	5,9	7,0
49,69	49,99	3,0	5,9	7,0
49,71	49,99	3,0	5,9	7,0
49,74	49,99	3,0	5,9	7,0
49,76	49,99	3,0	5,9	7,0
49,79	49,99	3,0	5,9	7,0
49,81	49,99	3,0	5,9	7,0
49,84	49,99	3,0	5,9	7,0
49,86	49,99	3,0	5,9	7,0
49,89	49,99	3,0	5,9	7,0
