Voltage U1	Corriente IA	Voltage U2	Voltage U3	Voltage UH
U1/V	IA/nA	U2/V	U3/V	UH/V

0,02	0,23	3,0	5,8	4,5
0,04	0,22	3,0	5,8	4,5
0,07	0,23	3,0	5,8	4,5
0,09	0,22	3,0	5,8	4,5
0,12	0,21	3,0	5,8	4,5
0,14	0,20	3,0	5,8	4,5
0,17	0,20	3,0	5,8	4,5
0,19	0,19	3,0	5,8	4,5
0,21	0,18	3,0	5,8	4,5
0,24	0,18	3,0	5,8	4,5
0,26	0,18	3,0	5,8	4,5
0,29	0,17	3,0	5,8	4,5
0,31	0,16	3,0	5,8	4,5
0,34	0,15	3,0	5,8	4,5
0,36	0,16	3,0	5,8	4,5
0,39	0,16	3,0	5,8	4,5
0,41	0,16	3,0	5,8	4,5
0,43	0,15	3,0	5,8	4,5
0,46	0,16	3,0	5,8	4,5
0,48	0,17	3,0	5,8	4,5
0,51	0,17	3,0	5,8	4,5
0,53	0,16	3,0	5,8	4,5
0,56	0,17	3,0	5,8	4,5
0,58	0,17	3,0	5,8	4,5
0,61	0,17	3,0	5,8	4,5
0,63	0,16	3,0	5,8	4,5
0,65	0,17	3,0	5,8	4,5
0,68	0,17	3,0	5,8	4,5
0,70	0,17	3,0	5,8	4,5
0,73	0,16	3,0	5,8	4,5
0,75	0,17	3,0	5,8	4,5
0,78	0,17	3,0	5,8	4,5
0,80	0,17	3,0	5,8	4,5
0,83	0,17	3,0	5,8	4,5
0,85	0,17	3,0	5,8	4,5
0,87	0,17	3,0	5,8	4,5
0,90	0,17	3,0	5,8	4,5
0,92	0,17	3,0	5,8	4,5
0,95	0,18	3,0	5,8	4,5
0,97	0,18	3,0	5,8	4,5
1,00	0,17	3,0	5,8	4,5
1,02	0,17	3,0	5,8	4,5
1,05	0,18	3,0	5,8	4,5
1,07	0,18	3,0	5,8	4,5
1,09	0,17	3,0	5,8	4,5
1,12	0,17	3,0	5,8	4,5
1,14	0,18	3,0	5,8	4,5
1,17	0,18	3,0	5,8	4,5
1,19	0,18	3,0	5,8	4,5
1,22	0,18	3,0	5,8	4,5
1,24	0,19	3,0	5,8	4,5
1,26	0,19	3,0	5,8	4,5
1,29	0,18	3,0	5,8	4,5
1,31	0,18	3,0	5,8	4,5
1,34	0,19	3,0	5,8	4,5
1,36	0,19	3,0	5,8	4,5
1,39	0,19	3,0	5,8	4,5
1,41	0,19	3,0	5,8	4,5
1,44	0,20	3,0	5,8	4,5
1,46	0,20	3,0	5,8	4,5
1,48	0,19	3,0	5,8	4,5
1,51	0,19	3,0	5,8	4,5
1,53	0,20	3,0	5,8	4,5
1,56	0,20	3,0	5,8	4,5
1,58	0,20	3,0	5,8	4,5
1,61	0,20	3,0	5,8	4,5
1,63	0,21	3,0	5,8	4,5
1,66	0,21	3,0	5,8	4,5
1,68	0,20	3,0	5,8	4,5
1,70	0,21	3,0	5,8	4,5
1,73	0,22	3,0	5,8	4,5
1,75	0,22	3,0	5,8	4,5
1,78	0,21	3,0	5,8	4,5
1,80	0,21	3,0	5,8	4,5
1,83	0,22	3,0	5,8	4,5
1,85	0,22	3,0	5,8	4,5
1,88	0,21	3,0	5,8	4,5
1,90	0,22	3,0	5,8	4,5
1,92	0,22	3,0	5,8	4,5
1,95	0,22	3,0	5,8	4,5
1,97	0,22	3,0	5,8	4,5
2,00	0,22	3,0	5,8	4,5
2,02	0,23	3,0	5,8	4,5
2,05	0,22	3,0	5,8	4,5
2,07	0,21	3,0	5,8	4,5
2,10	0,22	3,0	5,8	4,5
2,12	0,23	3,0	5,8	4,5
2,14	0,23	3,0	5,8	4,5
2,17	0,23	3,0	5,8	4,5
2,19	0,23	3,0	5,8	4,5
2,22	0,23	3,0	5,8	4,5
2,24	0,23	3,0	5,8	4,5
2,27	0,23	3,0	5,8	4,5
2,29	0,23	3,0	5,8	4,5
2,31	0,23	3,0	5,8	4,5
2,34	0,24	3,0	5,8	4,5
2,36	0,23	3,0	5,8	4,5
2,39	0,23	3,0	5,8	4,5
2,41	0,23	3,0	5,8	4,5
2,44	0,23	3,0	5,8	4,5
2,46	0,23	3,0	5,8	4,5
2,49	0,23	3,0	5,8	4,5
2,51	0,23	3,0	5,8	4,5
2,53	0,24	3,0	5,8	4,5
2,56	0,23	3,0	5,8	4,5
2,58	0,23	3,0	5,8	4,5
2,61	0,23	3,0	5,8	4,5
2,63	0,23	3,0	5,8	4,5
2,66	0,23	3,0	5,8	4,5
2,68	0,23	3,0	5,8	4,5
2,71	0,23	3,0	5,8	4,5
2,73	0,24	3,0	5,8	4,5
2,75	0,24	3,0	5,8	4,5
2,78	0,23	3,0	5,8	4,5
2,80	0,22	3,0	5,8	4,5
2,83	0,23	3,0	5,8	4,5
2,85	0,23	3,0	5,8	4,5
2,88	0,23	3,0	5,8	4,5
2,90	0,23	3,0	5,8	4,5
2,93	0,23	3,0	5,8	4,5
2,95	0,24	3,0	5,8	4,5
2,97	0,24	3,0	5,8	4,5
3,00	0,23	3,0	5,8	4,5
3,02	0,24	3,0	5,8	4,5
3,05	0,24	3,0	5,8	4,5
3,07	0,24	3,0	5,8	4,5
3,10	0,24	3,0	5,8	4,5
3,12	0,24	3,0	5,8	4,5
3,15	0,25	3,0	5,8	4,5
3,17	0,25	3,0	5,8	4,5
3,19	0,24	3,0	5,8	4,5
3,22	0,25	3,0	5,8	4,5
3,24	0,25	3,0	5,8	4,5
3,27	0,25	3,0	5,8	4,5
3,29	0,25	3,0	5,8	4,5
3,32	0,25	3,0	5,8	4,5
3,34	0,26	3,0	5,8	4,5
3,36	0,26	3,0	5,8	4,5
3,39	0,25	3,0	5,8	4,5
3,41	0,26	3,0	5,8	4,5
3,44	0,27	3,0	5,8	4,5
3,46	0,27	3,0	5,8	4,5
3,49	0,26	3,0	5,8	4,5
3,51	0,27	3,0	5,8	4,5
3,54	0,27	3,0	5,8	4,5
3,56	0,27	3,0	5,8	4,5
3,58	0,26	3,0	5,8	4,5
3,61	0,27	3,0	5,8	4,5
3,63	0,28	3,0	5,8	4,5
3,66	0,28	3,0	5,8	4,5
3,68	0,27	3,0	5,8	4,5
3,71	0,28	3,0	5,8	4,5
3,73	0,29	3,0	5,8	4,5
3,76	0,28	3,0	5,8	4,5
3,78	0,27	3,0	5,8	4,5
3,80	0,28	3,0	5,8	4,5
3,83	0,29	3,0	5,8	4,5
3,85	0,28	3,0	5,8	4,5
3,88	0,28	3,0	5,8	4,5
3,90	0,28	3,0	5,8	4,5
3,93	0,29	3,0	5,8	4,5
3,95	0,28	3,0	5,8	4,5
3,98	0,28	3,0	5,8	4,5
4,00	0,29	3,0	5,8	4,5
4,02	0,29	3,0	5,8	4,5
4,05	0,28	3,0	5,8	4,5
4,07	0,27	3,0	5,8	4,5
4,10	0,28	3,0	5,8	4,5
4,12	0,29	3,0	5,8	4,5
4,15	0,28	3,0	5,8	4,5
4,17	0,28	3,0	5,8	4,5
4,20	0,29	3,0	5,8	4,5
4,22	0,29	3,0	5,8	4,5
4,24	0,28	3,0	5,8	4,5
4,27	0,28	3,0	5,8	4,5
4,29	0,28	3,0	5,8	4,5
4,32	0,29	3,0	5,8	4,5
4,34	0,28	3,0	5,8	4,5
4,37	0,28	3,0	5,8	4,5
4,39	0,29	3,0	5,8	4,5
4,42	0,29	3,0	5,8	4,5
4,44	0,29	3,0	5,8	4,5
4,46	0,29	3,0	5,8	4,5
4,49	0,29	3,0	5,8	4,5
4,51	0,29	3,0	5,8	4,5
4,54	0,29	3,0	5,8	4,5
4,56	0,28	3,0	5,8	4,5
4,59	0,29	3,0	5,8	4,5
4,61	0,29	3,0	5,8	4,5
4,63	0,30	3,0	5,8	4,5
4,66	0,29	3,0	5,8	4,5
4,68	0,29	3,0	5,8	4,5
4,71	0,30	3,0	5,8	4,5
4,73	0,30	3,0	5,8	4,5
4,76	0,30	3,0	5,8	4,5
4,78	0,29	3,0	5,8	4,5
4,81	0,30	3,0	5,8	4,5
4,83	0,30	3,0	5,8	4,5
4,85	0,30	3,0	5,8	4,5
4,88	0,29	3,0	5,8	4,5
4,90	0,30	3,0	5,8	4,5
4,93	0,30	3,0	5,8	4,5
4,95	0,30	3,0	5,8	4,5
4,98	0,30	3,0	5,8	4,5
5,00	0,31	3,0	5,8	4,5
5,03	0,31	3,0	5,8	4,5
5,05	0,30	3,0	5,8	4,5
5,07	0,30	3,0	5,8	4,5
5,10	0,31	3,0	5,8	4,5
5,12	0,31	3,0	5,8	4,5
5,15	0,30	3,0	5,8	4,5
5,17	0,30	3,0	5,8	4,5
5,20	0,31	3,0	5,8	4,5
5,22	0,31	3,0	5,8	4,5
5,25	0,31	3,0	5,8	4,5
5,27	0,31	3,0	5,8	4,5
5,29	0,30	3,0	5,8	4,5
5,32	0,31	3,0	5,8	4,5
5,34	0,32	3,0	5,8	4,5
5,37	0,31	3,0	5,8	4,5
5,39	0,31	3,0	5,8	4,5
5,42	0,32	3,0	5,8	4,5
5,44	0,32	3,0	5,8	4,5
5,47	0,31	3,0	5,8	4,5
5,49	0,30	3,0	5,8	4,5
5,51	0,31	3,0	5,8	4,5
5,54	0,32	3,0	5,8	4,5
5,56	0,31	3,0	5,8	4,5
5,59	0,31	3,0	5,8	4,5
5,61	0,31	3,0	5,8	4,5
5,64	0,32	3,0	5,8	4,5
5,66	0,31	3,0	5,8	4,5
5,68	0,30	3,0	5,8	4,5
5,71	0,31	3,0	5,8	4,5
5,73	0,32	3,0	5,8	4,5
5,76	0,31	3,0	5,8	4,5
5,78	0,31	3,0	5,8	4,5
5,81	0,31	3,0	5,8	4,5
5,83	0,32	3,0	5,8	4,5
5,86	0,31	3,0	5,8	4,5
5,88	0,31	3,0	5,8	4,5
5,90	0,32	3,0	5,8	4,5
5,93	0,32	3,0	5,8	4,5
5,95	0,31	3,0	5,8	4,5
5,98	0,31	3,0	5,8	4,5
6,00	0,31	3,0	5,8	4,5
6,03	0,32	3,0	5,8	4,5
6,05	0,31	3,0	5,8	4,5
6,08	0,31	3,0	5,8	4,5
6,10	0,32	3,0	5,8	4,5
6,12	0,32	3,0	5,8	4,5
6,15	0,32	3,0	5,8	4,5
6,17	0,31	3,0	5,8	4,5
6,20	0,32	3,0	5,8	4,5
6,22	0,32	3,0	5,8	4,5
6,25	0,31	3,0	5,8	4,5
6,27	0,31	3,0	5,8	4,5
6,30	0,32	3,0	5,8	4,5
6,32	0,32	3,0	5,8	4,5
6,34	0,32	3,0	5,8	4,5
6,37	0,32	3,0	5,8	4,5
6,39	0,32	3,0	5,8	4,5
6,42	0,32	3,0	5,8	4,5
6,44	0,32	3,0	5,8	4,5
6,47	0,32	3,0	5,8	4,5
6,49	0,33	3,0	5,8	4,5
6,52	0,33	3,0	5,8	4,5
6,54	0,32	3,0	5,8	4,5
6,56	0,32	3,0	5,8	4,5
6,59	0,33	3,0	5,8	4,5
6,61	0,33	3,0	5,8	4,5
6,64	0,32	3,0	5,8	4,5
6,66	0,33	3,0	5,8	4,5
6,69	0,33	3,0	5,8	4,5
6,71	0,33	3,0	5,8	4,5
6,73	0,33	3,0	5,8	4,5
6,76	0,33	3,0	5,8	4,5
6,78	0,34	3,0	5,8	4,5
6,81	0,34	3,0	5,8	4,5
6,83	0,33	3,0	5,8	4,5
6,86	0,34	3,0	5,8	4,5
6,88	0,34	3,0	5,8	4,5
6,91	0,34	3,0	5,8	4,5
6,93	0,33	3,0	5,8	4,5
6,95	0,34	3,0	5,8	4,5
6,98	0,35	3,0	5,8	4,5
7,00	0,34	3,0	5,8	4,5
7,03	0,34	3,0	5,8	4,5
7,05	0,34	3,0	5,8	4,5
7,08	0,34	3,0	5,8	4,5
7,10	0,34	3,0	5,8	4,5
7,13	0,35	3,0	5,8	4,5
7,15	0,34	3,0	5,8	4,5
7,17	0,34	3,0	5,8	4,5
7,20	0,34	3,0	5,8	4,5
7,22	0,35	3,0	5,8	4,5
7,25	0,34	3,0	5,8	4,5
7,27	0,34	3,0	5,8	4,5
7,30	0,35	3,0	5,8	4,5
7,32	0,35	3,0	5,8	4,5
7,35	0,34	3,0	5,8	4,5
7,37	0,35	3,0	5,8	4,5
7,39	0,34	3,0	5,8	4,5
7,42	0,35	3,0	5,8	4,5
7,44	0,34	3,0	5,8	4,5
7,47	0,34	3,0	5,8	4,5
7,49	0,35	3,0	5,8	4,5
7,52	0,35	3,0	5,8	4,5
7,54	0,34	3,0	5,8	4,5
7,57	0,35	3,0	5,8	4,5
7,59	0,35	3,0	5,8	4,5
7,61	0,35	3,0	5,8	4,5
7,64	0,34	3,0	5,8	4,5
7,66	0,34	3,0	5,8	4,5
7,69	0,34	3,0	5,8	4,5
7,71	0,35	3,0	5,8	4,5
7,74	0,36	3,0	5,8	4,5
7,76	0,35	3,0	5,8	4,5
7,78	0,35	3,0	5,8	4,5
7,81	0,36	3,0	5,8	4,5
7,83	0,36	3,0	5,8	4,5
7,86	0,35	3,0	5,8	4,5
7,88	0,35	3,0	5,8	4,5
7,91	0,36	3,0	5,8	4,5
7,93	0,36	3,0	5,8	4,5
7,96	0,36	3,0	5,8	4,5
7,98	0,35	3,0	5,8	4,5
8,00	0,37	3,0	5,8	4,5
8,03	0,37	3,0	5,8	4,5
8,05	0,36	3,0	5,8	4,5
8,08	0,36	3,0	5,8	4,5
8,10	0,36	3,0	5,8	4,5
8,13	0,37	3,0	5,8	4,5
8,15	0,36	3,0	5,8	4,5
8,18	0,36	3,0	5,8	4,5
8,20	0,37	3,0	5,8	4,5
8,22	0,37	3,0	5,8	4,5
8,25	0,36	3,0	5,8	4,5
8,27	0,36	3,0	5,8	4,5
8,30	0,37	3,0	5,8	4,5
8,32	0,37	3,0	5,8	4,5
8,35	0,36	3,0	5,8	4,5
8,37	0,36	3,0	5,8	4,5
8,40	0,37	3,0	5,8	4,5
8,42	0,37	3,0	5,8	4,5
8,44	0,37	3,0	5,8	4,5
8,47	0,37	3,0	5,8	4,5
8,49	0,38	3,0	5,8	4,5
8,52	0,38	3,0	5,8	4,5
8,54	0,37	3,0	5,8	4,5
8,57	0,37	3,0	5,8	4,5
8,59	0,38	3,0	5,8	4,5
8,62	0,37	3,0	5,8	4,5
8,64	0,37	3,0	5,8	4,5
8,66	0,37	3,0	5,8	4,5
8,69	0,38	3,0	5,8	4,5
8,71	0,38	3,0	5,8	4,5
8,74	0,37	3,0	5,8	4,5
8,76	0,38	3,0	5,8	4,5
8,79	0,38	3,0	5,8	4,5
8,81	0,37	3,0	5,8	4,5
8,84	0,37	3,0	5,8	4,5
8,86	0,38	3,0	5,8	4,5
8,88	0,38	3,0	5,8	4,5
8,91	0,38	3,0	5,8	4,5
8,93	0,37	3,0	5,8	4,5
8,96	0,38	3,0	5,8	4,5
8,98	0,39	3,0	5,8	4,5
9,01	0,38	3,0	5,8	4,5
9,03	0,38	3,0	5,8	4,5
9,05	0,38	3,0	5,8	4,5
9,08	0,39	3,0	5,8	4,5
9,10	0,38	3,0	5,8	4,5
9,13	0,37	3,0	5,8	4,5
9,15	0,39	3,0	5,8	4,5
9,18	0,39	3,0	5,8	4,5
9,20	0,38	3,0	5,8	4,5
9,23	0,38	3,0	5,8	4,5
9,25	0,38	3,0	5,8	4,5
9,27	0,39	3,0	5,8	4,5
9,30	0,38	3,0	5,8	4,5
9,32	0,37	3,0	5,8	4,5
9,35	0,38	3,0	5,8	4,5
9,37	0,38	3,0	5,8	4,5
9,40	0,38	3,0	5,8	4,5
9,42	0,38	3,0	5,8	4,5
9,45	0,39	3,0	5,8	4,5
9,47	0,39	3,0	5,8	4,5
9,49	0,39	3,0	5,8	4,5
9,52	0,39	3,0	5,8	4,5
9,54	0,38	3,0	5,8	4,5
9,57	0,39	3,0	5,8	4,5
9,59	0,39	3,0	5,8	4,5
9,62	0,39	3,0	5,8	4,5
9,64	0,39	3,0	5,8	4,5
9,67	0,39	3,0	5,8	4,5
9,69	0,40	3,0	5,8	4,5
9,71	0,39	3,0	5,8	4,5
9,74	0,39	3,0	5,8	4,5
9,76	0,40	3,0	5,8	4,5
9,79	0,40	3,0	5,8	4,5
9,81	0,39	3,0	5,8	4,5
9,84	0,39	3,0	5,8	4,5
9,86	0,39	3,0	5,8	4,5
9,89	0,40	3,0	5,8	4,5
9,91	0,39	3,0	5,8	4,5
9,93	0,39	3,0	5,8	4,5
9,96	0,39	3,0	5,8	4,5
9,98	0,40	3,0	5,8	4,5
10,01	0,39	3,0	5,8	4,5
10,03	0,39	3,0	5,8	4,5
10,06	0,40	3,0	5,8	4,5
10,08	0,40	3,0	5,8	4,5
10,10	0,39	3,0	5,8	4,5
10,13	0,39	3,0	5,8	4,5
10,15	0,39	3,0	5,8	4,5
10,18	0,39	3,0	5,8	4,5
10,20	0,39	3,0	5,8	4,5
10,23	0,39	3,0	5,8	4,5
10,25	0,38	3,0	5,8	4,5
10,28	0,39	3,0	5,8	4,5
10,30	0,39	3,0	5,8	4,5
10,32	0,39	3,0	5,8	4,5
10,35	0,39	3,0	5,8	4,5
10,37	0,39	3,0	5,8	4,5
10,40	0,40	3,0	5,8	4,5
10,42	0,39	3,0	5,8	4,5
10,45	0,39	3,0	5,8	4,5
10,47	0,40	3,0	5,8	4,5
10,50	0,40	3,0	5,8	4,5
10,52	0,39	3,0	5,8	4,5
10,54	0,39	3,0	5,8	4,5
10,57	0,39	3,0	5,8	4,5
10,59	0,40	3,0	5,8	4,5
10,62	0,40	3,0	5,8	4,5
10,64	0,39	3,0	5,8	4,5
10,67	0,40	3,0	5,8	4,5
10,69	0,40	3,0	5,8	4,5
10,72	0,39	3,0	5,8	4,5
10,74	0,39	3,0	5,8	4,5
10,76	0,40	3,0	5,8	4,5
10,79	0,40	3,0	5,8	4,5
10,81	0,40	3,0	5,8	4,5
10,84	0,40	3,0	5,8	4,5
10,86	0,41	3,0	5,8	4,5
10,89	0,41	3,0	5,8	4,5
10,91	0,40	3,0	5,8	4,5
10,94	0,40	3,0	5,8	4,5
10,96	0,41	3,0	5,8	4,5
10,98	0,41	3,0	5,8	4,5
11,01	0,40	3,0	5,8	4,5
11,03	0,40	3,0	5,8	4,5
11,06	0,41	3,0	5,8	4,5
11,08	0,41	3,0	5,8	4,5
11,11	0,40	3,0	5,8	4,5
11,13	0,40	3,0	5,8	4,5
11,15	0,41	3,0	5,8	4,5
11,18	0,42	3,0	5,8	4,5
11,20	0,41	3,0	5,8	4,5
11,23	0,40	3,0	5,8	4,5
11,25	0,41	3,0	5,8	4,5
11,28	0,41	3,0	5,8	4,5
11,30	0,41	3,0	5,8	4,5
11,33	0,40	3,0	5,8	4,5
11,35	0,41	3,0	5,8	4,5
11,37	0,42	3,0	5,8	4,5
11,40	0,41	3,0	5,8	4,5
11,42	0,40	3,0	5,8	4,5
11,45	0,42	3,0	5,8	4,5
11,47	0,42	3,0	5,8	4,5
11,50	0,40	3,0	5,8	4,5
11,52	0,40	3,0	5,8	4,5
11,55	0,41	3,0	5,8	4,5
11,57	0,42	3,0	5,8	4,5
11,59	0,41	3,0	5,8	4,5
11,62	0,41	3,0	5,8	4,5
11,64	0,42	3,0	5,8	4,5
11,67	0,42	3,0	5,8	4,5
11,69	0,41	3,0	5,8	4,5
11,72	0,40	3,0	5,8	4,5
11,74	0,41	3,0	5,8	4,5
11,77	0,41	3,0	5,8	4,5
11,79	0,40	3,0	5,8	4,5
11,81	0,40	3,0	5,8	4,5
11,84	0,41	3,0	5,8	4,5
11,86	0,41	3,0	5,8	4,5
11,89	0,41	3,0	5,8	4,5
11,91	0,41	3,0	5,8	4,5
11,94	0,41	3,0	5,8	4,5
11,96	0,41	3,0	5,8	4,5
11,99	0,42	3,0	5,8	4,5
12,01	0,41	3,0	5,8	4,5
12,03	0,41	3,0	5,8	4,5
12,06	0,42	3,0	5,8	4,5
12,08	0,42	3,0	5,8	4,5
12,11	0,41	3,0	5,8	4,5
12,13	0,41	3,0	5,8	4,5
12,16	0,42	3,0	5,8	4,5
12,18	0,42	3,0	5,8	4,5
12,21	0,42	3,0	5,8	4,5
12,23	0,41	3,0	5,8	4,5
12,25	0,42	3,0	5,8	4,5
12,28	0,42	3,0	5,8	4,5
12,30	0,42	3,0	5,8	4,5
12,33	0,42	3,0	5,8	4,5
12,35	0,42	3,0	5,8	4,5
12,38	0,42	3,0	5,8	4,5
12,40	0,42	3,0	5,8	4,5
12,42	0,42	3,0	5,8	4,5
12,45	0,43	3,0	5,8	4,5
12,47	0,43	3,0	5,8	4,5
12,50	0,42	3,0	5,8	4,5
12,52	0,42	3,0	5,8	4,5
12,55	0,42	3,0	5,8	4,5
12,57	0,43	3,0	5,8	4,5
12,60	0,43	3,0	5,8	4,5
12,62	0,42	3,0	5,8	4,5
12,64	0,42	3,0	5,8	4,5
12,67	0,42	3,0	5,8	4,5
12,69	0,43	3,0	5,8	4,5
12,72	0,42	3,0	5,8	4,5
12,74	0,42	3,0	5,8	4,5
12,77	0,44	3,0	5,8	4,5
12,79	0,44	3,0	5,8	4,5
12,82	0,43	3,0	5,8	4,5
12,84	0,43	3,0	5,8	4,5
12,86	0,44	3,0	5,8	4,5
12,89	0,44	3,0	5,8	4,5
12,91	0,42	3,0	5,8	4,5
12,94	0,42	3,0	5,8	4,5
12,96	0,43	3,0	5,8	4,5
12,99	0,44	3,0	5,8	4,5
13,01	0,43	3,0	5,8	4,5
13,04	0,42	3,0	5,8	4,5
13,06	0,43	3,0	5,8	4,5
13,08	0,44	3,0	5,8	4,5
13,11	0,42	3,0	5,8	4,5
13,13	0,42	3,0	5,8	4,5
13,16	0,43	3,0	5,8	4,5
13,18	0,43	3,0	5,8	4,5
13,21	0,42	3,0	5,8	4,5
13,23	0,42	3,0	5,8	4,5
13,26	0,43	3,0	5,8	4,5
13,28	0,44	3,0	5,8	4,5
13,30	0,43	3,0	5,8	4,5
13,33	0,43	3,0	5,8	4,5
13,35	0,43	3,0	5,8	4,5
13,38	0,43	3,0	5,8	4,5
13,40	0,42	3,0	5,8	4,5
13,43	0,42	3,0	5,8	4,5
13,45	0,42	3,0	5,8	4,5
13,47	0,43	3,0	5,8	4,5
13,50	0,42	3,0	5,8	4,5
13,52	0,42	3,0	5,8	4,5
13,55	0,42	3,0	5,8	4,5
13,57	0,42	3,0	5,8	4,5
13,60	0,41	3,0	5,8	4,5
13,62	0,41	3,0	5,8	4,5
13,65	0,41	3,0	5,8	4,5
13,67	0,41	3,0	5,8	4,5
13,69	0,40	3,0	5,8	4,5
13,72	0,40	3,0	5,8	4,5
13,74	0,40	3,0	5,8	4,5
13,77	0,40	3,0	5,8	4,5
13,79	0,39	3,0	5,8	4,5
13,82	0,39	3,0	5,8	4,5
13,84	0,40	3,0	5,8	4,5
13,87	0,39	3,0	5,8	4,5
13,89	0,38	3,0	5,8	4,5
13,91	0,38	3,0	5,8	4,5
13,94	0,38	3,0	5,8	4,5
13,96	0,37	3,0	5,8	4,5
13,99	0,37	3,0	5,8	4,5
14,01	0,37	3,0	5,8	4,5
14,04	0,37	3,0	5,8	4,5
14,06	0,36	3,0	5,8	4,5
14,09	0,35	3,0	5,8	4,5
14,11	0,35	3,0	5,8	4,5
14,13	0,35	3,0	5,8	4,5
14,16	0,34	3,0	5,8	4,5
14,18	0,33	3,0	5,8	4,5
14,21	0,34	3,0	5,8	4,5
14,23	0,33	3,0	5,8	4,5
14,26	0,32	3,0	5,8	4,5
14,28	0,31	3,0	5,8	4,5
14,31	0,32	3,0	5,8	4,5
14,33	0,32	3,0	5,8	4,5
14,35	0,31	3,0	5,8	4,5
14,38	0,31	3,0	5,8	4,5
14,40	0,30	3,0	5,8	4,5
14,43	0,29	3,0	5,8	4,5
14,45	0,29	3,0	5,8	4,5
14,48	0,29	3,0	5,8	4,5
14,50	0,28	3,0	5,8	4,5
14,52	0,27	3,0	5,8	4,5
14,55	0,28	3,0	5,8	4,5
14,57	0,27	3,0	5,8	4,5
14,60	0,26	3,0	5,8	4,5
14,62	0,26	3,0	5,8	4,5
14,65	0,26	3,0	5,8	4,5
14,67	0,25	3,0	5,8	4,5
14,70	0,25	3,0	5,8	4,5
14,72	0,25	3,0	5,8	4,5
14,74	0,25	3,0	5,8	4,5
14,77	0,24	3,0	5,8	4,5
14,79	0,23	3,0	5,8	4,5
14,82	0,23	3,0	5,8	4,5
14,84	0,23	3,0	5,8	4,5
14,87	0,23	3,0	5,8	4,5
14,89	0,22	3,0	5,8	4,5
14,92	0,22	3,0	5,8	4,5
14,94	0,22	3,0	5,8	4,5
14,96	0,21	3,0	5,8	4,5
14,99	0,21	3,0	5,8	4,5
15,01	0,21	3,0	5,8	4,5
15,04	0,21	3,0	5,8	4,5
15,06	0,21	3,0	5,8	4,5
15,09	0,21	3,0	5,8	4,5
15,11	0,20	3,0	5,8	4,5
15,14	0,20	3,0	5,8	4,5
15,16	0,20	3,0	5,8	4,5
15,18	0,20	3,0	5,8	4,5
15,21	0,19	3,0	5,8	4,5
15,23	0,19	3,0	5,8	4,5
15,26	0,19	3,0	5,8	4,5
15,28	0,19	3,0	5,8	4,5
15,31	0,18	3,0	5,8	4,5
15,33	0,18	3,0	5,8	4,5
15,36	0,18	3,0	5,8	4,5
15,38	0,18	3,0	5,8	4,5
15,40	0,17	3,0	5,8	4,5
15,43	0,17	3,0	5,8	4,5
15,45	0,18	3,0	5,8	4,5
15,48	0,18	3,0	5,8	4,5
15,50	0,17	3,0	5,8	4,5
15,53	0,17	3,0	5,8	4,5
15,55	0,17	3,0	5,8	4,5
15,57	0,17	3,0	5,8	4,5
15,60	0,16	3,0	5,8	4,5
15,62	0,16	3,0	5,8	4,5
15,65	0,16	3,0	5,8	4,5
15,67	0,16	3,0	5,8	4,5
15,70	0,15	3,0	5,8	4,5
15,72	0,16	3,0	5,8	4,5
15,75	0,16	3,0	5,8	4,5
15,77	0,16	3,0	5,8	4,5
15,79	0,15	3,0	5,8	4,5
15,82	0,15	3,0	5,8	4,5
15,84	0,15	3,0	5,8	4,5
15,87	0,15	3,0	5,8	4,5
15,89	0,15	3,0	5,8	4,5
15,92	0,16	3,0	5,8	4,5
15,94	0,16	3,0	5,8	4,5
15,97	0,15	3,0	5,8	4,5
15,99	0,15	3,0	5,8	4,5
16,01	0,16	3,0	5,8	4,5
16,04	0,16	3,0	5,8	4,5
16,06	0,15	3,0	5,8	4,5
16,09	0,15	3,0	5,8	4,5
16,11	0,16	3,0	5,8	4,5
16,14	0,16	3,0	5,8	4,5
16,16	0,15	3,0	5,8	4,5
16,19	0,15	3,0	5,8	4,5
16,21	0,17	3,0	5,8	4,5
16,23	0,17	3,0	5,8	4,5
16,26	0,16	3,0	5,8	4,5
16,28	0,16	3,0	5,8	4,5
16,31	0,17	3,0	5,8	4,5
16,33	0,17	3,0	5,8	4,5
16,36	0,17	3,0	5,8	4,5
16,38	0,17	3,0	5,8	4,5
16,41	0,19	3,0	5,8	4,5
16,43	0,19	3,0	5,8	4,5
16,45	0,18	3,0	5,8	4,5
16,48	0,18	3,0	5,8	4,5
16,50	0,20	3,0	5,8	4,5
16,53	0,20	3,0	5,8	4,5
16,55	0,19	3,0	5,8	4,5
16,58	0,19	3,0	5,8	4,5
16,60	0,21	3,0	5,8	4,5
16,63	0,21	3,0	5,8	4,5
16,65	0,20	3,0	5,8	4,5
16,67	0,20	3,0	5,8	4,5
16,70	0,22	3,0	5,8	4,5
16,72	0,22	3,0	5,8	4,5
16,75	0,21	3,0	5,8	4,5
16,77	0,21	3,0	5,8	4,5
16,80	0,21	3,0	5,8	4,5
16,82	0,22	3,0	5,8	4,5
16,84	0,23	3,0	5,8	4,5
16,87	0,23	3,0	5,8	4,5
16,89	0,23	3,0	5,8	4,5
16,92	0,24	3,0	5,8	4,5
16,94	0,24	3,0	5,8	4,5
16,97	0,24	3,0	5,8	4,5
16,99	0,24	3,0	5,8	4,5
17,02	0,25	3,0	5,8	4,5
17,04	0,26	3,0	5,8	4,5
17,06	0,25	3,0	5,8	4,5
17,09	0,26	3,0	5,8	4,5
17,11	0,27	3,0	5,8	4,5
17,14	0,27	3,0	5,8	4,5
17,16	0,27	3,0	5,8	4,5
17,19	0,28	3,0	5,8	4,5
17,21	0,29	3,0	5,8	4,5
17,24	0,29	3,0	5,8	4,5
17,26	0,28	3,0	5,8	4,5
17,28	0,29	3,0	5,8	4,5
17,31	0,30	3,0	5,8	4,5
17,33	0,31	3,0	5,8	4,5
17,36	0,31	3,0	5,8	4,5
17,38	0,31	3,0	5,8	4,5
17,41	0,32	3,0	5,8	4,5
17,43	0,33	3,0	5,8	4,5
17,46	0,34	3,0	5,8	4,5
17,48	0,34	3,0	5,8	4,5
17,50	0,33	3,0	5,8	4,5
17,53	0,34	3,0	5,8	4,5
17,55	0,35	3,0	5,8	4,5
17,58	0,35	3,0	5,8	4,5
17,60	0,35	3,0	5,8	4,5
17,63	0,36	3,0	5,8	4,5
17,65	0,37	3,0	5,8	4,5
17,68	0,37	3,0	5,8	4,5
17,70	0,37	3,0	5,8	4,5
17,72	0,38	3,0	5,8	4,5
17,75	0,38	3,0	5,8	4,5
17,77	0,38	3,0	5,8	4,5
17,80	0,39	3,0	5,8	4,5
17,82	0,40	3,0	5,8	4,5
17,85	0,41	3,0	5,8	4,5
17,87	0,40	3,0	5,8	4,5
17,89	0,40	3,0	5,8	4,5
17,92	0,42	3,0	5,8	4,5
17,94	0,42	3,0	5,8	4,5
17,97	0,41	3,0	5,8	4,5
17,99	0,42	3,0	5,8	4,5
18,02	0,43	3,0	5,8	4,5
18,04	0,44	3,0	5,8	4,5
18,07	0,44	3,0	5,8	4,5
18,09	0,44	3,0	5,8	4,5
18,11	0,45	3,0	5,8	4,5
18,14	0,46	3,0	5,8	4,5
18,16	0,45	3,0	5,8	4,5
18,19	0,46	3,0	5,8	4,5
18,21	0,47	3,0	5,8	4,5
18,24	0,48	3,0	5,8	4,5
18,26	0,47	3,0	5,8	4,5
18,29	0,48	3,0	5,8	4,5
18,31	0,50	3,0	5,8	4,5
18,33	0,50	3,0	5,8	4,5
18,36	0,49	3,0	5,8	4,5
18,38	0,50	3,0	5,8	4,5
18,41	0,51	3,0	5,8	4,5
18,43	0,51	3,0	5,8	4,5
18,46	0,51	3,0	5,8	4,5
18,48	0,51	3,0	5,8	4,5
18,51	0,53	3,0	5,8	4,5
18,53	0,53	3,0	5,8	4,5
18,55	0,53	3,0	5,8	4,5
18,58	0,53	3,0	5,8	4,5
18,60	0,55	3,0	5,8	4,5
18,63	0,55	3,0	5,8	4,5
18,65	0,55	3,0	5,8	4,5
18,68	0,55	3,0	5,8	4,5
18,70	0,56	3,0	5,8	4,5
18,73	0,57	3,0	5,8	4,5
18,75	0,56	3,0	5,8	4,5
18,77	0,57	3,0	5,8	4,5
18,80	0,58	3,0	5,8	4,5
18,82	0,59	3,0	5,8	4,5
18,85	0,58	3,0	5,8	4,5
18,87	0,59	3,0	5,8	4,5
18,90	0,61	3,0	5,8	4,5
18,92	0,61	3,0	5,8	4,5
18,94	0,61	3,0	5,8	4,5
18,97	0,61	3,0	5,8	4,5
18,99	0,62	3,0	5,8	4,5
19,02	0,63	3,0	5,8	4,5
19,04	0,63	3,0	5,8	4,5
19,07	0,63	3,0	5,8	4,5
19,09	0,65	3,0	5,8	4,5
19,12	0,65	3,0	5,8	4,5
19,14	0,65	3,0	5,8	4,5
19,16	0,66	3,0	5,8	4,5
19,19	0,66	3,0	5,8	4,5
19,21	0,66	3,0	5,8	4,5
19,24	0,67	3,0	5,8	4,5
19,26	0,67	3,0	5,8	4,5
19,29	0,67	3,0	5,8	4,5
19,31	0,68	3,0	5,8	4,5
19,34	0,69	3,0	5,8	4,5
19,36	0,68	3,0	5,8	4,5
19,38	0,69	3,0	5,8	4,5
19,41	0,70	3,0	5,8	4,5
19,43	0,70	3,0	5,8	4,5
19,46	0,70	3,0	5,8	4,5
19,48	0,70	3,0	5,8	4,5
19,51	0,72	3,0	5,8	4,5
19,53	0,72	3,0	5,8	4,5
19,56	0,72	3,0	5,8	4,5
19,58	0,72	3,0	5,8	4,5
19,60	0,73	3,0	5,8	4,5
19,63	0,74	3,0	5,8	4,5
19,65	0,74	3,0	5,8	4,5
19,68	0,74	3,0	5,8	4,5
19,70	0,75	3,0	5,8	4,5
19,73	0,76	3,0	5,8	4,5
19,75	0,75	3,0	5,8	4,5
19,78	0,76	3,0	5,8	4,5
19,80	0,77	3,0	5,8	4,5
19,82	0,77	3,0	5,8	4,5
19,85	0,78	3,0	5,8	4,5
19,87	0,78	3,0	5,8	4,5
19,90	0,78	3,0	5,8	4,5
19,92	0,80	3,0	5,8	4,5
19,95	0,80	3,0	5,8	4,5
19,97	0,79	3,0	5,8	4,5
19,99	0,80	3,0	5,8	4,5
20,02	0,81	3,0	5,8	4,5
20,04	0,82	3,0	5,8	4,5
20,07	0,81	3,0	5,8	4,5
20,09	0,81	3,0	5,8	4,5
20,12	0,83	3,0	5,8	4,5
20,14	0,83	3,0	5,8	4,5
20,17	0,82	3,0	5,8	4,5
20,19	0,83	3,0	5,8	4,5
20,21	0,85	3,0	5,8	4,5
20,24	0,85	3,0	5,8	4,5
20,26	0,84	3,0	5,8	4,5
20,29	0,85	3,0	5,8	4,5
20,31	0,86	3,0	5,8	4,5
20,34	0,86	3,0	5,8	4,5
20,36	0,85	3,0	5,8	4,5
20,39	0,85	3,0	5,8	4,5
20,41	0,87	3,0	5,8	4,5
20,43	0,87	3,0	5,8	4,5
20,46	0,86	3,0	5,8	4,5
20,48	0,87	3,0	5,8	4,5
20,51	0,88	3,0	5,8	4,5
20,53	0,88	3,0	5,8	4,5
20,56	0,88	3,0	5,8	4,5
20,58	0,88	3,0	5,8	4,5
20,61	0,90	3,0	5,8	4,5
20,63	0,90	3,0	5,8	4,5
20,65	0,89	3,0	5,8	4,5
20,68	0,90	3,0	5,8	4,5
20,70	0,91	3,0	5,8	4,5
20,73	0,91	3,0	5,8	4,5
20,75	0,90	3,0	5,8	4,5
20,78	0,91	3,0	5,8	4,5
20,80	0,92	3,0	5,8	4,5
20,83	0,92	3,0	5,8	4,5
20,85	0,91	3,0	5,8	4,5
20,87	0,92	3,0	5,8	4,5
20,90	0,93	3,0	5,8	4,5
20,92	0,93	3,0	5,8	4,5
20,95	0,92	3,0	5,8	4,5
20,97	0,93	3,0	5,8	4,5
21,00	0,94	3,0	5,8	4,5
21,02	0,94	3,0	5,8	4,5
21,05	0,94	3,0	5,8	4,5
21,07	0,95	3,0	5,8	4,5
21,09	0,95	3,0	5,8	4,5
21,12	0,95	3,0	5,8	4,5
21,14	0,95	3,0	5,8	4,5
21,17	0,95	3,0	5,8	4,5
21,19	0,96	3,0	5,8	4,5
21,22	0,95	3,0	5,8	4,5
21,24	0,96	3,0	5,8	4,5
21,26	0,96	3,0	5,8	4,5
21,29	0,97	3,0	5,8	4,5
21,31	0,97	3,0	5,8	4,5
21,34	0,97	3,0	5,8	4,5
21,36	0,98	3,0	5,8	4,5
21,39	0,98	3,0	5,8	4,5
21,41	0,98	3,0	5,8	4,5
21,44	0,99	3,0	5,8	4,5
21,46	1,00	3,0	5,8	4,5
21,48	1,00	3,0	5,8	4,5
21,51	0,99	3,0	5,8	4,5
21,53	1,00	3,0	5,8	4,5
21,56	1,01	3,0	5,8	4,5
21,58	1,00	3,0	5,8	4,5
21,61	0,99	3,0	5,8	4,5
21,63	1,00	3,0	5,8	4,5
21,66	1,01	3,0	5,8	4,5
21,68	1,02	3,0	5,8	4,5
21,70	1,02	3,0	5,8	4,5
21,73	1,02	3,0	5,8	4,5
21,75	1,02	3,0	5,8	4,5
21,78	1,02	3,0	5,8	4,5
21,80	1,03	3,0	5,8	4,5
21,83	1,03	3,0	5,8	4,5
21,85	1,03	3,0	5,8	4,5
21,88	1,04	3,0	5,8	4,5
21,90	1,04	3,0	5,8	4,5
21,92	1,04	3,0	5,8	4,5
21,95	1,04	3,0	5,8	4,5
21,97	1,04	3,0	5,8	4,5
22,00	1,05	3,0	5,8	4,5
22,02	1,04	3,0	5,8	4,5
22,05	1,04	3,0	5,8	4,5
22,07	1,05	3,0	5,8	4,5
22,10	1,05	3,0	5,8	4,5
22,12	1,05	3,0	5,8	4,5
22,14	1,05	3,0	5,8	4,5
22,17	1,06	3,0	5,8	4,5
22,19	1,06	3,0	5,8	4,5
22,22	1,06	3,0	5,8	4,5
22,24	1,06	3,0	5,8	4,5
22,27	1,07	3,0	5,8	4,5
22,29	1,07	3,0	5,8	4,5
22,31	1,06	3,0	5,8	4,5
22,34	1,06	3,0	5,8	4,5
22,36	1,05	3,0	5,8	4,5
22,39	1,06	3,0	5,8	4,5
22,41	1,07	3,0	5,8	4,5
22,44	1,07	3,0	5,8	4,5
22,46	1,07	3,0	5,8	4,5
22,49	1,07	3,0	5,8	4,5
22,51	1,08	3,0	5,8	4,5
22,53	1,08	3,0	5,8	4,5
22,56	1,07	3,0	5,8	4,5
22,58	1,08	3,0	5,8	4,5
22,61	1,09	3,0	5,8	4,5
22,63	1,09	3,0	5,8	4,5
22,66	1,09	3,0	5,8	4,5
22,68	1,10	3,0	5,8	4,5
22,71	1,10	3,0	5,8	4,5
22,73	1,10	3,0	5,8	4,5
22,75	1,10	3,0	5,8	4,5
22,78	1,10	3,0	5,8	4,5
22,80	1,10	3,0	5,8	4,5
22,83	1,10	3,0	5,8	4,5
22,85	1,10	3,0	5,8	4,5
22,88	1,10	3,0	5,8	4,5
22,90	1,11	3,0	5,8	4,5
22,93	1,10	3,0	5,8	4,5
22,95	1,10	3,0	5,8	4,5
22,97	1,11	3,0	5,8	4,5
23,00	1,11	3,0	5,8	4,5
23,02	1,11	3,0	5,8	4,5
23,05	1,11	3,0	5,8	4,5
23,07	1,12	3,0	5,8	4,5
23,10	1,12	3,0	5,8	4,5
23,12	1,11	3,0	5,8	4,5
23,15	1,11	3,0	5,8	4,5
23,17	1,12	3,0	5,8	4,5
23,19	1,12	3,0	5,8	4,5
23,22	1,12	3,0	5,8	4,5
23,24	1,12	3,0	5,8	4,5
23,27	1,13	3,0	5,8	4,5
23,29	1,12	3,0	5,8	4,5
23,32	1,11	3,0	5,8	4,5
23,34	1,12	3,0	5,8	4,5
23,36	1,13	3,0	5,8	4,5
23,39	1,13	3,0	5,8	4,5
23,41	1,13	3,0	5,8	4,5
23,44	1,13	3,0	5,8	4,5
23,46	1,14	3,0	5,8	4,5
23,49	1,14	3,0	5,8	4,5
23,51	1,13	3,0	5,8	4,5
23,54	1,13	3,0	5,8	4,5
23,56	1,14	3,0	5,8	4,5
23,58	1,14	3,0	5,8	4,5
23,61	1,14	3,0	5,8	4,5
23,63	1,14	3,0	5,8	4,5
23,66	1,15	3,0	5,8	4,5
23,68	1,15	3,0	5,8	4,5
23,71	1,14	3,0	5,8	4,5
23,73	1,15	3,0	5,8	4,5
23,76	1,16	3,0	5,8	4,5
23,78	1,16	3,0	5,8	4,5
23,80	1,15	3,0	5,8	4,5
23,83	1,16	3,0	5,8	4,5
23,85	1,17	3,0	5,8	4,5
23,88	1,17	3,0	5,8	4,5
23,90	1,16	3,0	5,8	4,5
23,93	1,17	3,0	5,8	4,5
23,95	1,18	3,0	5,8	4,5
23,98	1,18	3,0	5,8	4,5
24,00	1,17	3,0	5,8	4,5
24,02	1,17	3,0	5,8	4,5
24,05	1,19	3,0	5,8	4,5
24,07	1,18	3,0	5,8	4,5
24,10	1,17	3,0	5,8	4,5
24,12	1,18	3,0	5,8	4,5
24,15	1,18	3,0	5,8	4,5
24,17	1,19	3,0	5,8	4,5
24,20	1,19	3,0	5,8	4,5
24,22	1,19	3,0	5,8	4,5
24,24	1,19	3,0	5,8	4,5
24,27	1,19	3,0	5,8	4,5
24,29	1,19	3,0	5,8	4,5
24,32	1,19	3,0	5,8	4,5
24,34	1,19	3,0	5,8	4,5
24,37	1,20	3,0	5,8	4,5
24,39	1,20	3,0	5,8	4,5
24,42	1,19	3,0	5,8	4,5
24,44	1,19	3,0	5,8	4,5
24,46	1,20	3,0	5,8	4,5
24,49	1,20	3,0	5,8	4,5
24,51	1,19	3,0	5,8	4,5
24,54	1,20	3,0	5,8	4,5
24,56	1,21	3,0	5,8	4,5
24,59	1,21	3,0	5,8	4,5
24,61	1,20	3,0	5,8	4,5
24,63	1,21	3,0	5,8	4,5
24,66	1,22	3,0	5,8	4,5
24,68	1,22	3,0	5,8	4,5
24,71	1,20	3,0	5,8	4,5
24,73	1,21	3,0	5,8	4,5
24,76	1,21	3,0	5,8	4,5
24,78	1,22	3,0	5,8	4,5
24,81	1,22	3,0	5,8	4,5
24,83	1,21	3,0	5,8	4,5
24,85	1,22	3,0	5,8	4,5
24,88	1,22	3,0	5,8	4,5
24,90	1,22	3,0	5,8	4,5
24,93	1,22	3,0	5,8	4,5
24,95	1,22	3,0	5,8	4,5
24,98	1,23	3,0	5,8	4,5
25,00	1,23	3,0	5,8	4,5
25,03	1,22	3,0	5,8	4,5
25,05	1,23	3,0	5,8	4,5
25,07	1,24	3,0	5,8	4,5
25,10	1,24	3,0	5,8	4,5
25,12	1,23	3,0	5,8	4,5
25,15	1,23	3,0	5,8	4,5
25,17	1,24	3,0	5,8	4,5
25,20	1,24	3,0	5,8	4,5
25,22	1,23	3,0	5,8	4,5
25,25	1,24	3,0	5,8	4,5
25,27	1,24	3,0	5,8	4,5
25,29	1,24	3,0	5,8	4,5
25,32	1,24	3,0	5,8	4,5
25,34	1,24	3,0	5,8	4,5
25,37	1,25	3,0	5,8	4,5
25,39	1,25	3,0	5,8	4,5
25,42	1,24	3,0	5,8	4,5
25,44	1,24	3,0	5,8	4,5
25,47	1,25	3,0	5,8	4,5
25,49	1,25	3,0	5,8	4,5
25,51	1,24	3,0	5,8	4,5
25,54	1,25	3,0	5,8	4,5
25,56	1,26	3,0	5,8	4,5
25,59	1,26	3,0	5,8	4,5
25,61	1,25	3,0	5,8	4,5
25,64	1,25	3,0	5,8	4,5
25,66	1,26	3,0	5,8	4,5
25,68	1,26	3,0	5,8	4,5
25,71	1,25	3,0	5,8	4,5
25,73	1,25	3,0	5,8	4,5
25,76	1,27	3,0	5,8	4,5
25,78	1,27	3,0	5,8	4,5
25,81	1,26	3,0	5,8	4,5
25,83	1,26	3,0	5,8	4,5
25,86	1,27	3,0	5,8	4,5
25,88	1,27	3,0	5,8	4,5
25,90	1,26	3,0	5,8	4,5
25,93	1,26	3,0	5,8	4,5
25,95	1,27	3,0	5,8	4,5
25,98	1,27	3,0	5,8	4,5
26,00	1,26	3,0	5,8	4,5
26,03	1,27	3,0	5,8	4,5
26,05	1,27	3,0	5,8	4,5
26,08	1,27	3,0	5,8	4,5
26,10	1,27	3,0	5,8	4,5
26,12	1,27	3,0	5,8	4,5
26,15	1,28	3,0	5,8	4,5
26,17	1,27	3,0	5,8	4,5
26,20	1,27	3,0	5,8	4,5
26,22	1,28	3,0	5,8	4,5
26,25	1,28	3,0	5,8	4,5
26,27	1,28	3,0	5,8	4,5
26,30	1,27	3,0	5,8	4,5
26,32	1,28	3,0	5,8	4,5
26,34	1,29	3,0	5,8	4,5
26,37	1,28	3,0	5,8	4,5
26,39	1,27	3,0	5,8	4,5
26,42	1,28	3,0	5,8	4,5
26,44	1,28	3,0	5,8	4,5
26,47	1,28	3,0	5,8	4,5
26,49	1,28	3,0	5,8	4,5
26,52	1,29	3,0	5,8	4,5
26,54	1,29	3,0	5,8	4,5
26,56	1,29	3,0	5,8	4,5
26,59	1,29	3,0	5,8	4,5
26,61	1,27	3,0	5,8	4,5
26,64	1,28	3,0	5,8	4,5
26,66	1,28	3,0	5,8	4,5
26,69	1,28	3,0	5,8	4,5
26,71	1,27	3,0	5,8	4,5
26,73	1,28	3,0	5,8	4,5
26,76	1,28	3,0	5,8	4,5
26,78	1,28	3,0	5,8	4,5
26,81	1,27	3,0	5,8	4,5
26,83	1,28	3,0	5,8	4,5
26,86	1,28	3,0	5,8	4,5
26,88	1,28	3,0	5,8	4,5
26,91	1,27	3,0	5,8	4,5
26,93	1,28	3,0	5,8	4,5
26,95	1,29	3,0	5,8	4,5
26,98	1,28	3,0	5,8	4,5
27,00	1,28	3,0	5,8	4,5
27,03	1,28	3,0	5,8	4,5
27,05	1,29	3,0	5,8	4,5
27,08	1,28	3,0	5,8	4,5
27,10	1,28	3,0	5,8	4,5
27,13	1,28	3,0	5,8	4,5
27,15	1,29	3,0	5,8	4,5
27,17	1,28	3,0	5,8	4,5
27,20	1,28	3,0	5,8	4,5
27,22	1,28	3,0	5,8	4,5
27,25	1,29	3,0	5,8	4,5
27,27	1,30	3,0	5,8	4,5
27,30	1,30	3,0	5,8	4,5
27,32	1,28	3,0	5,8	4,5
27,35	1,29	3,0	5,8	4,5
27,37	1,30	3,0	5,8	4,5
27,39	1,30	3,0	5,8	4,5
27,42	1,29	3,0	5,8	4,5
27,44	1,29	3,0	5,8	4,5
27,47	1,30	3,0	5,8	4,5
27,49	1,30	3,0	5,8	4,5
27,52	1,29	3,0	5,8	4,5
27,54	1,30	3,0	5,8	4,5
27,57	1,30	3,0	5,8	4,5
27,59	1,30	3,0	5,8	4,5
27,61	1,28	3,0	5,8	4,5
27,64	1,29	3,0	5,8	4,5
27,66	1,31	3,0	5,8	4,5
27,69	1,30	3,0	5,8	4,5
27,71	1,29	3,0	5,8	4,5
27,74	1,30	3,0	5,8	4,5
27,76	1,30	3,0	5,8	4,5
27,78	1,30	3,0	5,8	4,5
27,81	1,29	3,0	5,8	4,5
27,83	1,29	3,0	5,8	4,5
27,86	1,30	3,0	5,8	4,5
27,88	1,29	3,0	5,8	4,5
27,91	1,29	3,0	5,8	4,5
27,93	1,29	3,0	5,8	4,5
27,96	1,30	3,0	5,8	4,5
27,98	1,30	3,0	5,8	4,5
28,00	1,29	3,0	5,8	4,5
28,03	1,30	3,0	5,8	4,5
28,05	1,30	3,0	5,8	4,5
28,08	1,29	3,0	5,8	4,5
28,10	1,29	3,0	5,8	4,5
28,13	1,30	3,0	5,8	4,5
28,15	1,30	3,0	5,8	4,5
28,18	1,30	3,0	5,8	4,5
28,20	1,30	3,0	5,8	4,5
28,22	1,30	3,0	5,8	4,5
28,25	1,31	3,0	5,8	4,5
28,27	1,30	3,0	5,8	4,5
28,30	1,30	3,0	5,8	4,5
28,32	1,30	3,0	5,8	4,5
28,35	1,30	3,0	5,8	4,5
28,37	1,30	3,0	5,8	4,5
28,40	1,30	3,0	5,8	4,5
28,42	1,31	3,0	5,8	4,5
28,44	1,31	3,0	5,8	4,5
28,47	1,30	3,0	5,8	4,5
28,49	1,31	3,0	5,8	4,5
28,52	1,32	3,0	5,8	4,5
28,54	1,31	3,0	5,8	4,5
28,57	1,30	3,0	5,8	4,5
28,59	1,30	3,0	5,8	4,5
28,62	1,31	3,0	5,8	4,5
28,64	1,31	3,0	5,8	4,5
28,66	1,30	3,0	5,8	4,5
28,69	1,31	3,0	5,8	4,5
28,71	1,31	3,0	5,8	4,5
28,74	1,31	3,0	5,8	4,5
28,76	1,31	3,0	5,8	4,5
28,79	1,30	3,0	5,8	4,5
28,81	1,31	3,0	5,8	4,5
28,84	1,31	3,0	5,8	4,5
28,86	1,30	3,0	5,8	4,5
28,88	1,31	3,0	5,8	4,5
28,91	1,32	3,0	5,8	4,5
28,93	1,32	3,0	5,8	4,5
28,96	1,31	3,0	5,8	4,5
28,98	1,31	3,0	5,8	4,5
29,01	1,31	3,0	5,8	4,5
29,03	1,31	3,0	5,8	4,5
29,05	1,31	3,0	5,8	4,5
29,08	1,31	3,0	5,8	4,5
29,10	1,31	3,0	5,8	4,5
29,13	1,32	3,0	5,8	4,5
29,15	1,32	3,0	5,8	4,5
29,18	1,31	3,0	5,8	4,5
29,20	1,32	3,0	5,8	4,5
29,23	1,32	3,0	5,8	4,5
29,25	1,32	3,0	5,8	4,5
29,27	1,32	3,0	5,8	4,5
29,30	1,32	3,0	5,8	4,5
29,32	1,32	3,0	5,8	4,5
29,35	1,32	3,0	5,8	4,5
29,37	1,32	3,0	5,8	4,5
29,40	1,32	3,0	5,8	4,5
29,42	1,32	3,0	5,8	4,5
29,45	1,32	3,0	5,8	4,5
29,47	1,31	3,0	5,8	4,5
29,49	1,31	3,0	5,8	4,5
29,52	1,32	3,0	5,8	4,5
29,54	1,31	3,0	5,8	4,5
29,57	1,31	3,0	5,8	4,5
29,59	1,32	3,0	5,8	4,5
29,62	1,32	3,0	5,8	4,5
29,64	1,32	3,0	5,8	4,5
29,67	1,32	3,0	5,8	4,5
29,69	1,32	3,0	5,8	4,5
29,71	1,32	3,0	5,8	4,5
29,74	1,32	3,0	5,8	4,5
29,76	1,33	3,0	5,8	4,5
29,79	1,32	3,0	5,8	4,5
29,81	1,31	3,0	5,8	4,5
29,84	1,32	3,0	5,8	4,5
29,86	1,32	3,0	5,8	4,5
29,89	1,32	3,0	5,8	4,5
29,91	1,31	3,0	5,8	4,5
29,93	1,32	3,0	5,8	4,5
29,96	1,32	3,0	5,8	4,5
29,98	1,31	3,0	5,8	4,5
30,01	1,31	3,0	5,8	4,5
30,03	1,32	3,0	5,8	4,5
30,06	1,32	3,0	5,8	4,5
30,08	1,32	3,0	5,8	4,5
30,10	1,32	3,0	5,8	4,5
30,13	1,32	3,0	5,8	4,5
30,15	1,32	3,0	5,8	4,5
30,18	1,31	3,0	5,8	4,5
30,20	1,31	3,0	5,8	4,5
30,23	1,31	3,0	5,8	4,5
30,25	1,31	3,0	5,8	4,5
30,28	1,30	3,0	5,8	4,5
30,30	1,30	3,0	5,8	4,5
30,32	1,30	3,0	5,8	4,5
30,35	1,30	3,0	5,8	4,5
30,37	1,29	3,0	5,8	4,5
30,40	1,29	3,0	5,8	4,5
30,42	1,29	3,0	5,8	4,5
30,45	1,28	3,0	5,8	4,5
30,47	1,27	3,0	5,8	4,5
30,50	1,27	3,0	5,8	4,5
30,52	1,27	3,0	5,8	4,5
30,54	1,27	3,0	5,8	4,5
30,57	1,26	3,0	5,8	4,5
30,59	1,26	3,0	5,8	4,5
30,62	1,26	3,0	5,8	4,5
30,64	1,25	3,0	5,8	4,5
30,67	1,23	3,0	5,8	4,5
30,69	1,23	3,0	5,8	4,5
30,72	1,23	3,0	5,8	4,5
30,74	1,22	3,0	5,8	4,5
30,76	1,20	3,0	5,8	4,5
30,79	1,21	3,0	5,8	4,5
30,81	1,21	3,0	5,8	4,5
30,84	1,19	3,0	5,8	4,5
30,86	1,18	3,0	5,8	4,5
30,89	1,18	3,0	5,8	4,5
30,91	1,18	3,0	5,8	4,5
30,94	1,17	3,0	5,8	4,5
30,96	1,14	3,0	5,8	4,5
30,98	1,15	3,0	5,8	4,5
31,01	1,14	3,0	5,8	4,5
31,03	1,13	3,0	5,8	4,5
31,06	1,11	3,0	5,8	4,5
31,08	1,11	3,0	5,8	4,5
31,11	1,11	3,0	5,8	4,5
31,13	1,10	3,0	5,8	4,5
31,15	1,08	3,0	5,8	4,5
31,18	1,08	3,0	5,8	4,5
31,20	1,08	3,0	5,8	4,5
31,23	1,06	3,0	5,8	4,5
31,25	1,05	3,0	5,8	4,5
31,28	1,05	3,0	5,8	4,5
31,30	1,05	3,0	5,8	4,5
31,33	1,03	3,0	5,8	4,5
31,35	1,02	3,0	5,8	4,5
31,37	1,02	3,0	5,8	4,5
31,40	1,02	3,0	5,8	4,5
31,42	1,00	3,0	5,8	4,5
31,45	0,99	3,0	5,8	4,5
31,47	0,98	3,0	5,8	4,5
31,50	0,97	3,0	5,8	4,5
31,52	0,97	3,0	5,8	4,5
31,55	0,96	3,0	5,8	4,5
31,57	0,95	3,0	5,8	4,5
31,59	0,94	3,0	5,8	4,5
31,62	0,95	3,0	5,8	4,5
31,64	0,93	3,0	5,8	4,5
31,67	0,92	3,0	5,8	4,5
31,69	0,92	3,0	5,8	4,5
31,72	0,92	3,0	5,8	4,5
31,74	0,91	3,0	5,8	4,5
31,77	0,89	3,0	5,8	4,5
31,79	0,88	3,0	5,8	4,5
31,81	0,88	3,0	5,8	4,5
31,84	0,87	3,0	5,8	4,5
31,86	0,86	3,0	5,8	4,5
31,89	0,86	3,0	5,8	4,5
31,91	0,85	3,0	5,8	4,5
31,94	0,84	3,0	5,8	4,5
31,96	0,83	3,0	5,8	4,5
31,99	0,83	3,0	5,8	4,5
32,01	0,83	3,0	5,8	4,5
32,03	0,82	3,0	5,8	4,5
32,06	0,81	3,0	5,8	4,5
32,08	0,81	3,0	5,8	4,5
32,11	0,80	3,0	5,8	4,5
32,13	0,80	3,0	5,8	4,5
32,16	0,79	3,0	5,8	4,5
32,18	0,77	3,0	5,8	4,5
32,20	0,77	3,0	5,8	4,5
32,23	0,77	3,0	5,8	4,5
32,25	0,76	3,0	5,8	4,5
32,28	0,75	3,0	5,8	4,5
32,30	0,75	3,0	5,8	4,5
32,33	0,75	3,0	5,8	4,5
32,35	0,74	3,0	5,8	4,5
32,38	0,72	3,0	5,8	4,5
32,40	0,72	3,0	5,8	4,5
32,42	0,72	3,0	5,8	4,5
32,45	0,71	3,0	5,8	4,5
32,47	0,70	3,0	5,8	4,5
32,50	0,70	3,0	5,8	4,5
32,52	0,70	3,0	5,8	4,5
32,55	0,69	3,0	5,8	4,5
32,57	0,67	3,0	5,8	4,5
32,60	0,67	3,0	5,8	4,5
32,62	0,68	3,0	5,8	4,5
32,64	0,66	3,0	5,8	4,5
32,67	0,65	3,0	5,8	4,5
32,69	0,66	3,0	5,8	4,5
32,72	0,66	3,0	5,8	4,5
32,74	0,65	3,0	5,8	4,5
32,77	0,64	3,0	5,8	4,5
32,79	0,64	3,0	5,8	4,5
32,82	0,64	3,0	5,8	4,5
32,84	0,63	3,0	5,8	4,5
32,86	0,62	3,0	5,8	4,5
32,89	0,62	3,0	5,8	4,5
32,91	0,62	3,0	5,8	4,5
32,94	0,61	3,0	5,8	4,5
32,96	0,60	3,0	5,8	4,5
32,99	0,60	3,0	5,8	4,5
33,01	0,61	3,0	5,8	4,5
33,04	0,60	3,0	5,8	4,5
33,06	0,59	3,0	5,8	4,5
33,08	0,59	3,0	5,8	4,5
33,11	0,59	3,0	5,8	4,5
33,13	0,58	3,0	5,8	4,5
33,16	0,58	3,0	5,8	4,5
33,18	0,59	3,0	5,8	4,5
33,21	0,60	3,0	5,8	4,5
33,23	0,59	3,0	5,8	4,5
33,26	0,58	3,0	5,8	4,5
33,28	0,59	3,0	5,8	4,5
33,30	0,59	3,0	5,8	4,5
33,33	0,58	3,0	5,8	4,5
33,35	0,57	3,0	5,8	4,5
33,38	0,58	3,0	5,8	4,5
33,40	0,58	3,0	5,8	4,5
33,43	0,57	3,0	5,8	4,5
33,45	0,57	3,0	5,8	4,5
33,47	0,58	3,0	5,8	4,5
33,50	0,58	3,0	5,8	4,5
33,52	0,58	3,0	5,8	4,5
33,55	0,58	3,0	5,8	4,5
33,57	0,59	3,0	5,8	4,5
33,60	0,59	3,0	5,8	4,5
33,62	0,58	3,0	5,8	4,5
33,65	0,58	3,0	5,8	4,5
33,67	0,60	3,0	5,8	4,5
33,69	0,60	3,0	5,8	4,5
33,72	0,59	3,0	5,8	4,5
33,74	0,59	3,0	5,8	4,5
33,77	0,60	3,0	5,8	4,5
33,79	0,60	3,0	5,8	4,5
33,82	0,59	3,0	5,8	4,5
33,84	0,59	3,0	5,8	4,5
33,87	0,60	3,0	5,8	4,5
33,89	0,60	3,0	5,8	4,5
33,91	0,61	3,0	5,8	4,5
33,94	0,60	3,0	5,8	4,5
33,96	0,60	3,0	5,8	4,5
33,99	0,61	3,0	5,8	4,5
34,01	0,62	3,0	5,8	4,5
34,04	0,61	3,0	5,8	4,5
34,06	0,61	3,0	5,8	4,5
34,09	0,62	3,0	5,8	4,5
34,11	0,62	3,0	5,8	4,5
34,13	0,62	3,0	5,8	4,5
34,16	0,62	3,0	5,8	4,5
34,18	0,63	3,0	5,8	4,5
34,21	0,63	3,0	5,8	4,5
34,23	0,63	3,0	5,8	4,5
34,26	0,62	3,0	5,8	4,5
34,28	0,63	3,0	5,8	4,5
34,31	0,64	3,0	5,8	4,5
34,33	0,63	3,0	5,8	4,5
34,35	0,63	3,0	5,8	4,5
34,38	0,64	3,0	5,8	4,5
34,40	0,65	3,0	5,8	4,5
34,43	0,65	3,0	5,8	4,5
34,45	0,65	3,0	5,8	4,5
34,48	0,66	3,0	5,8	4,5
34,50	0,66	3,0	5,8	4,5
34,52	0,66	3,0	5,8	4,5
34,55	0,66	3,0	5,8	4,5
34,57	0,66	3,0	5,8	4,5
34,60	0,67	3,0	5,8	4,5
34,62	0,68	3,0	5,8	4,5
34,65	0,67	3,0	5,8	4,5
34,67	0,67	3,0	5,8	4,5
34,70	0,68	3,0	5,8	4,5
34,72	0,69	3,0	5,8	4,5
34,74	0,68	3,0	5,8	4,5
34,77	0,68	3,0	5,8	4,5
34,79	0,69	3,0	5,8	4,5
34,82	0,70	3,0	5,8	4,5
34,84	0,69	3,0	5,8	4,5
34,87	0,69	3,0	5,8	4,5
34,89	0,71	3,0	5,8	4,5
34,92	0,72	3,0	5,8	4,5
34,94	0,71	3,0	5,8	4,5
34,96	0,71	3,0	5,8	4,5
34,99	0,73	3,0	5,8	4,5
35,01	0,73	3,0	5,8	4,5
35,04	0,73	3,0	5,8	4,5
35,06	0,73	3,0	5,8	4,5
35,09	0,74	3,0	5,8	4,5
35,11	0,75	3,0	5,8	4,5
35,14	0,74	3,0	5,8	4,5
35,16	0,75	3,0	5,8	4,5
35,18	0,76	3,0	5,8	4,5
35,21	0,77	3,0	5,8	4,5
35,23	0,77	3,0	5,8	4,5
35,26	0,77	3,0	5,8	4,5
35,28	0,78	3,0	5,8	4,5
35,31	0,79	3,0	5,8	4,5
35,33	0,78	3,0	5,8	4,5
35,36	0,79	3,0	5,8	4,5
35,38	0,80	3,0	5,8	4,5
35,40	0,81	3,0	5,8	4,5
35,43	0,81	3,0	5,8	4,5
35,45	0,81	3,0	5,8	4,5
35,48	0,83	3,0	5,8	4,5
35,50	0,83	3,0	5,8	4,5
35,53	0,83	3,0	5,8	4,5
35,55	0,83	3,0	5,8	4,5
35,57	0,85	3,0	5,8	4,5
35,60	0,86	3,0	5,8	4,5
35,62	0,86	3,0	5,8	4,5
35,65	0,86	3,0	5,8	4,5
35,67	0,88	3,0	5,8	4,5
35,70	0,88	3,0	5,8	4,5
35,72	0,88	3,0	5,8	4,5
35,75	0,89	3,0	5,8	4,5
35,77	0,90	3,0	5,8	4,5
35,79	0,90	3,0	5,8	4,5
35,82	0,91	3,0	5,8	4,5
35,84	0,91	3,0	5,8	4,5
35,87	0,93	3,0	5,8	4,5
35,89	0,93	3,0	5,8	4,5
35,92	0,93	3,0	5,8	4,5
35,94	0,95	3,0	5,8	4,5
35,97	0,96	3,0	5,8	4,5
35,99	0,96	3,0	5,8	4,5
36,01	0,96	3,0	5,8	4,5
36,04	0,97	3,0	5,8	4,5
36,06	0,99	3,0	5,8	4,5
36,09	0,99	3,0	5,8	4,5
36,11	0,98	3,0	5,8	4,5
36,14	1,00	3,0	5,8	4,5
36,16	1,01	3,0	5,8	4,5
36,19	1,01	3,0	5,8	4,5
36,21	1,01	3,0	5,8	4,5
36,23	1,03	3,0	5,8	4,5
36,26	1,04	3,0	5,8	4,5
36,28	1,04	3,0	5,8	4,5
36,31	1,04	3,0	5,8	4,5
36,33	1,05	3,0	5,8	4,5
36,36	1,05	3,0	5,8	4,5
36,38	1,07	3,0	5,8	4,5
36,41	1,07	3,0	5,8	4,5
36,43	1,07	3,0	5,8	4,5
36,45	1,08	3,0	5,8	4,5
36,48	1,09	3,0	5,8	4,5
36,50	1,09	3,0	5,8	4,5
36,53	1,10	3,0	5,8	4,5
36,55	1,10	3,0	5,8	4,5
36,58	1,11	3,0	5,8	4,5
36,60	1,12	3,0	5,8	4,5
36,62	1,12	3,0	5,8	4,5
36,65	1,13	3,0	5,8	4,5
36,67	1,14	3,0	5,8	4,5
36,70	1,15	3,0	5,8	4,5
36,72	1,15	3,0	5,8	4,5
36,75	1,15	3,0	5,8	4,5
36,77	1,17	3,0	5,8	4,5
36,80	1,17	3,0	5,8	4,5
36,82	1,18	3,0	5,8	4,5
36,84	1,19	3,0	5,8	4,5
36,87	1,20	3,0	5,8	4,5
36,89	1,20	3,0	5,8	4,5
36,92	1,20	3,0	5,8	4,5
36,94	1,21	3,0	5,8	4,5
36,97	1,22	3,0	5,8	4,5
36,99	1,23	3,0	5,8	4,5
37,02	1,24	3,0	5,8	4,5
37,04	1,24	3,0	5,8	4,5
37,06	1,24	3,0	5,8	4,5
37,09	1,26	3,0	5,8	4,5
37,11	1,27	3,0	5,8	4,5
37,14	1,27	3,0	5,8	4,5
37,16	1,28	3,0	5,8	4,5
37,19	1,29	3,0	5,8	4,5
37,21	1,30	3,0	5,8	4,5
37,24	1,30	3,0	5,8	4,5
37,26	1,31	3,0	5,8	4,5
37,28	1,32	3,0	5,8	4,5
37,31	1,33	3,0	5,8	4,5
37,33	1,33	3,0	5,8	4,5
37,36	1,34	3,0	5,8	4,5
37,38	1,35	3,0	5,8	4,5
37,41	1,36	3,0	5,8	4,5
37,43	1,35	3,0	5,8	4,5
37,46	1,36	3,0	5,8	4,5
37,48	1,38	3,0	5,8	4,5
37,50	1,38	3,0	5,8	4,5
37,53	1,39	3,0	5,8	4,5
37,55	1,39	3,0	5,8	4,5
37,58	1,41	3,0	5,8	4,5
37,60	1,42	3,0	5,8	4,5
37,63	1,41	3,0	5,8	4,5
37,65	1,42	3,0	5,8	4,5
37,68	1,43	3,0	5,8	4,5
37,70	1,43	3,0	5,8	4,5
37,72	1,44	3,0	5,8	4,5
37,75	1,45	3,0	5,8	4,5
37,77	1,46	3,0	5,8	4,5
37,80	1,46	3,0	5,8	4,5
37,82	1,46	3,0	5,8	4,5
37,85	1,48	3,0	5,8	4,5
37,87	1,49	3,0	5,8	4,5
37,89	1,49	3,0	5,8	4,5
37,92	1,49	3,0	5,8	4,5
37,94	1,50	3,0	5,8	4,5
37,97	1,52	3,0	5,8	4,5
37,99	1,52	3,0	5,8	4,5
38,02	1,52	3,0	5,8	4,5
38,04	1,53	3,0	5,8	4,5
38,07	1,54	3,0	5,8	4,5
38,09	1,54	3,0	5,8	4,5
38,11	1,55	3,0	5,8	4,5
38,14	1,56	3,0	5,8	4,5
38,16	1,57	3,0	5,8	4,5
38,19	1,57	3,0	5,8	4,5
38,21	1,57	3,0	5,8	4,5
38,24	1,59	3,0	5,8	4,5
38,26	1,60	3,0	5,8	4,5
38,29	1,60	3,0	5,8	4,5
38,31	1,60	3,0	5,8	4,5
38,33	1,62	3,0	5,8	4,5
38,36	1,63	3,0	5,8	4,5
38,38	1,62	3,0	5,8	4,5
38,41	1,62	3,0	5,8	4,5
38,43	1,65	3,0	5,8	4,5
38,46	1,65	3,0	5,8	4,5
38,48	1,65	3,0	5,8	4,5
38,51	1,66	3,0	5,8	4,5
38,53	1,67	3,0	5,8	4,5
38,55	1,68	3,0	5,8	4,5
38,58	1,68	3,0	5,8	4,5
38,60	1,68	3,0	5,8	4,5
38,63	1,70	3,0	5,8	4,5
38,65	1,70	3,0	5,8	4,5
38,68	1,70	3,0	5,8	4,5
38,70	1,71	3,0	5,8	4,5
38,73	1,73	3,0	5,8	4,5
38,75	1,74	3,0	5,8	4,5
38,77	1,74	3,0	5,8	4,5
38,80	1,74	3,0	5,8	4,5
38,82	1,75	3,0	5,8	4,5
38,85	1,76	3,0	5,8	4,5
38,87	1,77	3,0	5,8	4,5
38,90	1,76	3,0	5,8	4,5
38,92	1,77	3,0	5,8	4,5
38,94	1,79	3,0	5,8	4,5
38,97	1,80	3,0	5,8	4,5
38,99	1,80	3,0	5,8	4,5
39,02	1,80	3,0	5,8	4,5
39,04	1,82	3,0	5,8	4,5
39,07	1,83	3,0	5,8	4,5
39,09	1,82	3,0	5,8	4,5
39,12	1,83	3,0	5,8	4,5
39,14	1,84	3,0	5,8	4,5
39,16	1,85	3,0	5,8	4,5
39,19	1,85	3,0	5,8	4,5
39,21	1,86	3,0	5,8	4,5
39,24	1,87	3,0	5,8	4,5
39,26	1,88	3,0	5,8	4,5
39,29	1,88	3,0	5,8	4,5
39,31	1,89	3,0	5,8	4,5
39,34	1,90	3,0	5,8	4,5
39,36	1,91	3,0	5,8	4,5
39,38	1,91	3,0	5,8	4,5
39,41	1,91	3,0	5,8	4,5
39,43	1,92	3,0	5,8	4,5
39,46	1,93	3,0	5,8	4,5
39,48	1,94	3,0	5,8	4,5
39,51	1,94	3,0	5,8	4,5
39,53	1,94	3,0	5,8	4,5
39,56	1,96	3,0	5,8	4,5
39,58	1,97	3,0	5,8	4,5
39,60	1,96	3,0	5,8	4,5
39,63	1,96	3,0	5,8	4,5
39,65	1,97	3,0	5,8	4,5
39,68	1,99	3,0	5,8	4,5
39,70	1,99	3,0	5,8	4,5
39,73	1,99	3,0	5,8	4,5
39,75	2,00	3,0	5,8	4,5
39,78	2,01	3,0	5,8	4,5
39,80	2,01	3,0	5,8	4,5
39,82	2,01	3,0	5,8	4,5
39,85	2,02	3,0	5,8	4,5
39,87	2,03	3,0	5,8	4,5
39,90	2,03	3,0	5,8	4,5
39,92	2,03	3,0	5,8	4,5
39,95	2,05	3,0	5,8	4,5
39,97	2,06	3,0	5,8	4,5
39,99	2,05	3,0	5,8	4,5
40,02	2,06	3,0	5,8	4,5
40,04	2,08	3,0	5,8	4,5
40,07	2,08	3,0	5,8	4,5
40,09	2,08	3,0	5,8	4,5
40,12	2,08	3,0	5,8	4,5
40,14	2,10	3,0	5,8	4,5
40,17	2,11	3,0	5,8	4,5
40,19	2,10	3,0	5,8	4,5
40,21	2,11	3,0	5,8	4,5
40,24	2,12	3,0	5,8	4,5
40,26	2,14	3,0	5,8	4,5
40,29	2,13	3,0	5,8	4,5
40,31	2,13	3,0	5,8	4,5
40,34	2,15	3,0	5,8	4,5
40,36	2,16	3,0	5,8	4,5
40,39	2,15	3,0	5,8	4,5
40,41	2,16	3,0	5,8	4,5
40,43	2,17	3,0	5,8	4,5
40,46	2,18	3,0	5,8	4,5
40,48	2,18	3,0	5,8	4,5
40,51	2,18	3,0	5,8	4,5
40,53	2,20	3,0	5,8	4,5
40,56	2,20	3,0	5,8	4,5
40,58	2,20	3,0	5,8	4,5
40,61	2,20	3,0	5,8	4,5
40,63	2,22	3,0	5,8	4,5
40,65	2,23	3,0	5,8	4,5
40,68	2,23	3,0	5,8	4,5
40,70	2,23	3,0	5,8	4,5
40,73	2,25	3,0	5,8	4,5
40,75	2,25	3,0	5,8	4,5
40,78	2,25	3,0	5,8	4,5
40,80	2,25	3,0	5,8	4,5
40,83	2,26	3,0	5,8	4,5
40,85	2,27	3,0	5,8	4,5
40,87	2,27	3,0	5,8	4,5
40,90	2,27	3,0	5,8	4,5
40,92	2,29	3,0	5,8	4,5
40,95	2,29	3,0	5,8	4,5
40,97	2,29	3,0	5,8	4,5
41,00	2,30	3,0	5,8	4,5
41,02	2,31	3,0	5,8	4,5
41,05	2,31	3,0	5,8	4,5
41,07	2,31	3,0	5,8	4,5
41,09	2,32	3,0	5,8	4,5
41,12	2,33	3,0	5,8	4,5
41,14	2,33	3,0	5,8	4,5
41,17	2,33	3,0	5,8	4,5
41,19	2,34	3,0	5,8	4,5
41,22	2,35	3,0	5,8	4,5
41,24	2,36	3,0	5,8	4,5
41,26	2,36	3,0	5,8	4,5
41,29	2,36	3,0	5,8	4,5
41,31	2,36	3,0	5,8	4,5
41,34	2,37	3,0	5,8	4,5
41,36	2,38	3,0	5,8	4,5
41,39	2,38	3,0	5,8	4,5
41,41	2,39	3,0	5,8	4,5
41,44	2,40	3,0	5,8	4,5
41,46	2,40	3,0	5,8	4,5
41,48	2,41	3,0	5,8	4,5
41,51	2,40	3,0	5,8	4,5
41,53	2,42	3,0	5,8	4,5
41,56	2,42	3,0	5,8	4,5
41,58	2,41	3,0	5,8	4,5
41,61	2,42	3,0	5,8	4,5
41,63	2,44	3,0	5,8	4,5
41,66	2,44	3,0	5,8	4,5
41,68	2,44	3,0	5,8	4,5
41,70	2,44	3,0	5,8	4,5
41,73	2,45	3,0	5,8	4,5
41,75	2,46	3,0	5,8	4,5
41,78	2,46	3,0	5,8	4,5
41,80	2,46	3,0	5,8	4,5
41,83	2,47	3,0	5,8	4,5
41,85	2,48	3,0	5,8	4,5
41,88	2,49	3,0	5,8	4,5
41,90	2,48	3,0	5,8	4,5
41,92	2,49	3,0	5,8	4,5
41,95	2,50	3,0	5,8	4,5
41,97	2,51	3,0	5,8	4,5
42,00	2,50	3,0	5,8	4,5
42,02	2,50	3,0	5,8	4,5
42,05	2,51	3,0	5,8	4,5
42,07	2,52	3,0	5,8	4,5
42,10	2,51	3,0	5,8	4,5
42,12	2,52	3,0	5,8	4,5
42,14	2,53	3,0	5,8	4,5
42,17	2,54	3,0	5,8	4,5
42,19	2,53	3,0	5,8	4,5
42,22	2,53	3,0	5,8	4,5
42,24	2,55	3,0	5,8	4,5
42,27	2,56	3,0	5,8	4,5
42,29	2,55	3,0	5,8	4,5
42,31	2,55	3,0	5,8	4,5
42,34	2,56	3,0	5,8	4,5
42,36	2,57	3,0	5,8	4,5
42,39	2,56	3,0	5,8	4,5
42,41	2,57	3,0	5,8	4,5
42,44	2,58	3,0	5,8	4,5
42,46	2,59	3,0	5,8	4,5
42,49	2,58	3,0	5,8	4,5
42,51	2,58	3,0	5,8	4,5
42,53	2,59	3,0	5,8	4,5
42,56	2,60	3,0	5,8	4,5
42,58	2,60	3,0	5,8	4,5
42,61	2,60	3,0	5,8	4,5
42,63	2,62	3,0	5,8	4,5
42,66	2,62	3,0	5,8	4,5
42,68	2,61	3,0	5,8	4,5
42,71	2,62	3,0	5,8	4,5
42,73	2,62	3,0	5,8	4,5
42,75	2,63	3,0	5,8	4,5
42,78	2,62	3,0	5,8	4,5
42,80	2,63	3,0	5,8	4,5
42,83	2,64	3,0	5,8	4,5
42,85	2,64	3,0	5,8	4,5
42,88	2,64	3,0	5,8	4,5
42,90	2,65	3,0	5,8	4,5
42,93	2,65	3,0	5,8	4,5
42,95	2,65	3,0	5,8	4,5
42,97	2,65	3,0	5,8	4,5
43,00	2,66	3,0	5,8	4,5
43,02	2,67	3,0	5,8	4,5
43,05	2,67	3,0	5,8	4,5
43,07	2,67	3,0	5,8	4,5
43,10	2,68	3,0	5,8	4,5
43,12	2,69	3,0	5,8	4,5
43,15	2,68	3,0	5,8	4,5
43,17	2,68	3,0	5,8	4,5
43,19	2,69	3,0	5,8	4,5
43,22	2,69	3,0	5,8	4,5
43,24	2,68	3,0	5,8	4,5
43,27	2,69	3,0	5,8	4,5
43,29	2,69	3,0	5,8	4,5
43,32	2,70	3,0	5,8	4,5
43,34	2,70	3,0	5,8	4,5
43,36	2,70	3,0	5,8	4,5
43,39	2,71	3,0	5,8	4,5
43,41	2,72	3,0	5,8	4,5
43,44	2,70	3,0	5,8	4,5
43,46	2,71	3,0	5,8	4,5
43,49	2,72	3,0	5,8	4,5
43,51	2,72	3,0	5,8	4,5
43,54	2,72	3,0	5,8	4,5
43,56	2,72	3,0	5,8	4,5
43,58	2,73	3,0	5,8	4,5
43,61	2,74	3,0	5,8	4,5
43,63	2,73	3,0	5,8	4,5
43,66	2,73	3,0	5,8	4,5
43,68	2,73	3,0	5,8	4,5
43,71	2,73	3,0	5,8	4,5
43,73	2,74	3,0	5,8	4,5
43,76	2,75	3,0	5,8	4,5
43,78	2,74	3,0	5,8	4,5
43,80	2,75	3,0	5,8	4,5
43,83	2,76	3,0	5,8	4,5
43,85	2,76	3,0	5,8	4,5
43,88	2,75	3,0	5,8	4,5
43,90	2,77	3,0	5,8	4,5
43,93	2,76	3,0	5,8	4,5
43,95	2,76	3,0	5,8	4,5
43,98	2,76	3,0	5,8	4,5
44,00	2,77	3,0	5,8	4,5
44,02	2,78	3,0	5,8	4,5
44,05	2,78	3,0	5,8	4,5
44,07	2,78	3,0	5,8	4,5
44,10	2,79	3,0	5,8	4,5
44,12	2,79	3,0	5,8	4,5
44,15	2,79	3,0	5,8	4,5
44,17	2,79	3,0	5,8	4,5
44,20	2,80	3,0	5,8	4,5
44,22	2,80	3,0	5,8	4,5
44,24	2,79	3,0	5,8	4,5
44,27	2,80	3,0	5,8	4,5
44,29	2,81	3,0	5,8	4,5
44,32	2,81	3,0	5,8	4,5
44,34	2,82	3,0	5,8	4,5
44,37	2,82	3,0	5,8	4,5
44,39	2,81	3,0	5,8	4,5
44,41	2,81	3,0	5,8	4,5
44,44	2,82	3,0	5,8	4,5
44,46	2,82	3,0	5,8	4,5
44,49	2,82	3,0	5,8	4,5
44,51	2,82	3,0	5,8	4,5
44,54	2,83	3,0	5,8	4,5
44,56	2,83	3,0	5,8	4,5
44,59	2,83	3,0	5,8	4,5
44,61	2,83	3,0	5,8	4,5
44,63	2,84	3,0	5,8	4,5
44,66	2,84	3,0	5,8	4,5
44,68	2,83	3,0	5,8	4,5
44,71	2,84	3,0	5,8	4,5
44,73	2,85	3,0	5,8	4,5
44,76	2,84	3,0	5,8	4,5
44,78	2,84	3,0	5,8	4,5
44,81	2,84	3,0	5,8	4,5
44,83	2,85	3,0	5,8	4,5
44,85	2,85	3,0	5,8	4,5
44,88	2,85	3,0	5,8	4,5
44,90	2,86	3,0	5,8	4,5
44,93	2,86	3,0	5,8	4,5
44,95	2,85	3,0	5,8	4,5
44,98	2,86	3,0	5,8	4,5
45,00	2,87	3,0	5,8	4,5
45,03	2,87	3,0	5,8	4,5
45,05	2,87	3,0	5,8	4,5
45,07	2,86	3,0	5,8	4,5
45,10	2,87	3,0	5,8	4,5
45,12	2,88	3,0	5,8	4,5
45,15	2,86	3,0	5,8	4,5
45,17	2,87	3,0	5,8	4,5
45,20	2,88	3,0	5,8	4,5
45,22	2,88	3,0	5,8	4,5
45,25	2,87	3,0	5,8	4,5
45,27	2,87	3,0	5,8	4,5
45,29	2,89	3,0	5,8	4,5
45,32	2,89	3,0	5,8	4,5
45,34	2,88	3,0	5,8	4,5
45,37	2,88	3,0	5,8	4,5
45,39	2,89	3,0	5,8	4,5
45,42	2,89	3,0	5,8	4,5
45,44	2,88	3,0	5,8	4,5
45,47	2,89	3,0	5,8	4,5
45,49	2,90	3,0	5,8	4,5
45,51	2,90	3,0	5,8	4,5
45,54	2,89	3,0	5,8	4,5
45,56	2,89	3,0	5,8	4,5
45,59	2,90	3,0	5,8	4,5
45,61	2,90	3,0	5,8	4,5
45,64	2,89	3,0	5,8	4,5
45,66	2,89	3,0	5,8	4,5
45,68	2,90	3,0	5,8	4,5
45,71	2,90	3,0	5,8	4,5
45,73	2,90	3,0	5,8	4,5
45,76	2,90	3,0	5,8	4,5
45,78	2,91	3,0	5,8	4,5
45,81	2,91	3,0	5,8	4,5
45,83	2,90	3,0	5,8	4,5
45,86	2,90	3,0	5,8	4,5
45,88	2,91	3,0	5,8	4,5
45,90	2,92	3,0	5,8	4,5
45,93	2,91	3,0	5,8	4,5
45,95	2,91	3,0	5,8	4,5
45,98	2,92	3,0	5,8	4,5
46,00	2,92	3,0	5,8	4,5
46,03	2,92	3,0	5,8	4,5
46,05	2,91	3,0	5,8	4,5
46,08	2,92	3,0	5,8	4,5
46,10	2,92	3,0	5,8	4,5
46,12	2,92	3,0	5,8	4,5
46,15	2,92	3,0	5,8	4,5
46,17	2,92	3,0	5,8	4,5
46,20	2,93	3,0	5,8	4,5
46,22	2,93	3,0	5,8	4,5
46,25	2,93	3,0	5,8	4,5
46,27	2,93	3,0	5,8	4,5
46,30	2,93	3,0	5,8	4,5
46,32	2,94	3,0	5,8	4,5
46,34	2,92	3,0	5,8	4,5
46,37	2,92	3,0	5,8	4,5
46,39	2,93	3,0	5,8	4,5
46,42	2,93	3,0	5,8	4,5
46,44	2,93	3,0	5,8	4,5
46,47	2,93	3,0	5,8	4,5
46,49	2,93	3,0	5,8	4,5
46,52	2,93	3,0	5,8	4,5
46,54	2,92	3,0	5,8	4,5
46,56	2,93	3,0	5,8	4,5
46,59	2,93	3,0	5,8	4,5
46,61	2,93	3,0	5,8	4,5
46,64	2,93	3,0	5,8	4,5
46,66	2,93	3,0	5,8	4,5
46,69	2,93	3,0	5,8	4,5
46,71	2,94	3,0	5,8	4,5
46,73	2,93	3,0	5,8	4,5
46,76	2,93	3,0	5,8	4,5
46,78	2,93	3,0	5,8	4,5
46,81	2,93	3,0	5,8	4,5
46,83	2,93	3,0	5,8	4,5
46,86	2,92	3,0	5,8	4,5
46,88	2,93	3,0	5,8	4,5
46,91	2,94	3,0	5,8	4,5
46,93	2,94	3,0	5,8	4,5
46,95	2,93	3,0	5,8	4,5
46,98	2,93	3,0	5,8	4,5
47,00	2,94	3,0	5,8	4,5
47,03	2,93	3,0	5,8	4,5
47,05	2,92	3,0	5,8	4,5
47,08	2,92	3,0	5,8	4,5
47,10	2,93	3,0	5,8	4,5
47,13	2,93	3,0	5,8	4,5
47,15	2,92	3,0	5,8	4,5
47,17	2,91	3,0	5,8	4,5
47,20	2,93	3,0	5,8	4,5
47,22	2,92	3,0	5,8	4,5
47,25	2,91	3,0	5,8	4,5
47,27	2,90	3,0	5,8	4,5
47,30	2,91	3,0	5,8	4,5
47,32	2,91	3,0	5,8	4,5
47,35	2,89	3,0	5,8	4,5
47,37	2,89	3,0	5,8	4,5
47,39	2,90	3,0	5,8	4,5
47,42	2,90	3,0	5,8	4,5
47,44	2,88	3,0	5,8	4,5
47,47	2,88	3,0	5,8	4,5
47,49	2,88	3,0	5,8	4,5
47,52	2,88	3,0	5,8	4,5
47,54	2,86	3,0	5,8	4,5
47,57	2,85	3,0	5,8	4,5
47,59	2,86	3,0	5,8	4,5
47,61	2,85	3,0	5,8	4,5
47,64	2,84	3,0	5,8	4,5
47,66	2,83	3,0	5,8	4,5
47,69	2,84	3,0	5,8	4,5
47,71	2,84	3,0	5,8	4,5
47,74	2,82	3,0	5,8	4,5
47,76	2,81	3,0	5,8	4,5
47,78	2,81	3,0	5,8	4,5
47,81	2,80	3,0	5,8	4,5
47,83	2,79	3,0	5,8	4,5
47,86	2,78	3,0	5,8	4,5
47,88	2,79	3,0	5,8	4,5
47,91	2,78	3,0	5,8	4,5
47,93	2,76	3,0	5,8	4,5
47,96	2,76	3,0	5,8	4,5
47,98	2,76	3,0	5,8	4,5
48,00	2,75	3,0	5,8	4,5
48,03	2,73	3,0	5,8	4,5
48,05	2,73	3,0	5,8	4,5
48,08	2,73	3,0	5,8	4,5
48,10	2,72	3,0	5,8	4,5
48,13	2,71	3,0	5,8	4,5
48,15	2,71	3,0	5,8	4,5
48,18	2,71	3,0	5,8	4,5
48,20	2,70	3,0	5,8	4,5
48,22	2,68	3,0	5,8	4,5
48,25	2,68	3,0	5,8	4,5
48,27	2,67	3,0	5,8	4,5
48,30	2,66	3,0	5,8	4,5
48,32	2,65	3,0	5,8	4,5
48,35	2,65	3,0	5,8	4,5
48,37	2,65	3,0	5,8	4,5
48,40	2,64	3,0	5,8	4,5
48,42	2,63	3,0	5,8	4,5
48,44	2,63	3,0	5,8	4,5
48,47	2,62	3,0	5,8	4,5
48,49	2,61	3,0	5,8	4,5
48,52	2,60	3,0	5,8	4,5
48,54	2,59	3,0	5,8	4,5
48,57	2,59	3,0	5,8	4,5
48,59	2,59	3,0	5,8	4,5
48,62	2,58	3,0	5,8	4,5
48,64	2,57	3,0	5,8	4,5
48,66	2,57	3,0	5,8	4,5
48,69	2,56	3,0	5,8	4,5
48,71	2,56	3,0	5,8	4,5
48,74	2,55	3,0	5,8	4,5
48,76	2,54	3,0	5,8	4,5
48,79	2,54	3,0	5,8	4,5
48,81	2,54	3,0	5,8	4,5
48,84	2,52	3,0	5,8	4,5
48,86	2,52	3,0	5,8	4,5
48,88	2,52	3,0	5,8	4,5
48,91	2,51	3,0	5,8	4,5
48,93	2,50	3,0	5,8	4,5
48,96	2,49	3,0	5,8	4,5
48,98	2,49	3,0	5,8	4,5
49,01	2,48	3,0	5,8	4,5
49,03	2,47	3,0	5,8	4,5
49,05	2,47	3,0	5,8	4,5
49,08	2,46	3,0	5,8	4,5
49,10	2,45	3,0	5,8	4,5
49,13	2,45	3,0	5,8	4,5
49,15	2,44	3,0	5,8	4,5
49,18	2,44	3,0	5,8	4,5
49,20	2,43	3,0	5,8	4,5
49,23	2,42	3,0	5,8	4,5
49,25	2,41	3,0	5,8	4,5
49,27	2,40	3,0	5,8	4,5
49,30	2,41	3,0	5,8	4,5
49,32	2,40	3,0	5,8	4,5
49,35	2,39	3,0	5,8	4,5
49,37	2,38	3,0	5,8	4,5
49,40	2,38	3,0	5,8	4,5
49,42	2,37	3,0	5,8	4,5
49,45	2,35	3,0	5,8	4,5
49,47	2,34	3,0	5,8	4,5
49,49	2,35	3,0	5,8	4,5
49,52	2,34	3,0	5,8	4,5
49,54	2,32	3,0	5,8	4,5
49,57	2,32	3,0	5,8	4,5
49,59	2,32	3,0	5,8	4,5
49,62	2,31	3,0	5,8	4,5
49,64	2,30	3,0	5,8	4,5
49,67	2,29	3,0	5,8	4,5
49,69	2,30	3,0	5,8	4,5
49,71	2,29	3,0	5,8	4,5
49,74	2,27	3,0	5,8	4,5
49,76	2,27	3,0	5,8	4,5
49,79	2,27	3,0	5,8	4,5
49,81	2,26	3,0	5,8	4,5
49,84	2,25	3,0	5,8	4,5
49,86	2,25	3,0	5,8	4,5
49,89	2,25	3,0	5,8	4,5
49,91	2,24	3,0	5,8	4,5
49,93	2,22	3,0	5,8	4,5
49,96	2,22	3,0	5,8	4,5
49,98	2,22	3,0	5,8	4,5
50,01	2,22	3,0	5,8	4,5
50,03	2,21	3,0	5,8	4,5
50,06	2,21	3,0	5,8	4,5
50,08	2,21	3,0	5,8	4,5
50,10	2,20	3,0	5,8	4,5
50,13	2,19	3,0	5,8	4,5
50,15	2,19	3,0	5,8	4,5
50,18	2,19	3,0	5,8	4,5
50,20	2,18	3,0	5,8	4,5
50,23	2,17	3,0	5,8	4,5
50,25	2,17	3,0	5,8	4,5
50,28	2,17	3,0	5,8	4,5
50,30	2,16	3,0	5,8	4,5
50,32	2,16	3,0	5,8	4,5
50,35	2,16	3,0	5,8	4,5
50,37	2,15	3,0	5,8	4,5
50,40	2,14	3,0	5,8	4,5
50,42	2,13	3,0	5,8	4,5
50,45	2,14	3,0	5,8	4,5
50,47	2,14	3,0	5,8	4,5
50,50	2,12	3,0	5,8	4,5
50,52	2,12	3,0	5,8	4,5
50,54	2,13	3,0	5,8	4,5
50,57	2,12	3,0	5,8	4,5
50,59	2,11	3,0	5,8	4,5
50,62	2,11	3,0	5,8	4,5
50,64	2,11	3,0	5,8	4,5
50,67	2,10	3,0	5,8	4,5
50,69	2,09	3,0	5,8	4,5
50,72	2,09	3,0	5,8	4,5
50,74	2,09	3,0	5,8	4,5
50,76	2,09	3,0	5,8	4,5
50,79	2,07	3,0	5,8	4,5
50,81	2,07	3,0	5,8	4,5
50,84	2,08	3,0	5,8	4,5
50,86	2,07	3,0	5,8	4,5
50,89	2,06	3,0	5,8	4,5
50,91	2,05	3,0	5,8	4,5
50,94	2,06	3,0	5,8	4,5
50,96	2,05	3,0	5,8	4,5
50,98	2,05	3,0	5,8	4,5
51,01	2,04	3,0	5,8	4,5
51,03	2,03	3,0	5,8	4,5
51,06	2,03	3,0	5,8	4,5
51,08	2,04	3,0	5,8	4,5
51,11	2,02	3,0	5,8	4,5
51,13	2,02	3,0	5,8	4,5
51,15	2,02	3,0	5,8	4,5
51,18	2,01	3,0	5,8	4,5
51,20	2,01	3,0	5,8	4,5
51,23	2,01	3,0	5,8	4,5
51,25	2,01	3,0	5,8	4,5
51,28	2,01	3,0	5,8	4,5
51,30	2,00	3,0	5,8	4,5
51,33	1,99	3,0	5,8	4,5
51,35	1,99	3,0	5,8	4,5
51,37	1,98	3,0	5,8	4,5
51,40	1,98	3,0	5,8	4,5
51,42	1,97	3,0	5,8	4,5
51,45	1,98	3,0	5,8	4,5
51,47	1,97	3,0	5,8	4,5
51,50	1,96	3,0	5,8	4,5
51,52	1,96	3,0	5,8	4,5
51,55	1,97	3,0	5,8	4,5
51,57	1,96	3,0	5,8	4,5
51,59	1,95	3,0	5,8	4,5
51,62	1,95	3,0	5,8	4,5
51,64	1,95	3,0	5,8	4,5
51,67	1,95	3,0	5,8	4,5
51,69	1,96	3,0	5,8	4,5
51,72	1,95	3,0	5,8	4,5
51,74	1,94	3,0	5,8	4,5
51,77	1,95	3,0	5,8	4,5
51,79	1,95	3,0	5,8	4,5
51,81	1,94	3,0	5,8	4,5
51,84	1,94	3,0	5,8	4,5
51,86	1,94	3,0	5,8	4,5
51,89	1,94	3,0	5,8	4,5
51,91	1,94	3,0	5,8	4,5
51,94	1,93	3,0	5,8	4,5
51,96	1,94	3,0	5,8	4,5
51,99	1,94	3,0	5,8	4,5
52,01	1,94	3,0	5,8	4,5
52,03	1,94	3,0	5,8	4,5
52,06	1,94	3,0	5,8	4,5
52,08	1,94	3,0	5,8	4,5
52,11	1,94	3,0	5,8	4,5
52,13	1,93	3,0	5,8	4,5
52,16	1,94	3,0	5,8	4,5
52,18	1,95	3,0	5,8	4,5
52,20	1,94	3,0	5,8	4,5
52,23	1,94	3,0	5,8	4,5
52,25	1,95	3,0	5,8	4,5
52,28	1,95	3,0	5,8	4,5
52,30	1,94	3,0	5,8	4,5
52,33	1,94	3,0	5,8	4,5
52,35	1,95	3,0	5,8	4,5
52,38	1,95	3,0	5,8	4,5
52,40	1,94	3,0	5,8	4,5
52,42	1,95	3,0	5,8	4,5
52,45	1,96	3,0	5,8	4,5
52,47	1,96	3,0	5,8	4,5
52,50	1,95	3,0	5,8	4,5
52,52	1,95	3,0	5,8	4,5
52,55	1,96	3,0	5,8	4,5
52,57	1,96	3,0	5,8	4,5
52,60	1,94	3,0	5,8	4,5
52,62	1,95	3,0	5,8	4,5
52,64	1,96	3,0	5,8	4,5
52,67	1,96	3,0	5,8	4,5
52,69	1,95	3,0	5,8	4,5
52,72	1,95	3,0	5,8	4,5
52,74	1,97	3,0	5,8	4,5
52,77	1,96	3,0	5,8	4,5
52,79	1,95	3,0	5,8	4,5
52,82	1,96	3,0	5,8	4,5
52,84	1,97	3,0	5,8	4,5
52,86	1,97	3,0	5,8	4,5
52,89	1,96	3,0	5,8	4,5
52,91	1,96	3,0	5,8	4,5
52,94	1,97	3,0	5,8	4,5
52,96	1,97	3,0	5,8	4,5
52,99	1,96	3,0	5,8	4,5
53,01	1,97	3,0	5,8	4,5
53,04	1,98	3,0	5,8	4,5
53,06	1,98	3,0	5,8	4,5
53,08	1,97	3,0	5,8	4,5
53,11	1,97	3,0	5,8	4,5
53,13	1,98	3,0	5,8	4,5
53,16	1,98	3,0	5,8	4,5
53,18	1,97	3,0	5,8	4,5
53,21	1,98	3,0	5,8	4,5
53,23	1,99	3,0	5,8	4,5
53,26	1,99	3,0	5,8	4,5
53,28	1,98	3,0	5,8	4,5
53,30	1,99	3,0	5,8	4,5
53,33	2,00	3,0	5,8	4,5
53,35	2,00	3,0	5,8	4,5
53,38	1,99	3,0	5,8	4,5
53,40	2,00	3,0	5,8	4,5
53,43	2,01	3,0	5,8	4,5
53,45	2,02	3,0	5,8	4,5
53,47	2,01	3,0	5,8	4,5
53,50	2,01	3,0	5,8	4,5
53,52	2,01	3,0	5,8	4,5
53,55	2,02	3,0	5,8	4,5
53,57	2,02	3,0	5,8	4,5
53,60	2,02	3,0	5,8	4,5
53,62	2,03	3,0	5,8	4,5
53,65	2,04	3,0	5,8	4,5
53,67	2,04	3,0	5,8	4,5
53,69	2,04	3,0	5,8	4,5
53,72	2,04	3,0	5,8	4,5
53,74	2,05	3,0	5,8	4,5
53,77	2,05	3,0	5,8	4,5
53,79	2,05	3,0	5,8	4,5
53,82	2,05	3,0	5,8	4,5
53,84	2,07	3,0	5,8	4,5
53,87	2,07	3,0	5,8	4,5
53,89	2,06	3,0	5,8	4,5
53,91	2,07	3,0	5,8	4,5
53,94	2,08	3,0	5,8	4,5
53,96	2,09	3,0	5,8	4,5
53,99	2,08	3,0	5,8	4,5
54,01	2,08	3,0	5,8	4,5
54,04	2,09	3,0	5,8	4,5
54,06	2,10	3,0	5,8	4,5
54,09	2,10	3,0	5,8	4,5
54,11	2,10	3,0	5,8	4,5
54,13	2,10	3,0	5,8	4,5
54,16	2,12	3,0	5,8	4,5
54,18	2,12	3,0	5,8	4,5
54,21	2,12	3,0	5,8	4,5
54,23	2,12	3,0	5,8	4,5
54,26	2,14	3,0	5,8	4,5
54,28	2,14	3,0	5,8	4,5
54,31	2,13	3,0	5,8	4,5
54,33	2,14	3,0	5,8	4,5
54,35	2,16	3,0	5,8	4,5
54,38	2,16	3,0	5,8	4,5
54,40	2,16	3,0	5,8	4,5
54,43	2,17	3,0	5,8	4,5
54,45	2,18	3,0	5,8	4,5
54,48	2,18	3,0	5,8	4,5
54,50	2,17	3,0	5,8	4,5
54,52	2,18	3,0	5,8	4,5
54,55	2,19	3,0	5,8	4,5
54,57	2,20	3,0	5,8	4,5
54,60	2,19	3,0	5,8	4,5
54,62	2,20	3,0	5,8	4,5
54,65	2,22	3,0	5,8	4,5
54,67	2,22	3,0	5,8	4,5
54,70	2,21	3,0	5,8	4,5
54,72	2,22	3,0	5,8	4,5
54,74	2,24	3,0	5,8	4,5
54,77	2,24	3,0	5,8	4,5
54,79	2,23	3,0	5,8	4,5
54,82	2,24	3,0	5,8	4,5
54,84	2,26	3,0	5,8	4,5
54,87	2,26	3,0	5,8	4,5
54,89	2,26	3,0	5,8	4,5
54,92	2,26	3,0	5,8	4,5
54,94	2,28	3,0	5,8	4,5
54,96	2,28	3,0	5,8	4,5
54,99	2,27	3,0	5,8	4,5
55,01	2,28	3,0	5,8	4,5
55,04	2,30	3,0	5,8	4,5
55,06	2,30	3,0	5,8	4,5
55,09	2,30	3,0	5,8	4,5
55,11	2,31	3,0	5,8	4,5
55,14	2,32	3,0	5,8	4,5
55,16	2,33	3,0	5,8	4,5
55,18	2,32	3,0	5,8	4,5
55,21	2,33	3,0	5,8	4,5
55,23	2,35	3,0	5,8	4,5
55,26	2,35	3,0	5,8	4,5
55,28	2,35	3,0	5,8	4,5
55,31	2,36	3,0	5,8	4,5
55,33	2,38	3,0	5,8	4,5
55,36	2,38	3,0	5,8	4,5
55,38	2,38	3,0	5,8	4,5
55,40	2,39	3,0	5,8	4,5
55,43	2,40	3,0	5,8	4,5
55,45	2,40	3,0	5,8	4,5
55,48	2,40	3,0	5,8	4,5
55,50	2,42	3,0	5,8	4,5
55,53	2,43	3,0	5,8	4,5
55,55	2,43	3,0	5,8	4,5
55,57	2,44	3,0	5,8	4,5
55,60	2,45	3,0	5,8	4,5
55,62	2,46	3,0	5,8	4,5
55,65	2,46	3,0	5,8	4,5
55,67	2,46	3,0	5,8	4,5
55,70	2,48	3,0	5,8	4,5
55,72	2,48	3,0	5,8	4,5
55,75	2,48	3,0	5,8	4,5
55,77	2,49	3,0	5,8	4,5
55,79	2,51	3,0	5,8	4,5
55,82	2,51	3,0	5,8	4,5
55,84	2,51	3,0	5,8	4,5
55,87	2,52	3,0	5,8	4,5
55,89	2,52	3,0	5,8	4,5
55,92	2,53	3,0	5,8	4,5
55,94	2,54	3,0	5,8	4,5
55,97	2,55	3,0	5,8	4,5
55,99	2,55	3,0	5,8	4,5
56,01	2,56	3,0	5,8	4,5
56,04	2,57	3,0	5,8	4,5
56,06	2,57	3,0	5,8	4,5
56,09	2,58	3,0	5,8	4,5
56,11	2,59	3,0	5,8	4,5
56,14	2,60	3,0	5,8	4,5
56,16	2,60	3,0	5,8	4,5
56,19	2,61	3,0	5,8	4,5
56,21	2,62	3,0	5,8	4,5
56,23	2,63	3,0	5,8	4,5
56,26	2,64	3,0	5,8	4,5
56,28	2,64	3,0	5,8	4,5
56,31	2,65	3,0	5,8	4,5
56,33	2,66	3,0	5,8	4,5
56,36	2,67	3,0	5,8	4,5
56,38	2,68	3,0	5,8	4,5
56,41	2,69	3,0	5,8	4,5
56,43	2,70	3,0	5,8	4,5
56,45	2,70	3,0	5,8	4,5
56,48	2,70	3,0	5,8	4,5
56,50	2,72	3,0	5,8	4,5
56,53	2,73	3,0	5,8	4,5
56,55	2,75	3,0	5,8	4,5
56,58	2,76	3,0	5,8	4,5
56,60	2,75	3,0	5,8	4,5
56,62	2,77	3,0	5,8	4,5
56,65	2,78	3,0	5,8	4,5
56,67	2,79	3,0	5,8	4,5
56,70	2,79	3,0	5,8	4,5
56,72	2,80	3,0	5,8	4,5
56,75	2,82	3,0	5,8	4,5
56,77	2,82	3,0	5,8	4,5
56,80	2,82	3,0	5,8	4,5
56,82	2,84	3,0	5,8	4,5
56,84	2,86	3,0	5,8	4,5
56,87	2,86	3,0	5,8	4,5
56,89	2,85	3,0	5,8	4,5
56,92	2,86	3,0	5,8	4,5
56,94	2,88	3,0	5,8	4,5
56,97	2,88	3,0	5,8	4,5
56,99	2,89	3,0	5,8	4,5
57,02	2,90	3,0	5,8	4,5
57,04	2,91	3,0	5,8	4,5
57,06	2,92	3,0	5,8	4,5
57,09	2,92	3,0	5,8	4,5
57,11	2,93	3,0	5,8	4,5
57,14	2,94	3,0	5,8	4,5
57,16	2,94	3,0	5,8	4,5
57,19	2,95	3,0	5,8	4,5
57,21	2,96	3,0	5,8	4,5
57,24	2,97	3,0	5,8	4,5
57,26	2,98	3,0	5,8	4,5
57,28	2,98	3,0	5,8	4,5
57,31	3,00	3,0	5,8	4,5
57,33	3,01	3,0	5,8	4,5
57,36	3,01	3,0	5,8	4,5
57,38	3,01	3,0	5,8	4,5
57,41	3,02	3,0	5,8	4,5
57,43	3,03	3,0	5,8	4,5
57,46	3,04	3,0	5,8	4,5
57,48	3,05	3,0	5,8	4,5
57,50	3,06	3,0	5,8	4,5
57,53	3,07	3,0	5,8	4,5
57,55	3,07	3,0	5,8	4,5
57,58	3,09	3,0	5,8	4,5
57,60	3,10	3,0	5,8	4,5
57,63	3,10	3,0	5,8	4,5
57,65	3,11	3,0	5,8	4,5
57,68	3,12	3,0	5,8	4,5
57,70	3,13	3,0	5,8	4,5
57,72	3,14	3,0	5,8	4,5
57,75	3,14	3,0	5,8	4,5
57,77	3,16	3,0	5,8	4,5
57,80	3,18	3,0	5,8	4,5
57,82	3,18	3,0	5,8	4,5
57,85	3,18	3,0	5,8	4,5
57,87	3,19	3,0	5,8	4,5
57,89	3,21	3,0	5,8	4,5
57,92	3,22	3,0	5,8	4,5
57,94	3,22	3,0	5,8	4,5
57,97	3,23	3,0	5,8	4,5
57,99	3,25	3,0	5,8	4,5
58,02	3,26	3,0	5,8	4,5
58,04	3,26	3,0	5,8	4,5
58,07	3,27	3,0	5,8	4,5
58,09	3,29	3,0	5,8	4,5
58,11	3,29	3,0	5,8	4,5
58,14	3,29	3,0	5,8	4,5
58,16	3,30	3,0	5,8	4,5
58,19	3,32	3,0	5,8	4,5
58,21	3,33	3,0	5,8	4,5
58,24	3,33	3,0	5,8	4,5
58,26	3,34	3,0	5,8	4,5
58,29	3,36	3,0	5,8	4,5
58,31	3,37	3,0	5,8	4,5
58,33	3,38	3,0	5,8	4,5
58,36	3,38	3,0	5,8	4,5
58,38	3,39	3,0	5,8	4,5
58,41	3,40	3,0	5,8	4,5
58,43	3,41	3,0	5,8	4,5
58,46	3,41	3,0	5,8	4,5
58,48	3,42	3,0	5,8	4,5
58,51	3,44	3,0	5,8	4,5
58,53	3,44	3,0	5,8	4,5
58,55	3,45	3,0	5,8	4,5
58,58	3,46	3,0	5,8	4,5
58,60	3,47	3,0	5,8	4,5
58,63	3,48	3,0	5,8	4,5
58,65	3,48	3,0	5,8	4,5
58,68	3,49	3,0	5,8	4,5
58,70	3,51	3,0	5,8	4,5
58,73	3,52	3,0	5,8	4,5
58,75	3,52	3,0	5,8	4,5
58,77	3,53	3,0	5,8	4,5
58,80	3,55	3,0	5,8	4,5
58,82	3,55	3,0	5,8	4,5
58,85	3,55	3,0	5,8	4,5
58,87	3,56	3,0	5,8	4,5
58,90	3,58	3,0	5,8	4,5
58,92	3,59	3,0	5,8	4,5
58,94	3,59	3,0	5,8	4,5
58,97	3,60	3,0	5,8	4,5
58,99	3,60	3,0	5,8	4,5
59,02	3,62	3,0	5,8	4,5
59,04	3,63	3,0	5,8	4,5
59,07	3,63	3,0	5,8	4,5
59,09	3,63	3,0	5,8	4,5
59,12	3,65	3,0	5,8	4,5
59,14	3,67	3,0	5,8	4,5
59,16	3,67	3,0	5,8	4,5
59,19	3,67	3,0	5,8	4,5
59,21	3,69	3,0	5,8	4,5
59,24	3,70	3,0	5,8	4,5
59,26	3,70	3,0	5,8	4,5
59,29	3,71	3,0	5,8	4,5
59,31	3,72	3,0	5,8	4,5
59,34	3,73	3,0	5,8	4,5
59,36	3,74	3,0	5,8	4,5
59,38	3,74	3,0	5,8	4,5
59,41	3,76	3,0	5,8	4,5
59,43	3,77	3,0	5,8	4,5
59,46	3,77	3,0	5,8	4,5
59,48	3,78	3,0	5,8	4,5
59,51	3,80	3,0	5,8	4,5
59,53	3,80	3,0	5,8	4,5
59,56	3,81	3,0	5,8	4,5
59,58	3,81	3,0	5,8	4,5
59,60	3,83	3,0	5,8	4,5
59,63	3,84	3,0	5,8	4,5
59,65	3,84	3,0	5,8	4,5
59,68	3,85	3,0	5,8	4,5
59,70	3,87	3,0	5,8	4,5
59,73	3,88	3,0	5,8	4,5
59,75	3,88	3,0	5,8	4,5
59,78	3,89	3,0	5,8	4,5
59,80	3,90	3,0	5,8	4,5
59,82	3,91	3,0	5,8	4,5
59,85	3,91	3,0	5,8	4,5
59,87	3,93	3,0	5,8	4,5
59,90	3,94	3,0	5,8	4,5
59,92	3,95	3,0	5,8	4,5
59,95	3,95	3,0	5,8	4,5
59,97	3,96	3,0	5,8	4,5
59,99	3,98	3,0	5,8	4,5
60,02	3,98	3,0	5,8	4,5
60,04	3,97	3,0	5,8	4,5
60,07	3,99	3,0	5,8	4,5
60,09	4,01	3,0	5,8	4,5
60,12	4,01	3,0	5,8	4,5
60,14	4,01	3,0	5,8	4,5
60,17	4,02	3,0	5,8	4,5
60,19	4,04	3,0	5,8	4,5
60,21	4,04	3,0	5,8	4,5
60,24	4,04	3,0	5,8	4,5
60,26	4,06	3,0	5,8	4,5
60,29	4,07	3,0	5,8	4,5
60,31	4,08	3,0	5,8	4,5
60,34	4,08	3,0	5,8	4,5
60,36	4,09	3,0	5,8	4,5
60,39	4,11	3,0	5,8	4,5
60,41	4,11	3,0	5,8	4,5
60,43	4,11	3,0	5,8	4,5
60,46	4,13	3,0	5,8	4,5
60,48	4,14	3,0	5,8	4,5
60,51	4,14	3,0	5,8	4,5
60,53	4,14	3,0	5,8	4,5
60,56	4,16	3,0	5,8	4,5
60,58	4,17	3,0	5,8	4,5
60,61	4,18	3,0	5,8	4,5
60,63	4,18	3,0	5,8	4,5
60,65	4,20	3,0	5,8	4,5
60,68	4,21	3,0	5,8	4,5
60,70	4,21	3,0	5,8	4,5
60,73	4,22	3,0	5,8	4,5
60,75	4,22	3,0	5,8	4,5
60,78	4,23	3,0	5,8	4,5
60,80	4,25	3,0	5,8	4,5
60,83	4,26	3,0	5,8	4,5
60,85	4,26	3,0	5,8	4,5
60,87	4,27	3,0	5,8	4,5
60,90	4,28	3,0	5,8	4,5
60,92	4,28	3,0	5,8	4,5
60,95	4,29	3,0	5,8	4,5
60,97	4,30	3,0	5,8	4,5
61,00	4,31	3,0	5,8	4,5
61,02	4,32	3,0	5,8	4,5
61,05	4,32	3,0	5,8	4,5
61,07	4,34	3,0	5,8	4,5
61,09	4,35	3,0	5,8	4,5
61,12	4,35	3,0	5,8	4,5
61,14	4,35	3,0	5,8	4,5
61,17	4,37	3,0	5,8	4,5
61,19	4,38	3,0	5,8	4,5
61,22	4,38	3,0	5,8	4,5
61,24	4,37	3,0	5,8	4,5
61,26	4,39	3,0	5,8	4,5
61,29	4,40	3,0	5,8	4,5
61,31	4,40	3,0	5,8	4,5
61,34	4,41	3,0	5,8	4,5
61,36	4,42	3,0	5,8	4,5
61,39	4,43	3,0	5,8	4,5
61,41	4,44	3,0	5,8	4,5
61,44	4,44	3,0	5,8	4,5
61,46	4,44	3,0	5,8	4,5
61,48	4,45	3,0	5,8	4,5
61,51	4,47	3,0	5,8	4,5
61,53	4,48	3,0	5,8	4,5
61,56	4,47	3,0	5,8	4,5
61,58	4,49	3,0	5,8	4,5
61,61	4,50	3,0	5,8	4,5
61,63	4,51	3,0	5,8	4,5
61,66	4,51	3,0	5,8	4,5
61,68	4,52	3,0	5,8	4,5
61,70	4,53	3,0	5,8	4,5
61,73	4,53	3,0	5,8	4,5
61,75	4,53	3,0	5,8	4,5
61,78	4,55	3,0	5,8	4,5
61,80	4,57	3,0	5,8	4,5
61,83	4,57	3,0	5,8	4,5
61,85	4,57	3,0	5,8	4,5
61,88	4,58	3,0	5,8	4,5
61,90	4,60	3,0	5,8	4,5
61,92	4,60	3,0	5,8	4,5
61,95	4,59	3,0	5,8	4,5
61,97	4,61	3,0	5,8	4,5
62,00	4,63	3,0	5,8	4,5
62,02	4,63	3,0	5,8	4,5
62,05	4,63	3,0	5,8	4,5
62,07	4,64	3,0	5,8	4,5
62,10	4,66	3,0	5,8	4,5
62,12	4,65	3,0	5,8	4,5
62,14	4,65	3,0	5,8	4,5
62,17	4,67	3,0	5,8	4,5
62,19	4,68	3,0	5,8	4,5
62,22	4,67	3,0	5,8	4,5
62,24	4,68	3,0	5,8	4,5
62,27	4,69	3,0	5,8	4,5
62,29	4,71	3,0	5,8	4,5
62,31	4,70	3,0	5,8	4,5
62,34	4,71	3,0	5,8	4,5
62,36	4,72	3,0	5,8	4,5
62,39	4,73	3,0	5,8	4,5
62,41	4,73	3,0	5,8	4,5
62,44	4,73	3,0	5,8	4,5
62,46	4,75	3,0	5,8	4,5
62,49	4,76	3,0	5,8	4,5
62,51	4,75	3,0	5,8	4,5
62,53	4,76	3,0	5,8	4,5
62,56	4,77	3,0	5,8	4,5
62,58	4,78	3,0	5,8	4,5
62,61	4,78	3,0	5,8	4,5
62,63	4,78	3,0	5,8	4,5
62,66	4,79	3,0	5,8	4,5
62,68	4,80	3,0	5,8	4,5
62,71	4,80	3,0	5,8	4,5
62,73	4,80	3,0	5,8	4,5
62,75	4,82	3,0	5,8	4,5
62,78	4,83	3,0	5,8	4,5
62,80	4,83	3,0	5,8	4,5
62,83	4,83	3,0	5,8	4,5
62,85	4,85	3,0	5,8	4,5
62,88	4,86	3,0	5,8	4,5
62,90	4,85	3,0	5,8	4,5
62,93	4,86	3,0	5,8	4,5
62,95	4,87	3,0	5,8	4,5
62,97	4,87	3,0	5,8	4,5
63,00	4,88	3,0	5,8	4,5
63,02	4,88	3,0	5,8	4,5
63,05	4,90	3,0	5,8	4,5
63,07	4,90	3,0	5,8	4,5
63,10	4,90	3,0	5,8	4,5
63,12	4,90	3,0	5,8	4,5
63,15	4,91	3,0	5,8	4,5
63,17	4,91	3,0	5,8	4,5
63,19	4,92	3,0	5,8	4,5
63,22	4,92	3,0	5,8	4,5
63,24	4,92	3,0	5,8	4,5
63,27	4,94	3,0	5,8	4,5
63,29	4,94	3,0	5,8	4,5
63,32	4,94	3,0	5,8	4,5
63,34	4,94	3,0	5,8	4,5
63,36	4,96	3,0	5,8	4,5
63,39	4,96	3,0	5,8	4,5
63,41	4,96	3,0	5,8	4,5
63,44	4,97	3,0	5,8	4,5
63,46	4,98	3,0	5,8	4,5
63,49	4,99	3,0	5,8	4,5
63,51	4,99	3,0	5,8	4,5
63,54	4,99	3,0	5,8	4,5
63,56	5,00	3,0	5,8	4,5
63,58	5,01	3,0	5,8	4,5
63,61	5,01	3,0	5,8	4,5
63,63	5,01	3,0	5,8	4,5
63,66	5,02	3,0	5,8	4,5
63,68	5,03	3,0	5,8	4,5
63,71	5,03	3,0	5,8	4,5
63,73	5,03	3,0	5,8	4,5
63,76	5,04	3,0	5,8	4,5
63,78	5,05	3,0	5,8	4,5
63,80	5,04	3,0	5,8	4,5
63,83	5,05	3,0	5,8	4,5
63,85	5,05	3,0	5,8	4,5
63,88	5,06	3,0	5,8	4,5
63,90	5,07	3,0	5,8	4,5
63,93	5,07	3,0	5,8	4,5
63,95	5,07	3,0	5,8	4,5
63,98	5,08	3,0	5,8	4,5
64,00	5,09	3,0	5,8	4,5
64,02	5,08	3,0	5,8	4,5
64,05	5,08	3,0	5,8	4,5
64,07	5,10	3,0	5,8	4,5
64,10	5,10	3,0	5,8	4,5
64,12	5,09	3,0	5,8	4,5
64,15	5,09	3,0	5,8	4,5
64,17	5,10	3,0	5,8	4,5
64,20	5,11	3,0	5,8	4,5
64,22	5,11	3,0	5,8	4,5
64,24	5,11	3,0	5,8	4,5
64,27	5,12	3,0	5,8	4,5
64,29	5,12	3,0	5,8	4,5
64,32	5,12	3,0	5,8	4,5
64,34	5,11	3,0	5,8	4,5
64,37	5,12	3,0	5,8	4,5
64,39	5,12	3,0	5,8	4,5
64,41	5,11	3,0	5,8	4,5
64,44	5,11	3,0	5,8	4,5
64,46	5,13	3,0	5,8	4,5
64,49	5,13	3,0	5,8	4,5
64,51	5,13	3,0	5,8	4,5
64,54	5,13	3,0	5,8	4,5
64,56	5,13	3,0	5,8	4,5
64,59	5,14	3,0	5,8	4,5
64,61	5,13	3,0	5,8	4,5
64,63	5,13	3,0	5,8	4,5
64,66	5,14	3,0	5,8	4,5
64,68	5,14	3,0	5,8	4,5
64,71	5,13	3,0	5,8	4,5
64,73	5,13	3,0	5,8	4,5
64,76	5,14	3,0	5,8	4,5
64,78	5,14	3,0	5,8	4,5
64,81	5,13	3,0	5,8	4,5
64,83	5,13	3,0	5,8	4,5
64,85	5,13	3,0	5,8	4,5
64,88	5,13	3,0	5,8	4,5
64,90	5,13	3,0	5,8	4,5
64,93	5,13	3,0	5,8	4,5
64,95	5,14	3,0	5,8	4,5
64,98	5,13	3,0	5,8	4,5
65,00	5,13	3,0	5,8	4,5
65,03	5,13	3,0	5,8	4,5
65,05	5,14	3,0	5,8	4,5
65,07	5,13	3,0	5,8	4,5
65,10	5,13	3,0	5,8	4,5
65,12	5,13	3,0	5,8	4,5
65,15	5,14	3,0	5,8	4,5
65,17	5,13	3,0	5,8	4,5
65,20	5,13	3,0	5,8	4,5
65,22	5,14	3,0	5,8	4,5
65,25	5,14	3,0	5,8	4,5
65,27	5,13	3,0	5,8	4,5
65,29	5,12	3,0	5,8	4,5
65,32	5,13	3,0	5,8	4,5
65,34	5,14	3,0	5,8	4,5
65,37	5,13	3,0	5,8	4,5
65,39	5,13	3,0	5,8	4,5
65,42	5,14	3,0	5,8	4,5
65,44	5,15	3,0	5,8	4,5
65,47	5,14	3,0	5,8	4,5
65,49	5,14	3,0	5,8	4,5
65,51	5,14	3,0	5,8	4,5
65,54	5,15	3,0	5,8	4,5
65,56	5,13	3,0	5,8	4,5
65,59	5,13	3,0	5,8	4,5
65,61	5,14	3,0	5,8	4,5
65,64	5,14	3,0	5,8	4,5
65,66	5,15	3,0	5,8	4,5
65,68	5,15	3,0	5,8	4,5
65,71	5,14	3,0	5,8	4,5
65,73	5,15	3,0	5,8	4,5
65,76	5,14	3,0	5,8	4,5
65,78	5,14	3,0	5,8	4,5
65,81	5,14	3,0	5,8	4,5
65,83	5,14	3,0	5,8	4,5
65,86	5,14	3,0	5,8	4,5
65,88	5,14	3,0	5,8	4,5
65,90	5,13	3,0	5,8	4,5
65,93	5,13	3,0	5,8	4,5
65,95	5,14	3,0	5,8	4,5
65,98	5,14	3,0	5,8	4,5
66,00	5,13	3,0	5,8	4,5
66,03	5,13	3,0	5,8	4,5
66,05	5,13	3,0	5,8	4,5
66,08	5,13	3,0	5,8	4,5
66,10	5,12	3,0	5,8	4,5
66,12	5,12	3,0	5,8	4,5
66,15	5,12	3,0	5,8	4,5
66,17	5,12	3,0	5,8	4,5
66,20	5,11	3,0	5,8	4,5
66,22	5,11	3,0	5,8	4,5
66,25	5,12	3,0	5,8	4,5
66,27	5,10	3,0	5,8	4,5
66,30	5,10	3,0	5,8	4,5
66,32	5,09	3,0	5,8	4,5
66,34	5,08	3,0	5,8	4,5
66,37	5,09	3,0	5,8	4,5
66,39	5,09	3,0	5,8	4,5
66,42	5,08	3,0	5,8	4,5
66,44	5,07	3,0	5,8	4,5
66,47	5,08	3,0	5,8	4,5
66,49	5,08	3,0	5,8	4,5
66,52	5,06	3,0	5,8	4,5
66,54	5,06	3,0	5,8	4,5
66,56	5,07	3,0	5,8	4,5
66,59	5,07	3,0	5,8	4,5
66,61	5,06	3,0	5,8	4,5
66,64	5,06	3,0	5,8	4,5
66,66	5,06	3,0	5,8	4,5
66,69	5,06	3,0	5,8	4,5
66,71	5,05	3,0	5,8	4,5
66,73	5,05	3,0	5,8	4,5
66,76	5,05	3,0	5,8	4,5
66,78	5,04	3,0	5,8	4,5
66,81	5,04	3,0	5,8	4,5
66,83	5,04	3,0	5,8	4,5
66,86	5,04	3,0	5,8	4,5
66,88	5,04	3,0	5,8	4,5
66,91	5,03	3,0	5,8	4,5
66,93	5,04	3,0	5,8	4,5
66,95	5,04	3,0	5,8	4,5
66,98	5,03	3,0	5,8	4,5
67,00	5,02	3,0	5,8	4,5
67,03	5,02	3,0	5,8	4,5
67,05	5,03	3,0	5,8	4,5
67,08	5,02	3,0	5,8	4,5
67,10	5,01	3,0	5,8	4,5
67,13	5,02	3,0	5,8	4,5
67,15	5,02	3,0	5,8	4,5
67,17	5,01	3,0	5,8	4,5
67,20	5,00	3,0	5,8	4,5
67,22	5,01	3,0	5,8	4,5
67,25	5,01	3,0	5,8	4,5
67,27	5,00	3,0	5,8	4,5
67,30	4,99	3,0	5,8	4,5
67,32	5,00	3,0	5,8	4,5
67,35	5,00	3,0	5,8	4,5
67,37	4,99	3,0	5,8	4,5
67,39	4,99	3,0	5,8	4,5
67,42	4,99	3,0	5,8	4,5
67,44	4,99	3,0	5,8	4,5
67,47	4,98	3,0	5,8	4,5
67,49	4,97	3,0	5,8	4,5
67,52	4,98	3,0	5,8	4,5
67,54	4,98	3,0	5,8	4,5
67,57	4,97	3,0	5,8	4,5
67,59	4,96	3,0	5,8	4,5
67,61	4,97	3,0	5,8	4,5
67,64	4,97	3,0	5,8	4,5
67,66	4,96	3,0	5,8	4,5
67,69	4,95	3,0	5,8	4,5
67,71	4,96	3,0	5,8	4,5
67,74	4,96	3,0	5,8	4,5
67,76	4,95	3,0	5,8	4,5
67,78	4,94	3,0	5,8	4,5
67,81	4,95	3,0	5,8	4,5
67,83	4,95	3,0	5,8	4,5
67,86	4,93	3,0	5,8	4,5
67,88	4,93	3,0	5,8	4,5
67,91	4,94	3,0	5,8	4,5
67,93	4,93	3,0	5,8	4,5
67,96	4,92	3,0	5,8	4,5
67,98	4,91	3,0	5,8	4,5
68,00	4,92	3,0	5,8	4,5
68,03	4,92	3,0	5,8	4,5
68,05	4,90	3,0	5,8	4,5
68,08	4,90	3,0	5,8	4,5
68,10	4,89	3,0	5,8	4,5
68,13	4,89	3,0	5,8	4,5
68,15	4,90	3,0	5,8	4,5
68,18	4,88	3,0	5,8	4,5
68,20	4,88	3,0	5,8	4,5
68,22	4,88	3,0	5,8	4,5
68,25	4,88	3,0	5,8	4,5
68,27	4,87	3,0	5,8	4,5
68,30	4,86	3,0	5,8	4,5
68,32	4,87	3,0	5,8	4,5
68,35	4,87	3,0	5,8	4,5
68,37	4,86	3,0	5,8	4,5
68,40	4,85	3,0	5,8	4,5
68,42	4,85	3,0	5,8	4,5
68,44	4,85	3,0	5,8	4,5
68,47	4,84	3,0	5,8	4,5
68,49	4,84	3,0	5,8	4,5
68,52	4,85	3,0	5,8	4,5
68,54	4,85	3,0	5,8	4,5
68,57	4,84	3,0	5,8	4,5
68,59	4,83	3,0	5,8	4,5
68,62	4,84	3,0	5,8	4,5
68,64	4,84	3,0	5,8	4,5
68,66	4,83	3,0	5,8	4,5
68,69	4,82	3,0	5,8	4,5
68,71	4,82	3,0	5,8	4,5
68,74	4,82	3,0	5,8	4,5
68,76	4,83	3,0	5,8	4,5
68,79	4,82	3,0	5,8	4,5
68,81	4,81	3,0	5,8	4,5
68,83	4,82	3,0	5,8	4,5
68,86	4,82	3,0	5,8	4,5
68,88	4,81	3,0	5,8	4,5
68,91	4,80	3,0	5,8	4,5
68,93	4,81	3,0	5,8	4,5
68,96	4,81	3,0	5,8	4,5
68,98	4,80	3,0	5,8	4,5
69,01	4,79	3,0	5,8	4,5
69,03	4,80	3,0	5,8	4,5
69,05	4,80	3,0	5,8	4,5
69,08	4,79	3,0	5,8	4,5
69,10	4,79	3,0	5,8	4,5
69,13	4,79	3,0	5,8	4,5
69,15	4,79	3,0	5,8	4,5
69,18	4,78	3,0	5,8	4,5
69,20	4,77	3,0	5,8	4,5
69,23	4,78	3,0	5,8	4,5
69,25	4,78	3,0	5,8	4,5
69,27	4,77	3,0	5,8	4,5
69,30	4,77	3,0	5,8	4,5
69,32	4,77	3,0	5,8	4,5
69,35	4,78	3,0	5,8	4,5
69,37	4,76	3,0	5,8	4,5
69,40	4,75	3,0	5,8	4,5
69,42	4,76	3,0	5,8	4,5
69,45	4,76	3,0	5,8	4,5
69,47	4,75	3,0	5,8	4,5
69,49	4,75	3,0	5,8	4,5
69,52	4,76	3,0	5,8	4,5
69,54	4,76	3,0	5,8	4,5
69,57	4,74	3,0	5,8	4,5
69,59	4,73	3,0	5,8	4,5
69,62	4,74	3,0	5,8	4,5
69,64	4,74	3,0	5,8	4,5
69,67	4,73	3,0	5,8	4,5
69,69	4,73	3,0	5,8	4,5
69,71	4,74	3,0	5,8	4,5
69,74	4,74	3,0	5,8	4,5
69,76	4,73	3,0	5,8	4,5
69,79	4,72	3,0	5,8	4,5
69,81	4,73	3,0	5,8	4,5
69,84	4,73	3,0	5,8	4,5
69,86	4,72	3,0	5,8	4,5
69,89	4,72	3,0	5,8	4,5
69,91	4,72	3,0	5,8	4,5
69,93	4,73	3,0	5,8	4,5
69,96	4,71	3,0	5,8	4,5
69,98	4,71	3,0	5,8	4,5
70,01	4,72	3,0	5,8	4,5
70,03	4,72	3,0	5,8	4,5
70,06	4,71	3,0	5,8	4,5
70,08	4,71	3,0	5,8	4,5
70,10	4,71	3,0	5,8	4,5
70,13	4,71	3,0	5,8	4,5
70,15	4,70	3,0	5,8	4,5
70,18	4,70	3,0	5,8	4,5
70,20	4,71	3,0	5,8	4,5
70,23	4,70	3,0	5,8	4,5
70,25	4,70	3,0	5,8	4,5
70,28	4,70	3,0	5,8	4,5
70,30	4,71	3,0	5,8	4,5
70,32	4,70	3,0	5,8	4,5
70,35	4,69	3,0	5,8	4,5
70,37	4,70	3,0	5,8	4,5
70,40	4,70	3,0	5,8	4,5
70,42	4,69	3,0	5,8	4,5
70,45	4,69	3,0	5,8	4,5
70,47	4,70	3,0	5,8	4,5
70,50	4,70	3,0	5,8	4,5
70,52	4,70	3,0	5,8	4,5
70,54	4,70	3,0	5,8	4,5
70,57	4,69	3,0	5,8	4,5
70,59	4,68	3,0	5,8	4,5
70,62	4,69	3,0	5,8	4,5
70,64	4,69	3,0	5,8	4,5
70,67	4,68	3,0	5,8	4,5
70,69	4,68	3,0	5,8	4,5
70,72	4,69	3,0	5,8	4,5
70,74	4,69	3,0	5,8	4,5
70,76	4,68	3,0	5,8	4,5
70,79	4,68	3,0	5,8	4,5
70,81	4,69	3,0	5,8	4,5
70,84	4,69	3,0	5,8	4,5
70,86	4,68	3,0	5,8	4,5
70,89	4,68	3,0	5,8	4,5
70,91	4,69	3,0	5,8	4,5
70,94	4,69	3,0	5,8	4,5
70,96	4,69	3,0	5,8	4,5
70,98	4,68	3,0	5,8	4,5
71,01	4,69	3,0	5,8	4,5
71,03	4,69	3,0	5,8	4,5
71,06	4,68	3,0	5,8	4,5
71,08	4,68	3,0	5,8	4,5
71,11	4,69	3,0	5,8	4,5
71,13	4,69	3,0	5,8	4,5
71,15	4,68	3,0	5,8	4,5
71,18	4,68	3,0	5,8	4,5
71,20	4,68	3,0	5,8	4,5
71,23	4,69	3,0	5,8	4,5
71,25	4,70	3,0	5,8	4,5
71,28	4,68	3,0	5,8	4,5
71,30	4,68	3,0	5,8	4,5
71,33	4,69	3,0	5,8	4,5
71,35	4,69	3,0	5,8	4,5
71,37	4,69	3,0	5,8	4,5
71,40	4,69	3,0	5,8	4,5
71,42	4,69	3,0	5,8	4,5
71,45	4,70	3,0	5,8	4,5
71,47	4,69	3,0	5,8	4,5
71,50	4,69	3,0	5,8	4,5
71,52	4,70	3,0	5,8	4,5
71,55	4,70	3,0	5,8	4,5
71,57	4,69	3,0	5,8	4,5
71,59	4,69	3,0	5,8	4,5
71,62	4,70	3,0	5,8	4,5
71,64	4,71	3,0	5,8	4,5
71,67	4,70	3,0	5,8	4,5
71,69	4,70	3,0	5,8	4,5
71,72	4,71	3,0	5,8	4,5
71,74	4,71	3,0	5,8	4,5
71,77	4,70	3,0	5,8	4,5
71,79	4,70	3,0	5,8	4,5
71,81	4,71	3,0	5,8	4,5
71,84	4,71	3,0	5,8	4,5
71,86	4,70	3,0	5,8	4,5
71,89	4,71	3,0	5,8	4,5
71,91	4,72	3,0	5,8	4,5
71,94	4,72	3,0	5,8	4,5
71,96	4,72	3,0	5,8	4,5
71,99	4,72	3,0	5,8	4,5
72,01	4,73	3,0	5,8	4,5
72,03	4,73	3,0	5,8	4,5
72,06	4,72	3,0	5,8	4,5
72,08	4,73	3,0	5,8	4,5
72,11	4,74	3,0	5,8	4,5
72,13	4,73	3,0	5,8	4,5
72,16	4,73	3,0	5,8	4,5
72,18	4,74	3,0	5,8	4,5
72,20	4,74	3,0	5,8	4,5
72,23	4,74	3,0	5,8	4,5
72,25	4,74	3,0	5,8	4,5
72,28	4,74	3,0	5,8	4,5
72,30	4,75	3,0	5,8	4,5
72,33	4,74	3,0	5,8	4,5
72,35	4,74	3,0	5,8	4,5
72,38	4,75	3,0	5,8	4,5
72,40	4,76	3,0	5,8	4,5
72,42	4,75	3,0	5,8	4,5
72,45	4,75	3,0	5,8	4,5
72,47	4,76	3,0	5,8	4,5
72,50	4,77	3,0	5,8	4,5
72,52	4,75	3,0	5,8	4,5
72,55	4,76	3,0	5,8	4,5
72,57	4,77	3,0	5,8	4,5
72,60	4,77	3,0	5,8	4,5
72,62	4,76	3,0	5,8	4,5
72,64	4,76	3,0	5,8	4,5
72,67	4,78	3,0	5,8	4,5
72,69	4,79	3,0	5,8	4,5
72,72	4,78	3,0	5,8	4,5
72,74	4,78	3,0	5,8	4,5
72,77	4,79	3,0	5,8	4,5
72,79	4,79	3,0	5,8	4,5
72,82	4,79	3,0	5,8	4,5
72,84	4,79	3,0	5,8	4,5
72,86	4,81	3,0	5,8	4,5
72,89	4,81	3,0	5,8	4,5
72,91	4,81	3,0	5,8	4,5
72,94	4,81	3,0	5,8	4,5
72,96	4,81	3,0	5,8	4,5
72,99	4,82	3,0	5,8	4,5
73,01	4,82	3,0	5,8	4,5
73,04	4,82	3,0	5,8	4,5
73,06	4,82	3,0	5,8	4,5
73,08	4,83	3,0	5,8	4,5
73,11	4,83	3,0	5,8	4,5
73,13	4,83	3,0	5,8	4,5
73,16	4,84	3,0	5,8	4,5
73,18	4,85	3,0	5,8	4,5
73,21	4,85	3,0	5,8	4,5
73,23	4,85	3,0	5,8	4,5
73,25	4,85	3,0	5,8	4,5
73,28	4,86	3,0	5,8	4,5
73,30	4,87	3,0	5,8	4,5
73,33	4,87	3,0	5,8	4,5
73,35	4,87	3,0	5,8	4,5
73,38	4,88	3,0	5,8	4,5
73,40	4,88	3,0	5,8	4,5
73,43	4,88	3,0	5,8	4,5
73,45	4,88	3,0	5,8	4,5
73,47	4,89	3,0	5,8	4,5
73,50	4,90	3,0	5,8	4,5
73,52	4,89	3,0	5,8	4,5
73,55	4,90	3,0	5,8	4,5
73,57	4,91	3,0	5,8	4,5
73,60	4,91	3,0	5,8	4,5
73,62	4,92	3,0	5,8	4,5
73,65	4,92	3,0	5,8	4,5
73,67	4,92	3,0	5,8	4,5
73,69	4,93	3,0	5,8	4,5
73,72	4,94	3,0	5,8	4,5
73,74	4,94	3,0	5,8	4,5
73,77	4,94	3,0	5,8	4,5
73,79	4,95	3,0	5,8	4,5
73,82	4,96	3,0	5,8	4,5
73,84	4,96	3,0	5,8	4,5
73,87	4,96	3,0	5,8	4,5
73,89	4,97	3,0	5,8	4,5
73,91	4,98	3,0	5,8	4,5
73,94	4,98	3,0	5,8	4,5
73,96	4,98	3,0	5,8	4,5
73,99	4,99	3,0	5,8	4,5
74,01	5,00	3,0	5,8	4,5
74,04	5,00	3,0	5,8	4,5
74,06	5,01	3,0	5,8	4,5
74,09	5,02	3,0	5,8	4,5
74,11	5,03	3,0	5,8	4,5
74,13	5,03	3,0	5,8	4,5
74,16	5,03	3,0	5,8	4,5
74,18	5,04	3,0	5,8	4,5
74,21	5,04	3,0	5,8	4,5
74,23	5,04	3,0	5,8	4,5
74,26	5,05	3,0	5,8	4,5
74,28	5,06	3,0	5,8	4,5
74,31	5,07	3,0	5,8	4,5
74,33	5,07	3,0	5,8	4,5
74,35	5,07	3,0	5,8	4,5
74,38	5,09	3,0	5,8	4,5
74,40	5,10	3,0	5,8	4,5
74,43	5,09	3,0	5,8	4,5
74,45	5,10	3,0	5,8	4,5
74,48	5,11	3,0	5,8	4,5
74,50	5,12	3,0	5,8	4,5
74,52	5,12	3,0	5,8	4,5
74,55	5,12	3,0	5,8	4,5
74,57	5,14	3,0	5,8	4,5
74,60	5,15	3,0	5,8	4,5
74,62	5,14	3,0	5,8	4,5
74,65	5,15	3,0	5,8	4,5
74,67	5,16	3,0	5,8	4,5
74,70	5,17	3,0	5,8	4,5
74,72	5,16	3,0	5,8	4,5
74,74	5,17	3,0	5,8	4,5
74,77	5,19	3,0	5,8	4,5
74,79	5,20	3,0	5,8	4,5
74,82	5,19	3,0	5,8	4,5
74,84	5,20	3,0	5,8	4,5
74,87	5,22	3,0	5,8	4,5
74,89	5,23	3,0	5,8	4,5
74,92	5,22	3,0	5,8	4,5
74,94	5,22	3,0	5,8	4,5
74,96	5,24	3,0	5,8	4,5
74,99	5,25	3,0	5,8	4,5
75,01	5,24	3,0	5,8	4,5
75,04	5,25	3,0	5,8	4,5
75,06	5,27	3,0	5,8	4,5
75,09	5,28	3,0	5,8	4,5
75,11	5,28	3,0	5,8	4,5
75,14	5,28	3,0	5,8	4,5
75,16	5,30	3,0	5,8	4,5
75,18	5,31	3,0	5,8	4,5
75,21	5,30	3,0	5,8	4,5
75,23	5,32	3,0	5,8	4,5
75,26	5,33	3,0	5,8	4,5
75,28	5,34	3,0	5,8	4,5
75,31	5,34	3,0	5,8	4,5
75,33	5,34	3,0	5,8	4,5
75,36	5,36	3,0	5,8	4,5
75,38	5,37	3,0	5,8	4,5
75,40	5,37	3,0	5,8	4,5
75,43	5,37	3,0	5,8	4,5
75,45	5,38	3,0	5,8	4,5
75,48	5,40	3,0	5,8	4,5
75,50	5,41	3,0	5,8	4,5
75,53	5,41	3,0	5,8	4,5
75,55	5,42	3,0	5,8	4,5
75,57	5,43	3,0	5,8	4,5
75,60	5,44	3,0	5,8	4,5
75,62	5,44	3,0	5,8	4,5
75,65	5,45	3,0	5,8	4,5
75,67	5,46	3,0	5,8	4,5
75,70	5,47	3,0	5,8	4,5
75,72	5,47	3,0	5,8	4,5
75,75	5,48	3,0	5,8	4,5
75,77	5,49	3,0	5,8	4,5
75,79	5,50	3,0	5,8	4,5
75,82	5,50	3,0	5,8	4,5
75,84	5,51	3,0	5,8	4,5
75,87	5,53	3,0	5,8	4,5
75,89	5,54	3,0	5,8	4,5
75,92	5,54	3,0	5,8	4,5
75,94	5,54	3,0	5,8	4,5
75,97	5,56	3,0	5,8	4,5
75,99	5,57	3,0	5,8	4,5
76,01	5,57	3,0	5,8	4,5
76,04	5,58	3,0	5,8	4,5
76,06	5,59	3,0	5,8	4,5
76,09	5,61	3,0	5,8	4,5
76,11	5,61	3,0	5,8	4,5
76,14	5,61	3,0	5,8	4,5
76,16	5,62	3,0	5,8	4,5
76,19	5,64	3,0	5,8	4,5
76,21	5,65	3,0	5,8	4,5
76,23	5,65	3,0	5,8	4,5
76,26	5,65	3,0	5,8	4,5
76,28	5,68	3,0	5,8	4,5
76,31	5,69	3,0	5,8	4,5
76,33	5,68	3,0	5,8	4,5
76,36	5,69	3,0	5,8	4,5
76,38	5,71	3,0	5,8	4,5
76,41	5,72	3,0	5,8	4,5
76,43	5,72	3,0	5,8	4,5
76,45	5,73	3,0	5,8	4,5
76,48	5,75	3,0	5,8	4,5
76,50	5,76	3,0	5,8	4,5
76,53	5,75	3,0	5,8	4,5
76,55	5,76	3,0	5,8	4,5
76,58	5,78	3,0	5,8	4,5
76,60	5,79	3,0	5,8	4,5
76,62	5,79	3,0	5,8	4,5
76,65	5,80	3,0	5,8	4,5
76,67	5,82	3,0	5,8	4,5
76,70	5,83	3,0	5,8	4,5
76,72	5,83	3,0	5,8	4,5
76,75	5,84	3,0	5,8	4,5
76,77	5,86	3,0	5,8	4,5
76,80	5,88	3,0	5,8	4,5
76,82	5,87	3,0	5,8	4,5
76,84	5,88	3,0	5,8	4,5
76,87	5,90	3,0	5,8	4,5
76,89	5,91	3,0	5,8	4,5
76,92	5,91	3,0	5,8	4,5
76,94	5,92	3,0	5,8	4,5
76,97	5,94	3,0	5,8	4,5
76,99	5,95	3,0	5,8	4,5
77,02	5,95	3,0	5,8	4,5
77,04	5,96	3,0	5,8	4,5
77,06	5,98	3,0	5,8	4,5
77,09	5,99	3,0	5,8	4,5
77,11	5,99	3,0	5,8	4,5
77,14	6,00	3,0	5,8	4,5
77,16	6,02	3,0	5,8	4,5
77,19	6,03	3,0	5,8	4,5
77,21	6,03	3,0	5,8	4,5
77,24	6,05	3,0	5,8	4,5
77,26	6,07	3,0	5,8	4,5
77,28	6,07	3,0	5,8	4,5
77,31	6,07	3,0	5,8	4,5
77,33	6,08	3,0	5,8	4,5
77,36	6,10	3,0	5,8	4,5
77,38	6,11	3,0	5,8	4,5
77,41	6,11	3,0	5,8	4,5
77,43	6,12	3,0	5,8	4,5
77,46	6,14	3,0	5,8	4,5
77,48	6,15	3,0	5,8	4,5
77,50	6,16	3,0	5,8	4,5
77,53	6,17	3,0	5,8	4,5
77,55	6,18	3,0	5,8	4,5
77,58	6,19	3,0	5,8	4,5
77,60	6,19	3,0	5,8	4,5
77,63	6,21	3,0	5,8	4,5
77,65	6,23	3,0	5,8	4,5
77,68	6,23	3,0	5,8	4,5
77,70	6,24	3,0	5,8	4,5
77,72	6,26	3,0	5,8	4,5
77,75	6,27	3,0	5,8	4,5
77,77	6,27	3,0	5,8	4,5
77,80	6,28	3,0	5,8	4,5
77,82	6,30	3,0	5,8	4,5
77,85	6,30	3,0	5,8	4,5
77,87	6,32	3,0	5,8	4,5
77,89	6,33	3,0	5,8	4,5
77,92	6,34	3,0	5,8	4,5
77,94	6,35	3,0	5,8	4,5
77,97	6,36	3,0	5,8	4,5
77,99	6,37	3,0	5,8	4,5
78,02	6,38	3,0	5,8	4,5
78,04	6,38	3,0	5,8	4,5
78,07	6,40	3,0	5,8	4,5
78,09	6,41	3,0	5,8	4,5
78,11	6,42	3,0	5,8	4,5
78,14	6,43	3,0	5,8	4,5
78,16	6,45	3,0	5,8	4,5
78,19	6,45	3,0	5,8	4,5
78,21	6,46	3,0	5,8	4,5
78,24	6,48	3,0	5,8	4,5
78,26	6,49	3,0	5,8	4,5
78,29	6,50	3,0	5,8	4,5
78,31	6,50	3,0	5,8	4,5
78,33	6,52	3,0	5,8	4,5
78,36	6,54	3,0	5,8	4,5
78,38	6,54	3,0	5,8	4,5
78,41	6,55	3,0	5,8	4,5
78,43	6,57	3,0	5,8	4,5
78,46	6,58	3,0	5,8	4,5
78,48	6,59	3,0	5,8	4,5
78,51	6,60	3,0	5,8	4,5
78,53	6,60	3,0	5,8	4,5
78,55	6,61	3,0	5,8	4,5
78,58	6,63	3,0	5,8	4,5
78,60	6,64	3,0	5,8	4,5
78,63	6,64	3,0	5,8	4,5
78,65	6,65	3,0	5,8	4,5
78,68	6,67	3,0	5,8	4,5
78,70	6,69	3,0	5,8	4,5
78,73	6,69	3,0	5,8	4,5
78,75	6,70	3,0	5,8	4,5
78,77	6,72	3,0	5,8	4,5
78,80	6,72	3,0	5,8	4,5
78,82	6,73	3,0	5,8	4,5
78,85	6,74	3,0	5,8	4,5
78,87	6,76	3,0	5,8	4,5
78,90	6,77	3,0	5,8	4,5
78,92	6,77	3,0	5,8	4,5
78,94	6,79	3,0	5,8	4,5
78,97	6,81	3,0	5,8	4,5
78,99	6,81	3,0	5,8	4,5
79,02	6,82	3,0	5,8	4,5
79,04	6,83	3,0	5,8	4,5
79,07	6,85	3,0	5,8	4,5
79,09	6,87	3,0	5,8	4,5
79,12	6,87	3,0	5,8	4,5
79,14	6,89	3,0	5,8	4,5
79,16	6,90	3,0	5,8	4,5
79,19	6,91	3,0	5,8	4,5
79,21	6,91	3,0	5,8	4,5
79,24	6,93	3,0	5,8	4,5
79,26	6,94	3,0	5,8	4,5
79,29	6,95	3,0	5,8	4,5
79,31	6,96	3,0	5,8	4,5
79,34	6,97	3,0	5,8	4,5
79,36	6,99	3,0	5,8	4,5
79,38	6,99	3,0	5,8	4,5
79,41	7,00	3,0	5,8	4,5
79,43	7,02	3,0	5,8	4,5
79,46	7,03	3,0	5,8	4,5
79,48	7,03	3,0	5,8	4,5
79,51	7,04	3,0	5,8	4,5
79,53	7,06	3,0	5,8	4,5
79,56	7,08	3,0	5,8	4,5
79,58	7,08	3,0	5,8	4,5
79,60	7,09	3,0	5,8	4,5
79,63	7,11	3,0	5,8	4,5
79,65	7,12	3,0	5,8	4,5
79,68	7,12	3,0	5,8	4,5
79,70	7,13	3,0	5,8	4,5
79,73	7,15	3,0	5,8	4,5
79,75	7,15	3,0	5,8	4,5
79,78	7,16	3,0	5,8	4,5
79,80	7,17	3,0	5,8	4,5
79,82	7,19	3,0	5,8	4,5
79,85	7,20	3,0	5,8	4,5
79,87	7,20	3,0	5,8	4,5
79,90	7,21	3,0	5,8	4,5
79,92	7,24	3,0	5,8	4,5
79,95	7,25	3,0	5,8	4,5
79,97	7,24	3,0	5,8	4,5
79,99	7,26	3,0	5,8	4,5
80,02	7,28	3,0	5,8	4,5
80,04	7,29	3,0	5,8	4,5
80,07	7,29	3,0	5,8	4,5
80,09	7,30	3,0	5,8	4,5
80,12	7,33	3,0	5,8	4,5
80,14	7,34	3,0	5,8	4,5
80,17	7,33	3,0	5,8	4,5
80,19	7,35	3,0	5,8	4,5
80,21	7,37	3,0	5,8	4,5
80,24	7,38	3,0	5,8	4,5
80,26	7,38	3,0	5,8	4,5
80,29	7,39	3,0	5,8	4,5
80,31	7,40	3,0	5,8	4,5
80,34	7,42	3,0	5,8	4,5
80,36	7,44	3,0	5,8	4,5
80,39	7,44	3,0	5,8	4,5
80,41	7,45	3,0	5,8	4,5
80,43	7,47	3,0	5,8	4,5
80,46	7,47	3,0	5,8	4,5
80,48	7,48	3,0	5,8	4,5
80,51	7,49	3,0	5,8	4,5
80,53	7,51	3,0	5,8	4,5
80,56	7,52	3,0	5,8	4,5
80,58	7,53	3,0	5,8	4,5
80,61	7,54	3,0	5,8	4,5
80,63	7,56	3,0	5,8	4,5
80,65	7,56	3,0	5,8	4,5
80,68	7,57	3,0	5,8	4,5
80,70	7,58	3,0	5,8	4,5
80,73	7,59	3,0	5,8	4,5
80,75	7,60	3,0	5,8	4,5
80,78	7,61	3,0	5,8	4,5
80,80	7,62	3,0	5,8	4,5
80,83	7,64	3,0	5,8	4,5
80,85	7,65	3,0	5,8	4,5
80,87	7,65	3,0	5,8	4,5
80,90	7,66	3,0	5,8	4,5
80,92	7,68	3,0	5,8	4,5
80,95	7,69	3,0	5,8	4,5
80,97	7,70	3,0	5,8	4,5
81,00	7,71	3,0	5,8	4,5
81,02	7,71	3,0	5,8	4,5
81,04	7,73	3,0	5,8	4,5
81,07	7,75	3,0	5,8	4,5
81,09	7,75	3,0	5,8	4,5
81,12	7,76	3,0	5,8	4,5
81,14	7,77	3,0	5,8	4,5
81,17	7,78	3,0	5,8	4,5
81,19	7,78	3,0	5,8	4,5
81,22	7,79	3,0	5,8	4,5
81,24	7,81	3,0	5,8	4,5
81,26	7,82	3,0	5,8	4,5
81,29	7,82	3,0	5,8	4,5
81,31	7,83	3,0	5,8	4,5
81,34	7,85	3,0	5,8	4,5
81,36	7,86	3,0	5,8	4,5
81,39	7,86	3,0	5,8	4,5
81,41	7,87	3,0	5,8	4,5
81,44	7,89	3,0	5,8	4,5
81,46	7,90	3,0	5,8	4,5
81,48	7,90	3,0	5,8	4,5
81,51	7,91	3,0	5,8	4,5
81,53	7,93	3,0	5,8	4,5
81,56	7,94	3,0	5,8	4,5
81,58	7,94	3,0	5,8	4,5
81,61	7,95	3,0	5,8	4,5
81,63	7,97	3,0	5,8	4,5
81,66	7,97	3,0	5,8	4,5
81,68	7,97	3,0	5,8	4,5
81,70	7,98	3,0	5,8	4,5
81,73	8,00	3,0	5,8	4,5
81,75	8,01	3,0	5,8	4,5
81,78	8,01	3,0	5,8	4,5
81,80	8,02	3,0	5,8	4,5
81,83	8,04	3,0	5,8	4,5
81,85	8,05	3,0	5,8	4,5
81,88	8,04	3,0	5,8	4,5
81,90	8,05	3,0	5,8	4,5
81,92	8,07	3,0	5,8	4,5
81,95	8,08	3,0	5,8	4,5
81,97	8,08	3,0	5,8	4,5
82,00	8,09	3,0	5,8	4,5
82,02	8,11	3,0	5,8	4,5
82,05	8,11	3,0	5,8	4,5
82,07	8,11	3,0	5,8	4,5
82,10	8,12	3,0	5,8	4,5
82,12	8,14	3,0	5,8	4,5
82,14	8,15	3,0	5,8	4,5
82,17	8,15	3,0	5,8	4,5
82,19	8,16	3,0	5,8	4,5
82,22	8,18	3,0	5,8	4,5
82,24	8,19	3,0	5,8	4,5
82,27	8,19	3,0	5,8	4,5
82,29	8,20	3,0	5,8	4,5
82,31	8,22	3,0	5,8	4,5
82,34	8,22	3,0	5,8	4,5
82,36	8,22	3,0	5,8	4,5
82,39	8,23	3,0	5,8	4,5
82,41	8,25	3,0	5,8	4,5
82,44	8,26	3,0	5,8	4,5
82,46	8,26	3,0	5,8	4,5
82,49	8,27	3,0	5,8	4,5
82,51	8,29	3,0	5,8	4,5
82,53	8,29	3,0	5,8	4,5
82,56	8,29	3,0	5,8	4,5
82,58	8,30	3,0	5,8	4,5
82,61	8,32	3,0	5,8	4,5
82,63	8,32	3,0	5,8	4,5
82,66	8,32	3,0	5,8	4,5
82,68	8,34	3,0	5,8	4,5
82,71	8,35	3,0	5,8	4,5
82,73	8,36	3,0	5,8	4,5
82,75	8,36	3,0	5,8	4,5
82,78	8,36	3,0	5,8	4,5
82,80	8,38	3,0	5,8	4,5
82,83	8,39	3,0	5,8	4,5
82,85	8,40	3,0	5,8	4,5
82,88	8,39	3,0	5,8	4,5
82,90	8,41	3,0	5,8	4,5
82,93	8,42	3,0	5,8	4,5
82,95	8,43	3,0	5,8	4,5
82,97	8,42	3,0	5,8	4,5
83,00	8,43	3,0	5,8	4,5
83,02	8,44	3,0	5,8	4,5
83,05	8,45	3,0	5,8	4,5
83,07	8,45	3,0	5,8	4,5
83,10	8,46	3,0	5,8	4,5
83,12	8,47	3,0	5,8	4,5
83,15	8,48	3,0	5,8	4,5
83,17	8,48	3,0	5,8	4,5
83,19	8,49	3,0	5,8	4,5
83,22	8,50	3,0	5,8	4,5
83,24	8,51	3,0	5,8	4,5
83,27	8,51	3,0	5,8	4,5
83,29	8,52	3,0	5,8	4,5
83,32	8,53	3,0	5,8	4,5
83,34	8,53	3,0	5,8	4,5
83,36	8,54	3,0	5,8	4,5
83,39	8,54	3,0	5,8	4,5
83,41	8,56	3,0	5,8	4,5
83,44	8,57	3,0	5,8	4,5
83,46	8,58	3,0	5,8	4,5
83,49	8,57	3,0	5,8	4,5
83,51	8,58	3,0	5,8	4,5
83,54	8,60	3,0	5,8	4,5
83,56	8,60	3,0	5,8	4,5
83,58	8,59	3,0	5,8	4,5
83,61	8,60	3,0	5,8	4,5
83,63	8,62	3,0	5,8	4,5
83,66	8,63	3,0	5,8	4,5
83,68	8,62	3,0	5,8	4,5
83,71	8,63	3,0	5,8	4,5
83,73	8,65	3,0	5,8	4,5
83,76	8,66	3,0	5,8	4,5
83,78	8,65	3,0	5,8	4,5
83,80	8,65	3,0	5,8	4,5
83,83	8,67	3,0	5,8	4,5
83,85	8,67	3,0	5,8	4,5
83,88	8,67	3,0	5,8	4,5
83,90	8,68	3,0	5,8	4,5
83,93	8,70	3,0	5,8	4,5
83,95	8,70	3,0	5,8	4,5
83,98	8,70	3,0	5,8	4,5
84,00	8,71	3,0	5,8	4,5
84,02	8,73	3,0	5,8	4,5
84,05	8,73	3,0	5,8	4,5
84,07	8,72	3,0	5,8	4,5
84,10	8,73	3,0	5,8	4,5
84,12	8,75	3,0	5,8	4,5
84,15	8,75	3,0	5,8	4,5
84,17	8,75	3,0	5,8	4,5
84,20	8,76	3,0	5,8	4,5
84,22	8,78	3,0	5,8	4,5
84,24	8,78	3,0	5,8	4,5
84,27	8,78	3,0	5,8	4,5
84,29	8,79	3,0	5,8	4,5
84,32	8,80	3,0	5,8	4,5
84,34	8,80	3,0	5,8	4,5
84,37	8,80	3,0	5,8	4,5
84,39	8,81	3,0	5,8	4,5
84,41	8,83	3,0	5,8	4,5
84,44	8,83	3,0	5,8	4,5
84,46	8,83	3,0	5,8	4,5
84,49	8,84	3,0	5,8	4,5
84,51	8,85	3,0	5,8	4,5
84,54	8,85	3,0	5,8	4,5
84,56	8,85	3,0	5,8	4,5
84,59	8,87	3,0	5,8	4,5
84,61	8,87	3,0	5,8	4,5
84,63	8,88	3,0	5,8	4,5
84,66	8,88	3,0	5,8	4,5
84,68	8,89	3,0	5,8	4,5
84,71	8,90	3,0	5,8	4,5
84,73	8,89	3,0	5,8	4,5
84,76	8,90	3,0	5,8	4,5
84,78	8,90	3,0	5,8	4,5
84,81	8,91	3,0	5,8	4,5
84,83	8,91	3,0	5,8	4,5
84,85	8,92	3,0	5,8	4,5
84,88	8,93	3,0	5,8	4,5
84,90	8,94	3,0	5,8	4,5
84,93	8,93	3,0	5,8	4,5
84,95	8,94	3,0	5,8	4,5
84,98	8,95	3,0	5,8	4,5
85,00	8,95	3,0	5,8	4,5
85,03	8,95	3,0	5,8	4,5
85,05	8,95	3,0	5,8	4,5
85,07	8,96	3,0	5,8	4,5
85,10	8,97	3,0	5,8	4,5
85,12	8,97	3,0	5,8	4,5
85,15	8,98	3,0	5,8	4,5
85,17	8,98	3,0	5,8	4,5
85,20	8,99	3,0	5,8	4,5
85,22	9,00	3,0	5,8	4,5
85,25	9,00	3,0	5,8	4,5
85,27	9,00	3,0	5,8	4,5
85,29	9,01	3,0	5,8	4,5
85,32	9,02	3,0	5,8	4,5
85,34	9,02	3,0	5,8	4,5
85,37	9,02	3,0	5,8	4,5
85,39	9,03	3,0	5,8	4,5
85,42	9,04	3,0	5,8	4,5
85,44	9,04	3,0	5,8	4,5
85,47	9,04	3,0	5,8	4,5
85,49	9,05	3,0	5,8	4,5
85,51	9,06	3,0	5,8	4,5
85,54	9,05	3,0	5,8	4,5
85,56	9,06	3,0	5,8	4,5
85,59	9,07	3,0	5,8	4,5
85,61	9,08	3,0	5,8	4,5
85,64	9,07	3,0	5,8	4,5
85,66	9,08	3,0	5,8	4,5
85,68	9,09	3,0	5,8	4,5
85,71	9,09	3,0	5,8	4,5
85,73	9,09	3,0	5,8	4,5
85,76	9,10	3,0	5,8	4,5
85,78	9,11	3,0	5,8	4,5
85,81	9,11	3,0	5,8	4,5
85,83	9,12	3,0	5,8	4,5
85,86	9,12	3,0	5,8	4,5
85,88	9,12	3,0	5,8	4,5
85,90	9,13	3,0	5,8	4,5
85,93	9,14	3,0	5,8	4,5
85,95	9,14	3,0	5,8	4,5
85,98	9,13	3,0	5,8	4,5
86,00	9,14	3,0	5,8	4,5
86,03	9,16	3,0	5,8	4,5
86,05	9,16	3,0	5,8	4,5
86,08	9,15	3,0	5,8	4,5
86,10	9,16	3,0	5,8	4,5
86,12	9,17	3,0	5,8	4,5
86,15	9,18	3,0	5,8	4,5
86,17	9,17	3,0	5,8	4,5
86,20	9,18	3,0	5,8	4,5
86,22	9,19	3,0	5,8	4,5
86,25	9,18	3,0	5,8	4,5
86,27	9,18	3,0	5,8	4,5
86,30	9,20	3,0	5,8	4,5
86,32	9,21	3,0	5,8	4,5
86,34	9,20	3,0	5,8	4,5
86,37	9,20	3,0	5,8	4,5
86,39	9,21	3,0	5,8	4,5
86,42	9,22	3,0	5,8	4,5
86,44	9,21	3,0	5,8	4,5
86,47	9,21	3,0	5,8	4,5
86,49	9,22	3,0	5,8	4,5
86,52	9,23	3,0	5,8	4,5
86,54	9,23	3,0	5,8	4,5
86,56	9,23	3,0	5,8	4,5
86,59	9,24	3,0	5,8	4,5
86,61	9,25	3,0	5,8	4,5
86,64	9,24	3,0	5,8	4,5
86,66	9,24	3,0	5,8	4,5
86,69	9,25	3,0	5,8	4,5
86,71	9,25	3,0	5,8	4,5
86,73	9,25	3,0	5,8	4,5
86,76	9,25	3,0	5,8	4,5
86,78	9,27	3,0	5,8	4,5
86,81	9,27	3,0	5,8	4,5
86,83	9,26	3,0	5,8	4,5
86,86	9,27	3,0	5,8	4,5
86,88	9,28	3,0	5,8	4,5
86,91	9,28	3,0	5,8	4,5
86,93	9,28	3,0	5,8	4,5
86,95	9,28	3,0	5,8	4,5
86,98	9,30	3,0	5,8	4,5
87,00	9,30	3,0	5,8	4,5
87,03	9,30	3,0	5,8	4,5
87,05	9,30	3,0	5,8	4,5
87,08	9,32	3,0	5,8	4,5
87,10	9,32	3,0	5,8	4,5
87,13	9,32	3,0	5,8	4,5
87,15	9,32	3,0	5,8	4,5
87,17	9,33	3,0	5,8	4,5
87,20	9,33	3,0	5,8	4,5
87,22	9,32	3,0	5,8	4,5
87,25	9,34	3,0	5,8	4,5
87,27	9,35	3,0	5,8	4,5
87,30	9,35	3,0	5,8	4,5
87,32	9,34	3,0	5,8	4,5
87,35	9,35	3,0	5,8	4,5
87,37	9,37	3,0	5,8	4,5
87,39	9,36	3,0	5,8	4,5
87,42	9,35	3,0	5,8	4,5
87,44	9,37	3,0	5,8	4,5
87,47	9,38	3,0	5,8	4,5
87,49	9,38	3,0	5,8	4,5
87,52	9,37	3,0	5,8	4,5
87,54	9,38	3,0	5,8	4,5
87,57	9,40	3,0	5,8	4,5
87,59	9,39	3,0	5,8	4,5
87,61	9,40	3,0	5,8	4,5
87,64	9,39	3,0	5,8	4,5
87,66	9,39	3,0	5,8	4,5
87,69	9,41	3,0	5,8	4,5
87,71	9,41	3,0	5,8	4,5
87,74	9,41	3,0	5,8	4,5
87,76	9,42	3,0	5,8	4,5
87,78	9,43	3,0	5,8	4,5
87,81	9,43	3,0	5,8	4,5
87,83	9,43	3,0	5,8	4,5
87,86	9,43	3,0	5,8	4,5
87,88	9,45	3,0	5,8	4,5
87,91	9,44	3,0	5,8	4,5
87,93	9,44	3,0	5,8	4,5
87,96	9,45	3,0	5,8	4,5
87,98	9,46	3,0	5,8	4,5
88,00	9,46	3,0	5,8	4,5
88,03	9,46	3,0	5,8	4,5
88,05	9,46	3,0	5,8	4,5
88,08	9,48	3,0	5,8	4,5
88,10	9,47	3,0	5,8	4,5
88,13	9,47	3,0	5,8	4,5
88,15	9,48	3,0	5,8	4,5
88,18	9,49	3,0	5,8	4,5
88,20	9,49	3,0	5,8	4,5
88,22	9,49	3,0	5,8	4,5
88,25	9,49	3,0	5,8	4,5
88,27	9,49	3,0	5,8	4,5
88,30	9,51	3,0	5,8	4,5
88,32	9,51	3,0	5,8	4,5
88,35	9,51	3,0	5,8	4,5
88,37	9,51	3,0	5,8	4,5
88,40	9,52	3,0	5,8	4,5
88,42	9,52	3,0	5,8	4,5
88,44	9,52	3,0	5,8	4,5
88,47	9,52	3,0	5,8	4,5
88,49	9,53	3,0	5,8	4,5
88,52	9,54	3,0	5,8	4,5
88,54	9,53	3,0	5,8	4,5
88,57	9,54	3,0	5,8	4,5
88,59	9,55	3,0	5,8	4,5
88,62	9,55	3,0	5,8	4,5
88,64	9,54	3,0	5,8	4,5
88,66	9,55	3,0	5,8	4,5
88,69	9,56	3,0	5,8	4,5
88,71	9,57	3,0	5,8	4,5
88,74	9,56	3,0	5,8	4,5
88,76	9,57	3,0	5,8	4,5
88,79	9,58	3,0	5,8	4,5
88,81	9,58	3,0	5,8	4,5
88,83	9,58	3,0	5,8	4,5
88,86	9,59	3,0	5,8	4,5
88,88	9,60	3,0	5,8	4,5
88,91	9,60	3,0	5,8	4,5
88,93	9,60	3,0	5,8	4,5
88,96	9,61	3,0	5,8	4,5
88,98	9,62	3,0	5,8	4,5
89,01	9,62	3,0	5,8	4,5
89,03	9,62	3,0	5,8	4,5
89,05	9,63	3,0	5,8	4,5
89,08	9,64	3,0	5,8	4,5
89,10	9,64	3,0	5,8	4,5
89,13	9,63	3,0	5,8	4,5
89,15	9,65	3,0	5,8	4,5
89,18	9,66	3,0	5,8	4,5
89,20	9,66	3,0	5,8	4,5
89,23	9,65	3,0	5,8	4,5
89,25	9,66	3,0	5,8	4,5
89,27	9,68	3,0	5,8	4,5
89,30	9,68	3,0	5,8	4,5
89,32	9,67	3,0	5,8	4,5
89,35	9,68	3,0	5,8	4,5
89,37	9,69	3,0	5,8	4,5
89,40	9,69	3,0	5,8	4,5
89,42	9,69	3,0	5,8	4,5
89,45	9,70	3,0	5,8	4,5
89,47	9,71	3,0	5,8	4,5
89,49	9,70	3,0	5,8	4,5
89,52	9,70	3,0	5,8	4,5
89,54	9,71	3,0	5,8	4,5
89,57	9,72	3,0	5,8	4,5
89,59	9,72	3,0	5,8	4,5
89,62	9,71	3,0	5,8	4,5
89,64	9,72	3,0	5,8	4,5
89,67	9,74	3,0	5,8	4,5
89,69	9,73	3,0	5,8	4,5
89,71	9,73	3,0	5,8	4,5
89,74	9,75	3,0	5,8	4,5
89,76	9,75	3,0	5,8	4,5
89,79	9,75	3,0	5,8	4,5
89,81	9,74	3,0	5,8	4,5
89,84	9,75	3,0	5,8	4,5
89,86	9,77	3,0	5,8	4,5
89,89	9,76	3,0	5,8	4,5
89,91	9,76	3,0	5,8	4,5
89,93	9,78	3,0	5,8	4,5
89,96	9,78	3,0	5,8	4,5
89,98	9,78	3,0	5,8	4,5
90,01	9,78	3,0	5,8	4,5
90,03	9,79	3,0	5,8	4,5
90,06	9,80	3,0	5,8	4,5
90,08	9,81	3,0	5,8	4,5
90,10	9,81	3,0	5,8	4,5
90,13	9,81	3,0	5,8	4,5
90,15	9,82	3,0	5,8	4,5
90,18	9,83	3,0	5,8	4,5
90,20	9,83	3,0	5,8	4,5
90,23	9,83	3,0	5,8	4,5
90,25	9,85	3,0	5,8	4,5
90,28	9,86	3,0	5,8	4,5
90,30	9,86	3,0	5,8	4,5
90,32	9,85	3,0	5,8	4,5
90,35	9,87	3,0	5,8	4,5
90,37	9,88	3,0	5,8	4,5
90,40	9,87	3,0	5,8	4,5
90,42	9,88	3,0	5,8	4,5
90,45	9,89	3,0	5,8	4,5
90,47	9,90	3,0	5,8	4,5
90,50	9,90	3,0	5,8	4,5
90,52	9,90	3,0	5,8	4,5
90,54	9,91	3,0	5,8	4,5
90,57	9,92	3,0	5,8	4,5
90,59	9,92	3,0	5,8	4,5
90,62	9,92	3,0	5,8	4,5
90,64	9,94	3,0	5,8	4,5
90,67	9,94	3,0	5,8	4,5
90,69	9,94	3,0	5,8	4,5
90,72	9,95	3,0	5,8	4,5
90,74	9,95	3,0	5,8	4,5
90,76	9,96	3,0	5,8	4,5
90,79	9,97	3,0	5,8	4,5
90,81	9,97	3,0	5,8	4,5
90,84	9,97	3,0	5,8	4,5
90,86	9,98	3,0	5,8	4,5
90,89	10,00	3,0	5,8	4,5
90,91	10,00	3,0	5,8	4,5
90,94	9,99	3,0	5,8	4,5
90,96	10,01	3,0	5,8	4,5
90,98	10,02	3,0	5,8	4,5
91,01	10,02	3,0	5,8	4,5
91,03	10,01	3,0	5,8	4,5
91,06	10,03	3,0	5,8	4,5
91,08	10,04	3,0	5,8	4,5
91,11	10,03	3,0	5,8	4,5
91,13	10,04	3,0	5,8	4,5
91,15	10,05	3,0	5,8	4,5
91,18	10,07	3,0	5,8	4,5
91,20	10,06	3,0	5,8	4,5
91,23	10,06	3,0	5,8	4,5
91,25	10,08	3,0	5,8	4,5
91,28	10,09	3,0	5,8	4,5
91,30	10,08	3,0	5,8	4,5
91,33	10,09	3,0	5,8	4,5
91,35	10,10	3,0	5,8	4,5
91,37	10,11	3,0	5,8	4,5
91,40	10,11	3,0	5,8	4,5
91,42	10,11	3,0	5,8	4,5
91,45	10,13	3,0	5,8	4,5
91,47	10,14	3,0	5,8	4,5
91,50	10,13	3,0	5,8	4,5
91,52	10,13	3,0	5,8	4,5
91,55	10,15	3,0	5,8	4,5
91,57	10,16	3,0	5,8	4,5
91,59	10,16	3,0	5,8	4,5
91,62	10,16	3,0	5,8	4,5
91,64	10,18	3,0	5,8	4,5
91,67	10,19	3,0	5,8	4,5
91,69	10,19	3,0	5,8	4,5
91,72	10,19	3,0	5,8	4,5
91,74	10,20	3,0	5,8	4,5
91,77	10,22	3,0	5,8	4,5
91,79	10,21	3,0	5,8	4,5
91,81	10,22	3,0	5,8	4,5
91,84	10,23	3,0	5,8	4,5
91,86	10,24	3,0	5,8	4,5
91,89	10,24	3,0	5,8	4,5
91,91	10,25	3,0	5,8	4,5
91,94	10,26	3,0	5,8	4,5
91,96	10,27	3,0	5,8	4,5
91,99	10,26	3,0	5,8	4,5
92,01	10,27	3,0	5,8	4,5
92,03	10,29	3,0	5,8	4,5
92,06	10,30	3,0	5,8	4,5
92,08	10,30	3,0	5,8	4,5
92,11	10,31	3,0	5,8	4,5
92,13	10,32	3,0	5,8	4,5
92,16	10,33	3,0	5,8	4,5
92,18	10,33	3,0	5,8	4,5
92,20	10,33	3,0	5,8	4,5
92,23	10,35	3,0	5,8	4,5
92,25	10,35	3,0	5,8	4,5
92,28	10,36	3,0	5,8	4,5
92,30	10,37	3,0	5,8	4,5
92,33	10,38	3,0	5,8	4,5
92,35	10,39	3,0	5,8	4,5
92,38	10,39	3,0	5,8	4,5
92,40	10,40	3,0	5,8	4,5
92,42	10,42	3,0	5,8	4,5
92,45	10,42	3,0	5,8	4,5
92,47	10,42	3,0	5,8	4,5
92,50	10,43	3,0	5,8	4,5
92,52	10,44	3,0	5,8	4,5
92,55	10,45	3,0	5,8	4,5
92,57	10,46	3,0	5,8	4,5
92,60	10,47	3,0	5,8	4,5
92,62	10,47	3,0	5,8	4,5
92,64	10,49	3,0	5,8	4,5
92,67	10,50	3,0	5,8	4,5
92,69	10,50	3,0	5,8	4,5
92,72	10,51	3,0	5,8	4,5
92,74	10,52	3,0	5,8	4,5
92,77	10,53	3,0	5,8	4,5
92,79	10,54	3,0	5,8	4,5
92,82	10,54	3,0	5,8	4,5
92,84	10,56	3,0	5,8	4,5
92,86	10,57	3,0	5,8	4,5
92,89	10,57	3,0	5,8	4,5
92,91	10,58	3,0	5,8	4,5
92,94	10,59	3,0	5,8	4,5
92,96	10,60	3,0	5,8	4,5
92,99	10,60	3,0	5,8	4,5
93,01	10,61	3,0	5,8	4,5
93,04	10,63	3,0	5,8	4,5
93,06	10,64	3,0	5,8	4,5
93,08	10,64	3,0	5,8	4,5
93,11	10,65	3,0	5,8	4,5
93,13	10,66	3,0	5,8	4,5
93,16	10,67	3,0	5,8	4,5
93,18	10,68	3,0	5,8	4,5
93,21	10,68	3,0	5,8	4,5
93,23	10,69	3,0	5,8	4,5
93,25	10,71	3,0	5,8	4,5
93,28	10,72	3,0	5,8	4,5
93,30	10,72	3,0	5,8	4,5
93,33	10,73	3,0	5,8	4,5
93,35	10,75	3,0	5,8	4,5
93,38	10,76	3,0	5,8	4,5
93,40	10,75	3,0	5,8	4,5
93,43	10,76	3,0	5,8	4,5
93,45	10,77	3,0	5,8	4,5
93,47	10,79	3,0	5,8	4,5
93,50	10,79	3,0	5,8	4,5
93,52	10,79	3,0	5,8	4,5
93,55	10,82	3,0	5,8	4,5
93,57	10,83	3,0	5,8	4,5
93,60	10,83	3,0	5,8	4,5
93,62	10,84	3,0	5,8	4,5
93,65	10,85	3,0	5,8	4,5
93,67	10,87	3,0	5,8	4,5
93,69	10,87	3,0	5,8	4,5
93,72	10,87	3,0	5,8	4,5
93,74	10,89	3,0	5,8	4,5
93,77	10,90	3,0	5,8	4,5
93,79	10,91	3,0	5,8	4,5
93,82	10,92	3,0	5,8	4,5
93,84	10,93	3,0	5,8	4,5
93,87	10,95	3,0	5,8	4,5
93,89	10,94	3,0	5,8	4,5
93,91	10,96	3,0	5,8	4,5
93,94	10,97	3,0	5,8	4,5
93,96	10,98	3,0	5,8	4,5
93,99	10,99	3,0	5,8	4,5
94,01	11,00	3,0	5,8	4,5
94,04	11,02	3,0	5,8	4,5
94,06	11,03	3,0	5,8	4,5
94,09	11,03	3,0	5,8	4,5
94,11	11,05	3,0	5,8	4,5
94,13	11,06	3,0	5,8	4,5
94,16	11,07	3,0	5,8	4,5
94,18	11,07	3,0	5,8	4,5
94,21	11,08	3,0	5,8	4,5
94,23	11,10	3,0	5,8	4,5
94,26	11,11	3,0	5,8	4,5
94,28	11,11	3,0	5,8	4,5
94,31	11,13	3,0	5,8	4,5
94,33	11,15	3,0	5,8	4,5
94,35	11,15	3,0	5,8	4,5
94,38	11,16	3,0	5,8	4,5
94,40	11,17	3,0	5,8	4,5
94,43	11,19	3,0	5,8	4,5
94,45	11,20	3,0	5,8	4,5
94,48	11,20	3,0	5,8	4,5
94,50	11,22	3,0	5,8	4,5
94,52	11,24	3,0	5,8	4,5
94,55	11,24	3,0	5,8	4,5
94,57	11,25	3,0	5,8	4,5
94,60	11,27	3,0	5,8	4,5
94,62	11,29	3,0	5,8	4,5
94,65	11,28	3,0	5,8	4,5
94,67	11,29	3,0	5,8	4,5
94,70	11,31	3,0	5,8	4,5
94,72	11,33	3,0	5,8	4,5
94,74	11,33	3,0	5,8	4,5
94,77	11,34	3,0	5,8	4,5
94,79	11,36	3,0	5,8	4,5
94,82	11,38	3,0	5,8	4,5
94,84	11,38	3,0	5,8	4,5
94,87	11,39	3,0	5,8	4,5
94,89	11,41	3,0	5,8	4,5
94,92	11,42	3,0	5,8	4,5
94,94	11,44	3,0	5,8	4,5
94,96	11,45	3,0	5,8	4,5
94,99	11,45	3,0	5,8	4,5
95,01	11,47	3,0	5,8	4,5
95,04	11,48	3,0	5,8	4,5
95,06	11,50	3,0	5,8	4,5
95,09	11,50	3,0	5,8	4,5
95,11	11,52	3,0	5,8	4,5
95,14	11,54	3,0	5,8	4,5
95,16	11,54	3,0	5,8	4,5
95,18	11,56	3,0	5,8	4,5
95,21	11,57	3,0	5,8	4,5
95,23	11,59	3,0	5,8	4,5
95,26	11,60	3,0	5,8	4,5
95,28	11,61	3,0	5,8	4,5
95,31	11,63	3,0	5,8	4,5
95,33	11,64	3,0	5,8	4,5
95,36	11,65	3,0	5,8	4,5
95,38	11,66	3,0	5,8	4,5
95,40	11,68	3,0	5,8	4,5
95,43	11,69	3,0	5,8	4,5
95,45	11,70	3,0	5,8	4,5
95,48	11,71	3,0	5,8	4,5
95,50	11,73	3,0	5,8	4,5
95,53	11,75	3,0	5,8	4,5
95,55	11,75	3,0	5,8	4,5
95,57	11,76	3,0	5,8	4,5
95,60	11,77	3,0	5,8	4,5
95,62	11,78	3,0	5,8	4,5
95,65	11,81	3,0	5,8	4,5
95,67	11,82	3,0	5,8	4,5
95,70	11,82	3,0	5,8	4,5
95,72	11,84	3,0	5,8	4,5
95,75	11,86	3,0	5,8	4,5
95,77	11,87	3,0	5,8	4,5
95,79	11,87	3,0	5,8	4,5
95,82	11,89	3,0	5,8	4,5
95,84	11,91	3,0	5,8	4,5
95,87	11,92	3,0	5,8	4,5
95,89	11,93	3,0	5,8	4,5
95,92	11,95	3,0	5,8	4,5
95,94	11,97	3,0	5,8	4,5
95,97	11,98	3,0	5,8	4,5
95,99	11,99	3,0	5,8	4,5
96,01	12,01	3,0	5,8	4,5
96,04	12,03	3,0	5,8	4,5
96,06	12,03	3,0	5,8	4,5
96,09	12,04	3,0	5,8	4,5
96,11	12,06	3,0	5,8	4,5
96,14	12,08	3,0	5,8	4,5
96,16	12,09	3,0	5,8	4,5
96,19	12,10	3,0	5,8	4,5
96,21	12,12	3,0	5,8	4,5
96,23	12,13	3,0	5,8	4,5
96,26	12,14	3,0	5,8	4,5
96,28	12,15	3,0	5,8	4,5
96,31	12,17	3,0	5,8	4,5
96,33	12,19	3,0	5,8	4,5
96,36	12,20	3,0	5,8	4,5
96,38	12,21	3,0	5,8	4,5
96,41	12,23	3,0	5,8	4,5
96,43	12,25	3,0	5,8	4,5
96,45	12,25	3,0	5,8	4,5
96,48	12,27	3,0	5,8	4,5
96,50	12,29	3,0	5,8	4,5
96,53	12,31	3,0	5,8	4,5
96,55	12,31	3,0	5,8	4,5
96,58	12,32	3,0	5,8	4,5
96,60	12,35	3,0	5,8	4,5
96,62	12,36	3,0	5,8	4,5
96,65	12,37	3,0	5,8	4,5
96,67	12,38	3,0	5,8	4,5
96,70	12,41	3,0	5,8	4,5
96,72	12,43	3,0	5,8	4,5
96,75	12,43	3,0	5,8	4,5
96,77	12,44	3,0	5,8	4,5
96,80	12,47	3,0	5,8	4,5
96,82	12,49	3,0	5,8	4,5
96,84	12,49	3,0	5,8	4,5
96,87	12,50	3,0	5,8	4,5
96,89	12,53	3,0	5,8	4,5
96,92	12,55	3,0	5,8	4,5
96,94	12,55	3,0	5,8	4,5
96,97	12,57	3,0	5,8	4,5
96,99	12,59	3,0	5,8	4,5
97,02	12,61	3,0	5,8	4,5
97,04	12,61	3,0	5,8	4,5
97,06	12,63	3,0	5,8	4,5
97,09	12,65	3,0	5,8	4,5
97,11	12,67	3,0	5,8	4,5
97,14	12,68	3,0	5,8	4,5
97,16	12,69	3,0	5,8	4,5
97,19	12,72	3,0	5,8	4,5
97,21	12,73	3,0	5,8	4,5
97,24	12,74	3,0	5,8	4,5
97,26	12,75	3,0	5,8	4,5
97,28	12,77	3,0	5,8	4,5
97,31	12,79	3,0	5,8	4,5
97,33	12,80	3,0	5,8	4,5
97,36	12,81	3,0	5,8	4,5
97,38	12,83	3,0	5,8	4,5
97,41	12,85	3,0	5,8	4,5
97,43	12,87	3,0	5,8	4,5
97,46	12,88	3,0	5,8	4,5
97,48	12,89	3,0	5,8	4,5
97,50	12,92	3,0	5,8	4,5
97,53	12,93	3,0	5,8	4,5
97,55	12,94	3,0	5,8	4,5
97,58	12,95	3,0	5,8	4,5
97,60	12,98	3,0	5,8	4,5
97,63	13,00	3,0	5,8	4,5
97,65	13,01	3,0	5,8	4,5
97,68	13,02	3,0	5,8	4,5
97,70	13,05	3,0	5,8	4,5
97,72	13,06	3,0	5,8	4,5
97,75	13,07	3,0	5,8	4,5
97,77	13,08	3,0	5,8	4,5
97,80	13,11	3,0	5,8	4,5
97,82	13,13	3,0	5,8	4,5
97,85	13,14	3,0	5,8	4,5
97,87	13,15	3,0	5,8	4,5
97,89	13,18	3,0	5,8	4,5
97,92	13,20	3,0	5,8	4,5
97,94	13,21	3,0	5,8	4,5
97,97	13,22	3,0	5,8	4,5
97,99	13,24	3,0	5,8	4,5
98,02	13,26	3,0	5,8	4,5
98,04	13,28	3,0	5,8	4,5
98,07	13,28	3,0	5,8	4,5
98,09	13,29	3,0	5,8	4,5
98,11	13,32	3,0	5,8	4,5
98,14	13,34	3,0	5,8	4,5
98,16	13,34	3,0	5,8	4,5
98,19	13,36	3,0	5,8	4,5
98,21	13,39	3,0	5,8	4,5
98,24	13,41	3,0	5,8	4,5
98,26	13,41	3,0	5,8	4,5
98,29	13,43	3,0	5,8	4,5
98,31	13,46	3,0	5,8	4,5
98,33	13,48	3,0	5,8	4,5
98,36	13,48	3,0	5,8	4,5
98,38	13,50	3,0	5,8	4,5
98,41	13,52	3,0	5,8	4,5
98,43	13,54	3,0	5,8	4,5
98,46	13,54	3,0	5,8	4,5
98,48	13,55	3,0	5,8	4,5
98,51	13,59	3,0	5,8	4,5
98,53	13,61	3,0	5,8	4,5
98,55	13,61	3,0	5,8	4,5
98,58	13,62	3,0	5,8	4,5
98,60	13,65	3,0	5,8	4,5
98,63	13,68	3,0	5,8	4,5
98,65	13,68	3,0	5,8	4,5
98,68	13,69	3,0	5,8	4,5
98,70	13,72	3,0	5,8	4,5
98,73	13,75	3,0	5,8	4,5
98,75	13,77	3,0	5,8	4,5
98,77	13,78	3,0	5,8	4,5
98,80	13,80	3,0	5,8	4,5
98,82	13,83	3,0	5,8	4,5
98,85	13,84	3,0	5,8	4,5
98,87	13,85	3,0	5,8	4,5
98,90	13,87	3,0	5,8	4,5
98,92	13,90	3,0	5,8	4,5
98,94	13,91	3,0	5,8	4,5
98,97	13,91	3,0	5,8	4,5
98,99	13,93	3,0	5,8	4,5
