Voltage U1	Corriente IA	Voltage U2	Voltage U3	Voltage UH
U1/V	IA/nA	U2/V	U3/V	UH/V

0,02	0,07	7,0	5,8	5,5
0,04	0,07	7,0	5,8	5,5
0,07	0,07	7,0	5,8	5,5
0,09	0,07	7,0	5,8	5,5
0,12	0,08	7,0	5,8	5,5
0,14	0,08	7,0	5,8	5,5
0,17	0,07	7,0	5,8	5,5
0,19	0,08	7,0	5,8	5,5
0,21	0,09	7,0	5,8	5,5
0,24	0,09	7,0	5,8	5,5
0,26	0,09	7,0	5,8	5,5
0,29	0,09	7,0	5,8	5,5
0,31	0,10	7,0	5,8	5,5
0,34	0,10	7,0	5,8	5,5
0,36	0,10	7,0	5,8	5,5
0,39	0,10	7,0	5,8	5,5
0,41	0,10	7,0	5,8	5,5
0,43	0,10	7,0	5,8	5,5
0,46	0,10	7,0	5,8	5,5
0,48	0,10	7,0	5,8	5,5
0,51	0,11	7,0	5,8	5,5
0,53	0,11	7,0	5,8	5,5
0,56	0,11	7,0	5,8	5,5
0,58	0,11	7,0	5,8	5,5
0,61	0,11	7,0	5,8	5,5
0,63	0,11	7,0	5,8	5,5
0,65	0,11	7,0	5,8	5,5
0,68	0,10	7,0	5,8	5,5
0,70	0,11	7,0	5,8	5,5
0,73	0,11	7,0	5,8	5,5
0,75	0,11	7,0	5,8	5,5
0,78	0,11	7,0	5,8	5,5
0,80	0,12	7,0	5,8	5,5
0,83	0,12	7,0	5,8	5,5
0,85	0,12	7,0	5,8	5,5
0,87	0,11	7,0	5,8	5,5
0,90	0,12	7,0	5,8	5,5
0,92	0,12	7,0	5,8	5,5
0,95	0,12	7,0	5,8	5,5
0,97	0,12	7,0	5,8	5,5
1,00	0,13	7,0	5,8	5,5
1,02	0,13	7,0	5,8	5,5
1,05	0,12	7,0	5,8	5,5
1,07	0,12	7,0	5,8	5,5
1,09	0,12	7,0	5,8	5,5
1,12	0,12	7,0	5,8	5,5
1,14	0,12	7,0	5,8	5,5
1,17	0,11	7,0	5,8	5,5
1,19	0,12	7,0	5,8	5,5
1,22	0,12	7,0	5,8	5,5
1,24	0,11	7,0	5,8	5,5
1,26	0,11	7,0	5,8	5,5
1,29	0,12	7,0	5,8	5,5
1,31	0,12	7,0	5,8	5,5
1,34	0,11	7,0	5,8	5,5
1,36	0,11	7,0	5,8	5,5
1,39	0,11	7,0	5,8	5,5
1,41	0,11	7,0	5,8	5,5
1,44	0,10	7,0	5,8	5,5
1,46	0,10	7,0	5,8	5,5
1,48	0,10	7,0	5,8	5,5
1,51	0,10	7,0	5,8	5,5
1,53	0,10	7,0	5,8	5,5
1,56	0,10	7,0	5,8	5,5
1,58	0,10	7,0	5,8	5,5
1,61	0,10	7,0	5,8	5,5
1,63	0,09	7,0	5,8	5,5
1,66	0,09	7,0	5,8	5,5
1,68	0,09	7,0	5,8	5,5
1,70	0,09	7,0	5,8	5,5
1,73	0,09	7,0	5,8	5,5
1,75	0,09	7,0	5,8	5,5
1,78	0,09	7,0	5,8	5,5
1,80	0,09	7,0	5,8	5,5
1,83	0,09	7,0	5,8	5,5
1,85	0,09	7,0	5,8	5,5
1,88	0,09	7,0	5,8	5,5
1,90	0,09	7,0	5,8	5,5
1,92	0,09	7,0	5,8	5,5
1,95	0,10	7,0	5,8	5,5
1,97	0,10	7,0	5,8	5,5
2,00	0,09	7,0	5,8	5,5
2,02	0,09	7,0	5,8	5,5
2,05	0,10	7,0	5,8	5,5
2,07	0,10	7,0	5,8	5,5
2,10	0,10	7,0	5,8	5,5
2,12	0,10	7,0	5,8	5,5
2,14	0,09	7,0	5,8	5,5
2,17	0,09	7,0	5,8	5,5
2,19	0,10	7,0	5,8	5,5
2,22	0,10	7,0	5,8	5,5
2,24	0,10	7,0	5,8	5,5
2,27	0,10	7,0	5,8	5,5
2,29	0,10	7,0	5,8	5,5
2,31	0,10	7,0	5,8	5,5
2,34	0,10	7,0	5,8	5,5
2,36	0,10	7,0	5,8	5,5
2,39	0,10	7,0	5,8	5,5
2,41	0,11	7,0	5,8	5,5
2,44	0,11	7,0	5,8	5,5
2,46	0,11	7,0	5,8	5,5
2,49	0,12	7,0	5,8	5,5
2,51	0,12	7,0	5,8	5,5
2,53	0,12	7,0	5,8	5,5
2,56	0,12	7,0	5,8	5,5
2,58	0,11	7,0	5,8	5,5
2,61	0,12	7,0	5,8	5,5
2,63	0,12	7,0	5,8	5,5
2,66	0,12	7,0	5,8	5,5
2,68	0,12	7,0	5,8	5,5
2,71	0,12	7,0	5,8	5,5
2,73	0,12	7,0	5,8	5,5
2,75	0,12	7,0	5,8	5,5
2,78	0,12	7,0	5,8	5,5
2,80	0,13	7,0	5,8	5,5
2,83	0,13	7,0	5,8	5,5
2,85	0,12	7,0	5,8	5,5
2,88	0,12	7,0	5,8	5,5
2,90	0,13	7,0	5,8	5,5
2,93	0,13	7,0	5,8	5,5
2,95	0,12	7,0	5,8	5,5
2,97	0,12	7,0	5,8	5,5
3,00	0,13	7,0	5,8	5,5
3,02	0,13	7,0	5,8	5,5
3,05	0,12	7,0	5,8	5,5
3,07	0,12	7,0	5,8	5,5
3,10	0,12	7,0	5,8	5,5
3,12	0,12	7,0	5,8	5,5
3,15	0,11	7,0	5,8	5,5
3,17	0,12	7,0	5,8	5,5
3,19	0,13	7,0	5,8	5,5
3,22	0,13	7,0	5,8	5,5
3,24	0,13	7,0	5,8	5,5
3,27	0,13	7,0	5,8	5,5
3,29	0,14	7,0	5,8	5,5
3,32	0,14	7,0	5,8	5,5
3,34	0,14	7,0	5,8	5,5
3,36	0,15	7,0	5,8	5,5
3,39	0,16	7,0	5,8	5,5
3,41	0,17	7,0	5,8	5,5
3,44	0,17	7,0	5,8	5,5
3,46	0,19	7,0	5,8	5,5
3,49	0,20	7,0	5,8	5,5
3,51	0,21	7,0	5,8	5,5
3,54	0,22	7,0	5,8	5,5
3,56	0,24	7,0	5,8	5,5
3,58	0,25	7,0	5,8	5,5
3,61	0,26	7,0	5,8	5,5
3,63	0,28	7,0	5,8	5,5
3,66	0,30	7,0	5,8	5,5
3,68	0,32	7,0	5,8	5,5
3,71	0,33	7,0	5,8	5,5
3,73	0,34	7,0	5,8	5,5
3,76	0,37	7,0	5,8	5,5
3,78	0,39	7,0	5,8	5,5
3,80	0,39	7,0	5,8	5,5
3,83	0,41	7,0	5,8	5,5
3,85	0,43	7,0	5,8	5,5
3,88	0,45	7,0	5,8	5,5
3,90	0,46	7,0	5,8	5,5
3,93	0,47	7,0	5,8	5,5
3,95	0,50	7,0	5,8	5,5
3,98	0,52	7,0	5,8	5,5
4,00	0,53	7,0	5,8	5,5
4,02	0,54	7,0	5,8	5,5
4,05	0,56	7,0	5,8	5,5
4,07	0,58	7,0	5,8	5,5
4,10	0,59	7,0	5,8	5,5
4,12	0,60	7,0	5,8	5,5
4,15	0,63	7,0	5,8	5,5
4,17	0,64	7,0	5,8	5,5
4,20	0,65	7,0	5,8	5,5
4,22	0,66	7,0	5,8	5,5
4,24	0,69	7,0	5,8	5,5
4,27	0,70	7,0	5,8	5,5
4,29	0,70	7,0	5,8	5,5
4,32	0,71	7,0	5,8	5,5
4,34	0,73	7,0	5,8	5,5
4,37	0,75	7,0	5,8	5,5
4,39	0,75	7,0	5,8	5,5
4,42	0,76	7,0	5,8	5,5
4,44	0,78	7,0	5,8	5,5
4,46	0,80	7,0	5,8	5,5
4,49	0,80	7,0	5,8	5,5
4,51	0,80	7,0	5,8	5,5
4,54	0,83	7,0	5,8	5,5
4,56	0,84	7,0	5,8	5,5
4,59	0,85	7,0	5,8	5,5
4,61	0,86	7,0	5,8	5,5
4,63	0,86	7,0	5,8	5,5
4,66	0,88	7,0	5,8	5,5
4,68	0,89	7,0	5,8	5,5
4,71	0,90	7,0	5,8	5,5
4,73	0,91	7,0	5,8	5,5
4,76	0,93	7,0	5,8	5,5
4,78	0,94	7,0	5,8	5,5
4,81	0,93	7,0	5,8	5,5
4,83	0,95	7,0	5,8	5,5
4,85	0,97	7,0	5,8	5,5
4,88	0,98	7,0	5,8	5,5
4,90	0,98	7,0	5,8	5,5
4,93	0,99	7,0	5,8	5,5
4,95	1,00	7,0	5,8	5,5
4,98	1,02	7,0	5,8	5,5
5,00	1,01	7,0	5,8	5,5
5,03	1,02	7,0	5,8	5,5
5,05	1,04	7,0	5,8	5,5
5,07	1,05	7,0	5,8	5,5
5,10	1,05	7,0	5,8	5,5
5,12	1,05	7,0	5,8	5,5
5,15	1,07	7,0	5,8	5,5
5,17	1,08	7,0	5,8	5,5
5,20	1,08	7,0	5,8	5,5
5,22	1,09	7,0	5,8	5,5
5,25	1,10	7,0	5,8	5,5
5,27	1,11	7,0	5,8	5,5
5,29	1,13	7,0	5,8	5,5
5,32	1,13	7,0	5,8	5,5
5,34	1,14	7,0	5,8	5,5
5,37	1,15	7,0	5,8	5,5
5,39	1,16	7,0	5,8	5,5
5,42	1,17	7,0	5,8	5,5
5,44	1,17	7,0	5,8	5,5
5,47	1,18	7,0	5,8	5,5
5,49	1,19	7,0	5,8	5,5
5,51	1,19	7,0	5,8	5,5
5,54	1,20	7,0	5,8	5,5
5,56	1,22	7,0	5,8	5,5
5,59	1,23	7,0	5,8	5,5
5,61	1,23	7,0	5,8	5,5
5,64	1,23	7,0	5,8	5,5
5,66	1,26	7,0	5,8	5,5
5,68	1,26	7,0	5,8	5,5
5,71	1,26	7,0	5,8	5,5
5,73	1,27	7,0	5,8	5,5
5,76	1,29	7,0	5,8	5,5
5,78	1,30	7,0	5,8	5,5
5,81	1,29	7,0	5,8	5,5
5,83	1,30	7,0	5,8	5,5
5,86	1,32	7,0	5,8	5,5
5,88	1,33	7,0	5,8	5,5
5,90	1,33	7,0	5,8	5,5
5,93	1,33	7,0	5,8	5,5
5,95	1,35	7,0	5,8	5,5
5,98	1,36	7,0	5,8	5,5
6,00	1,35	7,0	5,8	5,5
6,03	1,36	7,0	5,8	5,5
6,05	1,39	7,0	5,8	5,5
6,08	1,40	7,0	5,8	5,5
6,10	1,39	7,0	5,8	5,5
6,12	1,40	7,0	5,8	5,5
6,15	1,42	7,0	5,8	5,5
6,17	1,43	7,0	5,8	5,5
6,20	1,42	7,0	5,8	5,5
6,22	1,43	7,0	5,8	5,5
6,25	1,45	7,0	5,8	5,5
6,27	1,45	7,0	5,8	5,5
6,30	1,45	7,0	5,8	5,5
6,32	1,46	7,0	5,8	5,5
6,34	1,48	7,0	5,8	5,5
6,37	1,49	7,0	5,8	5,5
6,39	1,49	7,0	5,8	5,5
6,42	1,49	7,0	5,8	5,5
6,44	1,51	7,0	5,8	5,5
6,47	1,52	7,0	5,8	5,5
6,49	1,52	7,0	5,8	5,5
6,52	1,53	7,0	5,8	5,5
6,54	1,54	7,0	5,8	5,5
6,56	1,55	7,0	5,8	5,5
6,59	1,55	7,0	5,8	5,5
6,61	1,55	7,0	5,8	5,5
6,64	1,57	7,0	5,8	5,5
6,66	1,57	7,0	5,8	5,5
6,69	1,57	7,0	5,8	5,5
6,71	1,58	7,0	5,8	5,5
6,73	1,59	7,0	5,8	5,5
6,76	1,60	7,0	5,8	5,5
6,78	1,60	7,0	5,8	5,5
6,81	1,61	7,0	5,8	5,5
6,83	1,63	7,0	5,8	5,5
6,86	1,63	7,0	5,8	5,5
6,88	1,64	7,0	5,8	5,5
6,91	1,65	7,0	5,8	5,5
6,93	1,66	7,0	5,8	5,5
6,95	1,66	7,0	5,8	5,5
6,98	1,66	7,0	5,8	5,5
7,00	1,67	7,0	5,8	5,5
7,03	1,68	7,0	5,8	5,5
7,05	1,69	7,0	5,8	5,5
7,08	1,70	7,0	5,8	5,5
7,10	1,70	7,0	5,8	5,5
7,13	1,71	7,0	5,8	5,5
7,15	1,72	7,0	5,8	5,5
7,17	1,73	7,0	5,8	5,5
7,20	1,73	7,0	5,8	5,5
7,22	1,73	7,0	5,8	5,5
7,25	1,75	7,0	5,8	5,5
7,27	1,76	7,0	5,8	5,5
7,30	1,76	7,0	5,8	5,5
7,32	1,77	7,0	5,8	5,5
7,35	1,78	7,0	5,8	5,5
7,37	1,78	7,0	5,8	5,5
7,39	1,78	7,0	5,8	5,5
7,42	1,78	7,0	5,8	5,5
7,44	1,80	7,0	5,8	5,5
7,47	1,80	7,0	5,8	5,5
7,49	1,80	7,0	5,8	5,5
7,52	1,81	7,0	5,8	5,5
7,54	1,82	7,0	5,8	5,5
7,57	1,83	7,0	5,8	5,5
7,59	1,83	7,0	5,8	5,5
7,61	1,83	7,0	5,8	5,5
7,64	1,85	7,0	5,8	5,5
7,66	1,85	7,0	5,8	5,5
7,69	1,85	7,0	5,8	5,5
7,71	1,85	7,0	5,8	5,5
7,74	1,86	7,0	5,8	5,5
7,76	1,88	7,0	5,8	5,5
7,78	1,88	7,0	5,8	5,5
7,81	1,87	7,0	5,8	5,5
7,83	1,88	7,0	5,8	5,5
7,86	1,89	7,0	5,8	5,5
7,88	1,90	7,0	5,8	5,5
7,91	1,89	7,0	5,8	5,5
7,93	1,90	7,0	5,8	5,5
7,96	1,92	7,0	5,8	5,5
7,98	1,92	7,0	5,8	5,5
8,00	1,92	7,0	5,8	5,5
8,03	1,93	7,0	5,8	5,5
8,05	1,94	7,0	5,8	5,5
8,08	1,95	7,0	5,8	5,5
8,10	1,94	7,0	5,8	5,5
8,13	1,94	7,0	5,8	5,5
8,15	1,96	7,0	5,8	5,5
8,18	1,96	7,0	5,8	5,5
8,20	1,96	7,0	5,8	5,5
8,22	1,96	7,0	5,8	5,5
8,25	1,98	7,0	5,8	5,5
8,27	1,98	7,0	5,8	5,5
8,30	1,97	7,0	5,8	5,5
8,32	1,98	7,0	5,8	5,5
8,35	1,99	7,0	5,8	5,5
8,37	1,99	7,0	5,8	5,5
8,40	1,99	7,0	5,8	5,5
8,42	2,00	7,0	5,8	5,5
8,44	2,01	7,0	5,8	5,5
8,47	2,02	7,0	5,8	5,5
8,49	2,01	7,0	5,8	5,5
8,52	2,02	7,0	5,8	5,5
8,54	2,04	7,0	5,8	5,5
8,57	2,03	7,0	5,8	5,5
8,59	2,03	7,0	5,8	5,5
8,62	2,04	7,0	5,8	5,5
8,64	2,05	7,0	5,8	5,5
8,66	2,05	7,0	5,8	5,5
8,69	2,05	7,0	5,8	5,5
8,71	2,06	7,0	5,8	5,5
8,74	2,07	7,0	5,8	5,5
8,76	2,07	7,0	5,8	5,5
8,79	2,07	7,0	5,8	5,5
8,81	2,08	7,0	5,8	5,5
8,84	2,08	7,0	5,8	5,5
8,86	2,08	7,0	5,8	5,5
8,88	2,08	7,0	5,8	5,5
8,91	2,09	7,0	5,8	5,5
8,93	2,10	7,0	5,8	5,5
8,96	2,10	7,0	5,8	5,5
8,98	2,10	7,0	5,8	5,5
9,01	2,12	7,0	5,8	5,5
9,03	2,12	7,0	5,8	5,5
9,05	2,12	7,0	5,8	5,5
9,08	2,12	7,0	5,8	5,5
9,10	2,13	7,0	5,8	5,5
9,13	2,13	7,0	5,8	5,5
9,15	2,13	7,0	5,8	5,5
9,18	2,14	7,0	5,8	5,5
9,20	2,15	7,0	5,8	5,5
9,23	2,15	7,0	5,8	5,5
9,25	2,15	7,0	5,8	5,5
9,27	2,15	7,0	5,8	5,5
9,30	2,17	7,0	5,8	5,5
9,32	2,17	7,0	5,8	5,5
9,35	2,16	7,0	5,8	5,5
9,37	2,17	7,0	5,8	5,5
9,40	2,18	7,0	5,8	5,5
9,42	2,18	7,0	5,8	5,5
9,45	2,18	7,0	5,8	5,5
9,47	2,18	7,0	5,8	5,5
9,49	2,19	7,0	5,8	5,5
9,52	2,19	7,0	5,8	5,5
9,54	2,20	7,0	5,8	5,5
9,57	2,20	7,0	5,8	5,5
9,59	2,20	7,0	5,8	5,5
9,62	2,21	7,0	5,8	5,5
9,64	2,21	7,0	5,8	5,5
9,67	2,21	7,0	5,8	5,5
9,69	2,22	7,0	5,8	5,5
9,71	2,23	7,0	5,8	5,5
9,74	2,23	7,0	5,8	5,5
9,76	2,23	7,0	5,8	5,5
9,79	2,23	7,0	5,8	5,5
9,81	2,24	7,0	5,8	5,5
9,84	2,24	7,0	5,8	5,5
9,86	2,24	7,0	5,8	5,5
9,89	2,25	7,0	5,8	5,5
9,91	2,26	7,0	5,8	5,5
9,93	2,26	7,0	5,8	5,5
9,96	2,26	7,0	5,8	5,5
9,98	2,26	7,0	5,8	5,5
10,01	2,27	7,0	5,8	5,5
10,03	2,27	7,0	5,8	5,5
10,06	2,27	7,0	5,8	5,5
10,08	2,27	7,0	5,8	5,5
10,10	2,28	7,0	5,8	5,5
10,13	2,28	7,0	5,8	5,5
10,15	2,29	7,0	5,8	5,5
10,18	2,29	7,0	5,8	5,5
10,20	2,29	7,0	5,8	5,5
10,23	2,30	7,0	5,8	5,5
10,25	2,31	7,0	5,8	5,5
10,28	2,30	7,0	5,8	5,5
10,30	2,30	7,0	5,8	5,5
10,32	2,31	7,0	5,8	5,5
10,35	2,32	7,0	5,8	5,5
10,37	2,32	7,0	5,8	5,5
10,40	2,32	7,0	5,8	5,5
10,42	2,33	7,0	5,8	5,5
10,45	2,33	7,0	5,8	5,5
10,47	2,33	7,0	5,8	5,5
10,50	2,33	7,0	5,8	5,5
10,52	2,34	7,0	5,8	5,5
10,54	2,34	7,0	5,8	5,5
10,57	2,34	7,0	5,8	5,5
10,59	2,34	7,0	5,8	5,5
10,62	2,35	7,0	5,8	5,5
10,64	2,35	7,0	5,8	5,5
10,67	2,35	7,0	5,8	5,5
10,69	2,35	7,0	5,8	5,5
10,72	2,36	7,0	5,8	5,5
10,74	2,36	7,0	5,8	5,5
10,76	2,36	7,0	5,8	5,5
10,79	2,36	7,0	5,8	5,5
10,81	2,37	7,0	5,8	5,5
10,84	2,38	7,0	5,8	5,5
10,86	2,37	7,0	5,8	5,5
10,89	2,37	7,0	5,8	5,5
10,91	2,39	7,0	5,8	5,5
10,94	2,39	7,0	5,8	5,5
10,96	2,38	7,0	5,8	5,5
10,98	2,38	7,0	5,8	5,5
11,01	2,40	7,0	5,8	5,5
11,03	2,39	7,0	5,8	5,5
11,06	2,39	7,0	5,8	5,5
11,08	2,40	7,0	5,8	5,5
11,11	2,41	7,0	5,8	5,5
11,13	2,41	7,0	5,8	5,5
11,15	2,41	7,0	5,8	5,5
11,18	2,41	7,0	5,8	5,5
11,20	2,42	7,0	5,8	5,5
11,23	2,42	7,0	5,8	5,5
11,25	2,41	7,0	5,8	5,5
11,28	2,42	7,0	5,8	5,5
11,30	2,43	7,0	5,8	5,5
11,33	2,44	7,0	5,8	5,5
11,35	2,43	7,0	5,8	5,5
11,37	2,43	7,0	5,8	5,5
11,40	2,45	7,0	5,8	5,5
11,42	2,45	7,0	5,8	5,5
11,45	2,44	7,0	5,8	5,5
11,47	2,45	7,0	5,8	5,5
11,50	2,46	7,0	5,8	5,5
11,52	2,46	7,0	5,8	5,5
11,55	2,45	7,0	5,8	5,5
11,57	2,46	7,0	5,8	5,5
11,59	2,48	7,0	5,8	5,5
11,62	2,48	7,0	5,8	5,5
11,64	2,47	7,0	5,8	5,5
11,67	2,48	7,0	5,8	5,5
11,69	2,49	7,0	5,8	5,5
11,72	2,49	7,0	5,8	5,5
11,74	2,48	7,0	5,8	5,5
11,77	2,49	7,0	5,8	5,5
11,79	2,50	7,0	5,8	5,5
11,81	2,50	7,0	5,8	5,5
11,84	2,49	7,0	5,8	5,5
11,86	2,50	7,0	5,8	5,5
11,89	2,51	7,0	5,8	5,5
11,91	2,52	7,0	5,8	5,5
11,94	2,51	7,0	5,8	5,5
11,96	2,51	7,0	5,8	5,5
11,99	2,51	7,0	5,8	5,5
12,01	2,52	7,0	5,8	5,5
12,03	2,52	7,0	5,8	5,5
12,06	2,52	7,0	5,8	5,5
12,08	2,52	7,0	5,8	5,5
12,11	2,53	7,0	5,8	5,5
12,13	2,53	7,0	5,8	5,5
12,16	2,53	7,0	5,8	5,5
12,18	2,53	7,0	5,8	5,5
12,21	2,54	7,0	5,8	5,5
12,23	2,54	7,0	5,8	5,5
12,25	2,53	7,0	5,8	5,5
12,28	2,54	7,0	5,8	5,5
12,30	2,55	7,0	5,8	5,5
12,33	2,55	7,0	5,8	5,5
12,35	2,54	7,0	5,8	5,5
12,38	2,55	7,0	5,8	5,5
12,40	2,56	7,0	5,8	5,5
12,42	2,56	7,0	5,8	5,5
12,45	2,55	7,0	5,8	5,5
12,47	2,55	7,0	5,8	5,5
12,50	2,56	7,0	5,8	5,5
12,52	2,56	7,0	5,8	5,5
12,55	2,55	7,0	5,8	5,5
12,57	2,55	7,0	5,8	5,5
12,60	2,56	7,0	5,8	5,5
12,62	2,57	7,0	5,8	5,5
12,64	2,57	7,0	5,8	5,5
12,67	2,56	7,0	5,8	5,5
12,69	2,56	7,0	5,8	5,5
12,72	2,57	7,0	5,8	5,5
12,74	2,57	7,0	5,8	5,5
12,77	2,56	7,0	5,8	5,5
12,79	2,57	7,0	5,8	5,5
12,82	2,58	7,0	5,8	5,5
12,84	2,58	7,0	5,8	5,5
12,86	2,57	7,0	5,8	5,5
12,89	2,58	7,0	5,8	5,5
12,91	2,59	7,0	5,8	5,5
12,94	2,58	7,0	5,8	5,5
12,96	2,58	7,0	5,8	5,5
12,99	2,59	7,0	5,8	5,5
13,01	2,59	7,0	5,8	5,5
13,04	2,59	7,0	5,8	5,5
13,06	2,58	7,0	5,8	5,5
13,08	2,59	7,0	5,8	5,5
13,11	2,60	7,0	5,8	5,5
13,13	2,60	7,0	5,8	5,5
13,16	2,59	7,0	5,8	5,5
13,18	2,59	7,0	5,8	5,5
13,21	2,60	7,0	5,8	5,5
13,23	2,60	7,0	5,8	5,5
13,26	2,59	7,0	5,8	5,5
13,28	2,60	7,0	5,8	5,5
13,30	2,61	7,0	5,8	5,5
13,33	2,60	7,0	5,8	5,5
13,35	2,59	7,0	5,8	5,5
13,38	2,60	7,0	5,8	5,5
13,40	2,60	7,0	5,8	5,5
13,43	2,59	7,0	5,8	5,5
13,45	2,58	7,0	5,8	5,5
13,47	2,58	7,0	5,8	5,5
13,50	2,59	7,0	5,8	5,5
13,52	2,58	7,0	5,8	5,5
13,55	2,57	7,0	5,8	5,5
13,57	2,57	7,0	5,8	5,5
13,60	2,57	7,0	5,8	5,5
13,62	2,55	7,0	5,8	5,5
13,65	2,54	7,0	5,8	5,5
13,67	2,53	7,0	5,8	5,5
13,69	2,53	7,0	5,8	5,5
13,72	2,51	7,0	5,8	5,5
13,74	2,50	7,0	5,8	5,5
13,77	2,49	7,0	5,8	5,5
13,79	2,48	7,0	5,8	5,5
13,82	2,47	7,0	5,8	5,5
13,84	2,45	7,0	5,8	5,5
13,87	2,44	7,0	5,8	5,5
13,89	2,43	7,0	5,8	5,5
13,91	2,40	7,0	5,8	5,5
13,94	2,38	7,0	5,8	5,5
13,96	2,38	7,0	5,8	5,5
13,99	2,36	7,0	5,8	5,5
14,01	2,34	7,0	5,8	5,5
14,04	2,32	7,0	5,8	5,5
14,06	2,31	7,0	5,8	5,5
14,09	2,29	7,0	5,8	5,5
14,11	2,26	7,0	5,8	5,5
14,13	2,23	7,0	5,8	5,5
14,16	2,22	7,0	5,8	5,5
14,18	2,20	7,0	5,8	5,5
14,21	2,17	7,0	5,8	5,5
14,23	2,14	7,0	5,8	5,5
14,26	2,13	7,0	5,8	5,5
14,28	2,10	7,0	5,8	5,5
14,31	2,07	7,0	5,8	5,5
14,33	2,05	7,0	5,8	5,5
14,35	2,02	7,0	5,8	5,5
14,38	2,00	7,0	5,8	5,5
14,40	1,97	7,0	5,8	5,5
14,43	1,94	7,0	5,8	5,5
14,45	1,91	7,0	5,8	5,5
14,48	1,89	7,0	5,8	5,5
14,50	1,86	7,0	5,8	5,5
14,52	1,83	7,0	5,8	5,5
14,55	1,79	7,0	5,8	5,5
14,57	1,76	7,0	5,8	5,5
14,60	1,73	7,0	5,8	5,5
14,62	1,70	7,0	5,8	5,5
14,65	1,66	7,0	5,8	5,5
14,67	1,64	7,0	5,8	5,5
14,70	1,61	7,0	5,8	5,5
14,72	1,57	7,0	5,8	5,5
14,74	1,53	7,0	5,8	5,5
14,77	1,50	7,0	5,8	5,5
14,79	1,47	7,0	5,8	5,5
14,82	1,43	7,0	5,8	5,5
14,84	1,40	7,0	5,8	5,5
14,87	1,36	7,0	5,8	5,5
14,89	1,32	7,0	5,8	5,5
14,92	1,28	7,0	5,8	5,5
14,94	1,25	7,0	5,8	5,5
14,96	1,22	7,0	5,8	5,5
14,99	1,18	7,0	5,8	5,5
15,01	1,15	7,0	5,8	5,5
15,04	1,11	7,0	5,8	5,5
15,06	1,06	7,0	5,8	5,5
15,09	1,03	7,0	5,8	5,5
15,11	1,00	7,0	5,8	5,5
15,14	0,96	7,0	5,8	5,5
15,16	0,92	7,0	5,8	5,5
15,18	0,89	7,0	5,8	5,5
15,21	0,86	7,0	5,8	5,5
15,23	0,82	7,0	5,8	5,5
15,26	0,78	7,0	5,8	5,5
15,28	0,75	7,0	5,8	5,5
15,31	0,72	7,0	5,8	5,5
15,33	0,68	7,0	5,8	5,5
15,36	0,63	7,0	5,8	5,5
15,38	0,60	7,0	5,8	5,5
15,40	0,58	7,0	5,8	5,5
15,43	0,54	7,0	5,8	5,5
15,45	0,50	7,0	5,8	5,5
15,48	0,48	7,0	5,8	5,5
15,50	0,45	7,0	5,8	5,5
15,53	0,43	7,0	5,8	5,5
15,55	0,39	7,0	5,8	5,5
15,57	0,36	7,0	5,8	5,5
15,60	0,34	7,0	5,8	5,5
15,62	0,31	7,0	5,8	5,5
15,65	0,28	7,0	5,8	5,5
15,67	0,25	7,0	5,8	5,5
15,70	0,24	7,0	5,8	5,5
15,72	0,22	7,0	5,8	5,5
15,75	0,19	7,0	5,8	5,5
15,77	0,17	7,0	5,8	5,5
15,79	0,16	7,0	5,8	5,5
15,82	0,15	7,0	5,8	5,5
15,84	0,12	7,0	5,8	5,5
15,87	0,11	7,0	5,8	5,5
15,89	0,10	7,0	5,8	5,5
15,92	0,09	7,0	5,8	5,5
15,94	0,07	7,0	5,8	5,5
15,97	0,06	7,0	5,8	5,5
15,99	0,06	7,0	5,8	5,5
16,01	0,05	7,0	5,8	5,5
16,04	0,04	7,0	5,8	5,5
16,06	0,03	7,0	5,8	5,5
16,09	0,03	7,0	5,8	5,5
16,11	0,03	7,0	5,8	5,5
16,14	0,02	7,0	5,8	5,5
16,16	0,01	7,0	5,8	5,5
16,19	0,01	7,0	5,8	5,5
16,21	0,01	7,0	5,8	5,5
16,23	0,01	7,0	5,8	5,5
16,26	0,01	7,0	5,8	5,5
16,28	0,01	7,0	5,8	5,5
16,31	0,01	7,0	5,8	5,5
16,33	0,01	7,0	5,8	5,5
16,36	0,01	7,0	5,8	5,5
16,38	0,01	7,0	5,8	5,5
16,41	0,01	7,0	5,8	5,5
16,43	0,01	7,0	5,8	5,5
16,45	0,01	7,0	5,8	5,5
16,48	0,01	7,0	5,8	5,5
16,50	0,01	7,0	5,8	5,5
16,53	0,01	7,0	5,8	5,5
16,55	0,01	7,0	5,8	5,5
16,58	0,01	7,0	5,8	5,5
16,60	0,01	7,0	5,8	5,5
16,63	0,01	7,0	5,8	5,5
16,65	0,01	7,0	5,8	5,5
16,67	0,01	7,0	5,8	5,5
16,70	0,01	7,0	5,8	5,5
16,72	0,01	7,0	5,8	5,5
16,75	0,01	7,0	5,8	5,5
16,77	0,01	7,0	5,8	5,5
16,80	0,01	7,0	5,8	5,5
16,82	0,01	7,0	5,8	5,5
16,84	0,01	7,0	5,8	5,5
16,87	0,01	7,0	5,8	5,5
16,89	0,01	7,0	5,8	5,5
16,92	0,01	7,0	5,8	5,5
16,94	0,01	7,0	5,8	5,5
16,97	0,01	7,0	5,8	5,5
16,99	0,01	7,0	5,8	5,5
17,02	0,01	7,0	5,8	5,5
17,04	0,01	7,0	5,8	5,5
17,06	0,01	7,0	5,8	5,5
17,09	0,01	7,0	5,8	5,5
17,11	0,01	7,0	5,8	5,5
17,14	0,01	7,0	5,8	5,5
17,16	0,01	7,0	5,8	5,5
17,19	0,01	7,0	5,8	5,5
17,21	0,01	7,0	5,8	5,5
17,24	0,01	7,0	5,8	5,5
17,26	0,01	7,0	5,8	5,5
17,28	0,01	7,0	5,8	5,5
17,31	0,01	7,0	5,8	5,5
17,33	0,01	7,0	5,8	5,5
17,36	0,01	7,0	5,8	5,5
17,38	0,01	7,0	5,8	5,5
17,41	0,01	7,0	5,8	5,5
17,43	0,01	7,0	5,8	5,5
17,46	0,01	7,0	5,8	5,5
17,48	0,01	7,0	5,8	5,5
17,50	0,01	7,0	5,8	5,5
17,53	0,01	7,0	5,8	5,5
17,55	0,01	7,0	5,8	5,5
17,58	0,01	7,0	5,8	5,5
17,60	0,01	7,0	5,8	5,5
17,63	0,01	7,0	5,8	5,5
17,65	0,01	7,0	5,8	5,5
17,68	0,01	7,0	5,8	5,5
17,70	0,01	7,0	5,8	5,5
17,72	0,01	7,0	5,8	5,5
17,75	0,01	7,0	5,8	5,5
17,77	0,01	7,0	5,8	5,5
17,80	0,01	7,0	5,8	5,5
17,82	0,01	7,0	5,8	5,5
17,85	0,01	7,0	5,8	5,5
17,87	0,01	7,0	5,8	5,5
17,89	0,01	7,0	5,8	5,5
17,92	0,01	7,0	5,8	5,5
17,94	0,01	7,0	5,8	5,5
17,97	0,01	7,0	5,8	5,5
17,99	0,01	7,0	5,8	5,5
18,02	0,01	7,0	5,8	5,5
18,04	0,01	7,0	5,8	5,5
18,07	0,01	7,0	5,8	5,5
18,09	0,01	7,0	5,8	5,5
18,11	0,01	7,0	5,8	5,5
18,14	0,01	7,0	5,8	5,5
18,16	0,01	7,0	5,8	5,5
18,19	0,01	7,0	5,8	5,5
18,21	0,01	7,0	5,8	5,5
18,24	0,01	7,0	5,8	5,5
18,26	0,01	7,0	5,8	5,5
18,29	0,01	7,0	5,8	5,5
18,31	0,01	7,0	5,8	5,5
18,33	0,01	7,0	5,8	5,5
18,36	0,01	7,0	5,8	5,5
18,38	0,01	7,0	5,8	5,5
18,41	0,01	7,0	5,8	5,5
18,43	0,01	7,0	5,8	5,5
18,46	0,01	7,0	5,8	5,5
18,48	0,01	7,0	5,8	5,5
18,51	0,01	7,0	5,8	5,5
18,53	0,01	7,0	5,8	5,5
18,55	0,01	7,0	5,8	5,5
18,58	0,01	7,0	5,8	5,5
18,60	0,01	7,0	5,8	5,5
18,63	0,01	7,0	5,8	5,5
18,65	0,01	7,0	5,8	5,5
18,68	0,01	7,0	5,8	5,5
18,70	0,01	7,0	5,8	5,5
18,73	0,01	7,0	5,8	5,5
18,75	0,01	7,0	5,8	5,5
18,77	0,01	7,0	5,8	5,5
18,80	0,01	7,0	5,8	5,5
18,82	0,01	7,0	5,8	5,5
18,85	0,01	7,0	5,8	5,5
18,87	0,01	7,0	5,8	5,5
18,90	0,01	7,0	5,8	5,5
18,92	0,01	7,0	5,8	5,5
18,94	0,01	7,0	5,8	5,5
18,97	0,01	7,0	5,8	5,5
18,99	0,01	7,0	5,8	5,5
19,02	0,01	7,0	5,8	5,5
19,04	0,01	7,0	5,8	5,5
19,07	0,01	7,0	5,8	5,5
19,09	0,01	7,0	5,8	5,5
19,12	0,01	7,0	5,8	5,5
19,14	0,01	7,0	5,8	5,5
19,16	0,01	7,0	5,8	5,5
19,19	0,01	7,0	5,8	5,5
19,21	0,01	7,0	5,8	5,5
19,24	0,01	7,0	5,8	5,5
19,26	0,01	7,0	5,8	5,5
19,29	0,01	7,0	5,8	5,5
19,31	0,01	7,0	5,8	5,5
19,34	0,01	7,0	5,8	5,5
19,36	0,01	7,0	5,8	5,5
19,38	0,01	7,0	5,8	5,5
19,41	0,01	7,0	5,8	5,5
19,43	0,01	7,0	5,8	5,5
19,46	0,01	7,0	5,8	5,5
19,48	0,01	7,0	5,8	5,5
19,51	0,01	7,0	5,8	5,5
19,53	0,01	7,0	5,8	5,5
19,56	0,01	7,0	5,8	5,5
19,58	0,01	7,0	5,8	5,5
19,60	0,01	7,0	5,8	5,5
19,63	0,01	7,0	5,8	5,5
19,65	0,01	7,0	5,8	5,5
19,68	0,01	7,0	5,8	5,5
19,70	0,01	7,0	5,8	5,5
19,73	0,01	7,0	5,8	5,5
19,75	0,01	7,0	5,8	5,5
19,78	0,01	7,0	5,8	5,5
19,80	0,01	7,0	5,8	5,5
19,82	0,01	7,0	5,8	5,5
19,85	0,01	7,0	5,8	5,5
19,87	0,01	7,0	5,8	5,5
19,90	0,01	7,0	5,8	5,5
19,92	0,01	7,0	5,8	5,5
19,95	0,01	7,0	5,8	5,5
19,97	0,01	7,0	5,8	5,5
19,99	0,01	7,0	5,8	5,5
20,02	0,01	7,0	5,8	5,5
20,04	0,02	7,0	5,8	5,5
20,07	0,03	7,0	5,8	5,5
20,09	0,03	7,0	5,8	5,5
20,12	0,04	7,0	5,8	5,5
20,14	0,06	7,0	5,8	5,5
20,17	0,06	7,0	5,8	5,5
20,19	0,07	7,0	5,8	5,5
20,21	0,08	7,0	5,8	5,5
20,24	0,11	7,0	5,8	5,5
20,26	0,13	7,0	5,8	5,5
20,29	0,14	7,0	5,8	5,5
20,31	0,16	7,0	5,8	5,5
20,34	0,19	7,0	5,8	5,5
20,36	0,21	7,0	5,8	5,5
20,39	0,23	7,0	5,8	5,5
20,41	0,26	7,0	5,8	5,5
20,43	0,31	7,0	5,8	5,5
20,46	0,34	7,0	5,8	5,5
20,48	0,37	7,0	5,8	5,5
20,51	0,41	7,0	5,8	5,5
20,53	0,46	7,0	5,8	5,5
20,56	0,50	7,0	5,8	5,5
20,58	0,53	7,0	5,8	5,5
20,61	0,58	7,0	5,8	5,5
20,63	0,63	7,0	5,8	5,5
20,65	0,68	7,0	5,8	5,5
20,68	0,72	7,0	5,8	5,5
20,70	0,77	7,0	5,8	5,5
20,73	0,83	7,0	5,8	5,5
20,75	0,89	7,0	5,8	5,5
20,78	0,93	7,0	5,8	5,5
20,80	0,98	7,0	5,8	5,5
20,83	1,05	7,0	5,8	5,5
20,85	1,11	7,0	5,8	5,5
20,87	1,15	7,0	5,8	5,5
20,90	1,20	7,0	5,8	5,5
20,92	1,27	7,0	5,8	5,5
20,95	1,34	7,0	5,8	5,5
20,97	1,38	7,0	5,8	5,5
21,00	1,43	7,0	5,8	5,5
21,02	1,50	7,0	5,8	5,5
21,05	1,56	7,0	5,8	5,5
21,07	1,61	7,0	5,8	5,5
21,09	1,66	7,0	5,8	5,5
21,12	1,71	7,0	5,8	5,5
21,14	1,78	7,0	5,8	5,5
21,17	1,82	7,0	5,8	5,5
21,19	1,87	7,0	5,8	5,5
21,22	1,94	7,0	5,8	5,5
21,24	1,99	7,0	5,8	5,5
21,26	2,04	7,0	5,8	5,5
21,29	2,09	7,0	5,8	5,5
21,31	2,14	7,0	5,8	5,5
21,34	2,20	7,0	5,8	5,5
21,36	2,24	7,0	5,8	5,5
21,39	2,29	7,0	5,8	5,5
21,41	2,35	7,0	5,8	5,5
21,44	2,40	7,0	5,8	5,5
21,46	2,44	7,0	5,8	5,5
21,48	2,49	7,0	5,8	5,5
21,51	2,55	7,0	5,8	5,5
21,53	2,59	7,0	5,8	5,5
21,56	2,63	7,0	5,8	5,5
21,58	2,68	7,0	5,8	5,5
21,61	2,73	7,0	5,8	5,5
21,63	2,77	7,0	5,8	5,5
21,66	2,82	7,0	5,8	5,5
21,68	2,87	7,0	5,8	5,5
21,70	2,91	7,0	5,8	5,5
21,73	2,96	7,0	5,8	5,5
21,75	3,01	7,0	5,8	5,5
21,78	3,05	7,0	5,8	5,5
21,80	3,09	7,0	5,8	5,5
21,83	3,14	7,0	5,8	5,5
21,85	3,18	7,0	5,8	5,5
21,88	3,22	7,0	5,8	5,5
21,90	3,27	7,0	5,8	5,5
21,92	3,31	7,0	5,8	5,5
21,95	3,36	7,0	5,8	5,5
21,97	3,40	7,0	5,8	5,5
22,00	3,44	7,0	5,8	5,5
22,02	3,49	7,0	5,8	5,5
22,05	3,53	7,0	5,8	5,5
22,07	3,57	7,0	5,8	5,5
22,10	3,61	7,0	5,8	5,5
22,12	3,65	7,0	5,8	5,5
22,14	3,70	7,0	5,8	5,5
22,17	3,74	7,0	5,8	5,5
22,19	3,78	7,0	5,8	5,5
22,22	3,83	7,0	5,8	5,5
22,24	3,87	7,0	5,8	5,5
22,27	3,90	7,0	5,8	5,5
22,29	3,95	7,0	5,8	5,5
22,31	3,99	7,0	5,8	5,5
22,34	4,03	7,0	5,8	5,5
22,36	4,07	7,0	5,8	5,5
22,39	4,11	7,0	5,8	5,5
22,41	4,15	7,0	5,8	5,5
22,44	4,20	7,0	5,8	5,5
22,46	4,25	7,0	5,8	5,5
22,49	4,28	7,0	5,8	5,5
22,51	4,31	7,0	5,8	5,5
22,53	4,37	7,0	5,8	5,5
22,56	4,41	7,0	5,8	5,5
22,58	4,44	7,0	5,8	5,5
22,61	4,49	7,0	5,8	5,5
22,63	4,54	7,0	5,8	5,5
22,66	4,59	7,0	5,8	5,5
22,68	4,62	7,0	5,8	5,5
22,71	4,66	7,0	5,8	5,5
22,73	4,71	7,0	5,8	5,5
22,75	4,76	7,0	5,8	5,5
22,78	4,79	7,0	5,8	5,5
22,80	4,82	7,0	5,8	5,5
22,83	4,87	7,0	5,8	5,5
22,85	4,92	7,0	5,8	5,5
22,88	4,95	7,0	5,8	5,5
22,90	4,99	7,0	5,8	5,5
22,93	5,04	7,0	5,8	5,5
22,95	5,08	7,0	5,8	5,5
22,97	5,12	7,0	5,8	5,5
23,00	5,16	7,0	5,8	5,5
23,02	5,20	7,0	5,8	5,5
23,05	5,25	7,0	5,8	5,5
23,07	5,28	7,0	5,8	5,5
23,10	5,32	7,0	5,8	5,5
23,12	5,37	7,0	5,8	5,5
23,15	5,40	7,0	5,8	5,5
23,17	5,44	7,0	5,8	5,5
23,19	5,48	7,0	5,8	5,5
23,22	5,52	7,0	5,8	5,5
23,24	5,56	7,0	5,8	5,5
23,27	5,59	7,0	5,8	5,5
23,29	5,64	7,0	5,8	5,5
23,32	5,68	7,0	5,8	5,5
23,34	5,72	7,0	5,8	5,5
23,36	5,75	7,0	5,8	5,5
23,39	5,79	7,0	5,8	5,5
23,41	5,84	7,0	5,8	5,5
23,44	5,87	7,0	5,8	5,5
23,46	5,90	7,0	5,8	5,5
23,49	5,94	7,0	5,8	5,5
23,51	5,99	7,0	5,8	5,5
23,54	6,01	7,0	5,8	5,5
23,56	6,05	7,0	5,8	5,5
23,58	6,09	7,0	5,8	5,5
23,61	6,13	7,0	5,8	5,5
23,63	6,16	7,0	5,8	5,5
23,66	6,19	7,0	5,8	5,5
23,68	6,24	7,0	5,8	5,5
23,71	6,28	7,0	5,8	5,5
23,73	6,31	7,0	5,8	5,5
23,76	6,34	7,0	5,8	5,5
23,78	6,38	7,0	5,8	5,5
23,80	6,42	7,0	5,8	5,5
23,83	6,45	7,0	5,8	5,5
23,85	6,48	7,0	5,8	5,5
23,88	6,52	7,0	5,8	5,5
23,90	6,56	7,0	5,8	5,5
23,93	6,58	7,0	5,8	5,5
23,95	6,62	7,0	5,8	5,5
23,98	6,66	7,0	5,8	5,5
24,00	6,69	7,0	5,8	5,5
24,02	6,71	7,0	5,8	5,5
24,05	6,74	7,0	5,8	5,5
24,07	6,79	7,0	5,8	5,5
24,10	6,83	7,0	5,8	5,5
24,12	6,86	7,0	5,8	5,5
24,15	6,89	7,0	5,8	5,5
24,17	6,92	7,0	5,8	5,5
24,20	6,96	7,0	5,8	5,5
24,22	6,99	7,0	5,8	5,5
24,24	7,02	7,0	5,8	5,5
24,27	7,05	7,0	5,8	5,5
24,29	7,08	7,0	5,8	5,5
24,32	7,12	7,0	5,8	5,5
24,34	7,14	7,0	5,8	5,5
24,37	7,17	7,0	5,8	5,5
24,39	7,21	7,0	5,8	5,5
24,42	7,24	7,0	5,8	5,5
24,44	7,27	7,0	5,8	5,5
24,46	7,30	7,0	5,8	5,5
24,49	7,33	7,0	5,8	5,5
24,51	7,36	7,0	5,8	5,5
24,54	7,39	7,0	5,8	5,5
24,56	7,42	7,0	5,8	5,5
24,59	7,46	7,0	5,8	5,5
24,61	7,48	7,0	5,8	5,5
24,63	7,51	7,0	5,8	5,5
24,66	7,53	7,0	5,8	5,5
24,68	7,57	7,0	5,8	5,5
24,71	7,60	7,0	5,8	5,5
24,73	7,61	7,0	5,8	5,5
24,76	7,64	7,0	5,8	5,5
24,78	7,67	7,0	5,8	5,5
24,81	7,70	7,0	5,8	5,5
24,83	7,73	7,0	5,8	5,5
24,85	7,76	7,0	5,8	5,5
24,88	7,78	7,0	5,8	5,5
24,90	7,81	7,0	5,8	5,5
24,93	7,84	7,0	5,8	5,5
24,95	7,86	7,0	5,8	5,5
24,98	7,88	7,0	5,8	5,5
25,00	7,91	7,0	5,8	5,5
25,03	7,94	7,0	5,8	5,5
25,05	7,96	7,0	5,8	5,5
25,07	7,98	7,0	5,8	5,5
25,10	8,01	7,0	5,8	5,5
25,12	8,04	7,0	5,8	5,5
25,15	8,06	7,0	5,8	5,5
25,17	8,08	7,0	5,8	5,5
25,20	8,11	7,0	5,8	5,5
25,22	8,13	7,0	5,8	5,5
25,25	8,15	7,0	5,8	5,5
25,27	8,18	7,0	5,8	5,5
25,29	8,21	7,0	5,8	5,5
25,32	8,23	7,0	5,8	5,5
25,34	8,25	7,0	5,8	5,5
25,37	8,27	7,0	5,8	5,5
25,39	8,30	7,0	5,8	5,5
25,42	8,32	7,0	5,8	5,5
25,44	8,33	7,0	5,8	5,5
25,47	8,35	7,0	5,8	5,5
25,49	8,38	7,0	5,8	5,5
25,51	8,40	7,0	5,8	5,5
25,54	8,42	7,0	5,8	5,5
25,56	8,43	7,0	5,8	5,5
25,59	8,47	7,0	5,8	5,5
25,61	8,49	7,0	5,8	5,5
25,64	8,50	7,0	5,8	5,5
25,66	8,52	7,0	5,8	5,5
25,68	8,54	7,0	5,8	5,5
25,71	8,57	7,0	5,8	5,5
25,73	8,58	7,0	5,8	5,5
25,76	8,59	7,0	5,8	5,5
25,78	8,63	7,0	5,8	5,5
25,81	8,65	7,0	5,8	5,5
25,83	8,65	7,0	5,8	5,5
25,86	8,67	7,0	5,8	5,5
25,88	8,70	7,0	5,8	5,5
25,90	8,72	7,0	5,8	5,5
25,93	8,72	7,0	5,8	5,5
25,95	8,73	7,0	5,8	5,5
25,98	8,76	7,0	5,8	5,5
26,00	8,78	7,0	5,8	5,5
26,03	8,79	7,0	5,8	5,5
26,05	8,80	7,0	5,8	5,5
26,08	8,82	7,0	5,8	5,5
26,10	8,85	7,0	5,8	5,5
26,12	8,85	7,0	5,8	5,5
26,15	8,86	7,0	5,8	5,5
26,17	8,88	7,0	5,8	5,5
26,20	8,89	7,0	5,8	5,5
26,22	8,90	7,0	5,8	5,5
26,25	8,91	7,0	5,8	5,5
26,27	8,94	7,0	5,8	5,5
26,30	8,95	7,0	5,8	5,5
26,32	8,96	7,0	5,8	5,5
26,34	8,97	7,0	5,8	5,5
26,37	8,99	7,0	5,8	5,5
26,39	9,01	7,0	5,8	5,5
26,42	9,01	7,0	5,8	5,5
26,44	9,02	7,0	5,8	5,5
26,47	9,04	7,0	5,8	5,5
26,49	9,06	7,0	5,8	5,5
26,52	9,06	7,0	5,8	5,5
26,54	9,08	7,0	5,8	5,5
26,56	9,09	7,0	5,8	5,5
26,59	9,11	7,0	5,8	5,5
26,61	9,12	7,0	5,8	5,5
26,64	9,12	7,0	5,8	5,5
26,66	9,13	7,0	5,8	5,5
26,69	9,15	7,0	5,8	5,5
26,71	9,17	7,0	5,8	5,5
26,73	9,17	7,0	5,8	5,5
26,76	9,18	7,0	5,8	5,5
26,78	9,20	7,0	5,8	5,5
26,81	9,21	7,0	5,8	5,5
26,83	9,22	7,0	5,8	5,5
26,86	9,23	7,0	5,8	5,5
26,88	9,25	7,0	5,8	5,5
26,91	9,26	7,0	5,8	5,5
26,93	9,26	7,0	5,8	5,5
26,95	9,28	7,0	5,8	5,5
26,98	9,29	7,0	5,8	5,5
27,00	9,31	7,0	5,8	5,5
27,03	9,31	7,0	5,8	5,5
27,05	9,32	7,0	5,8	5,5
27,08	9,34	7,0	5,8	5,5
27,10	9,34	7,0	5,8	5,5
27,13	9,35	7,0	5,8	5,5
27,15	9,35	7,0	5,8	5,5
27,17	9,37	7,0	5,8	5,5
27,20	9,38	7,0	5,8	5,5
27,22	9,39	7,0	5,8	5,5
27,25	9,39	7,0	5,8	5,5
27,27	9,40	7,0	5,8	5,5
27,30	9,43	7,0	5,8	5,5
27,32	9,43	7,0	5,8	5,5
27,35	9,43	7,0	5,8	5,5
27,37	9,44	7,0	5,8	5,5
27,39	9,46	7,0	5,8	5,5
27,42	9,47	7,0	5,8	5,5
27,44	9,46	7,0	5,8	5,5
27,47	9,47	7,0	5,8	5,5
27,49	9,49	7,0	5,8	5,5
27,52	9,50	7,0	5,8	5,5
27,54	9,49	7,0	5,8	5,5
27,57	9,50	7,0	5,8	5,5
27,59	9,52	7,0	5,8	5,5
27,61	9,52	7,0	5,8	5,5
27,64	9,52	7,0	5,8	5,5
27,66	9,53	7,0	5,8	5,5
27,69	9,55	7,0	5,8	5,5
27,71	9,55	7,0	5,8	5,5
27,74	9,55	7,0	5,8	5,5
27,76	9,56	7,0	5,8	5,5
27,78	9,57	7,0	5,8	5,5
27,81	9,58	7,0	5,8	5,5
27,83	9,57	7,0	5,8	5,5
27,86	9,57	7,0	5,8	5,5
27,88	9,59	7,0	5,8	5,5
27,91	9,60	7,0	5,8	5,5
27,93	9,59	7,0	5,8	5,5
27,96	9,60	7,0	5,8	5,5
27,98	9,61	7,0	5,8	5,5
28,00	9,63	7,0	5,8	5,5
28,03	9,62	7,0	5,8	5,5
28,05	9,62	7,0	5,8	5,5
28,08	9,64	7,0	5,8	5,5
28,10	9,64	7,0	5,8	5,5
28,13	9,64	7,0	5,8	5,5
28,15	9,65	7,0	5,8	5,5
28,18	9,66	7,0	5,8	5,5
28,20	9,66	7,0	5,8	5,5
28,22	9,66	7,0	5,8	5,5
28,25	9,66	7,0	5,8	5,5
28,27	9,67	7,0	5,8	5,5
28,30	9,68	7,0	5,8	5,5
28,32	9,67	7,0	5,8	5,5
28,35	9,67	7,0	5,8	5,5
28,37	9,69	7,0	5,8	5,5
28,40	9,69	7,0	5,8	5,5
28,42	9,69	7,0	5,8	5,5
28,44	9,69	7,0	5,8	5,5
28,47	9,71	7,0	5,8	5,5
28,49	9,70	7,0	5,8	5,5
28,52	9,70	7,0	5,8	5,5
28,54	9,70	7,0	5,8	5,5
28,57	9,71	7,0	5,8	5,5
28,59	9,71	7,0	5,8	5,5
28,62	9,70	7,0	5,8	5,5
28,64	9,71	7,0	5,8	5,5
28,66	9,72	7,0	5,8	5,5
28,69	9,71	7,0	5,8	5,5
28,71	9,71	7,0	5,8	5,5
28,74	9,72	7,0	5,8	5,5
28,76	9,72	7,0	5,8	5,5
28,79	9,72	7,0	5,8	5,5
28,81	9,71	7,0	5,8	5,5
28,84	9,72	7,0	5,8	5,5
28,86	9,73	7,0	5,8	5,5
28,88	9,72	7,0	5,8	5,5
28,91	9,73	7,0	5,8	5,5
28,93	9,74	7,0	5,8	5,5
28,96	9,74	7,0	5,8	5,5
28,98	9,73	7,0	5,8	5,5
29,01	9,73	7,0	5,8	5,5
29,03	9,72	7,0	5,8	5,5
29,05	9,71	7,0	5,8	5,5
29,08	9,72	7,0	5,8	5,5
29,10	9,72	7,0	5,8	5,5
29,13	9,71	7,0	5,8	5,5
29,15	9,71	7,0	5,8	5,5
29,18	9,72	7,0	5,8	5,5
29,20	9,71	7,0	5,8	5,5
29,23	9,71	7,0	5,8	5,5
29,25	9,71	7,0	5,8	5,5
29,27	9,71	7,0	5,8	5,5
29,30	9,71	7,0	5,8	5,5
29,32	9,70	7,0	5,8	5,5
29,35	9,70	7,0	5,8	5,5
29,37	9,71	7,0	5,8	5,5
29,40	9,70	7,0	5,8	5,5
29,42	9,70	7,0	5,8	5,5
29,45	9,70	7,0	5,8	5,5
29,47	9,70	7,0	5,8	5,5
29,49	9,69	7,0	5,8	5,5
29,52	9,69	7,0	5,8	5,5
29,54	9,69	7,0	5,8	5,5
29,57	9,68	7,0	5,8	5,5
29,59	9,68	7,0	5,8	5,5
29,62	9,68	7,0	5,8	5,5
29,64	9,68	7,0	5,8	5,5
29,67	9,68	7,0	5,8	5,5
29,69	9,68	7,0	5,8	5,5
29,71	9,68	7,0	5,8	5,5
29,74	9,67	7,0	5,8	5,5
29,76	9,66	7,0	5,8	5,5
29,79	9,66	7,0	5,8	5,5
29,81	9,65	7,0	5,8	5,5
29,84	9,64	7,0	5,8	5,5
29,86	9,64	7,0	5,8	5,5
29,89	9,64	7,0	5,8	5,5
29,91	9,63	7,0	5,8	5,5
29,93	9,62	7,0	5,8	5,5
29,96	9,61	7,0	5,8	5,5
29,98	9,61	7,0	5,8	5,5
30,01	9,60	7,0	5,8	5,5
30,03	9,58	7,0	5,8	5,5
30,06	9,58	7,0	5,8	5,5
30,08	9,57	7,0	5,8	5,5
30,10	9,56	7,0	5,8	5,5
30,13	9,54	7,0	5,8	5,5
30,15	9,53	7,0	5,8	5,5
30,18	9,53	7,0	5,8	5,5
30,20	9,50	7,0	5,8	5,5
30,23	9,48	7,0	5,8	5,5
30,25	9,46	7,0	5,8	5,5
30,28	9,45	7,0	5,8	5,5
30,30	9,43	7,0	5,8	5,5
30,32	9,40	7,0	5,8	5,5
30,35	9,39	7,0	5,8	5,5
30,37	9,37	7,0	5,8	5,5
30,40	9,34	7,0	5,8	5,5
30,42	9,31	7,0	5,8	5,5
30,45	9,29	7,0	5,8	5,5
30,47	9,26	7,0	5,8	5,5
30,50	9,22	7,0	5,8	5,5
30,52	9,18	7,0	5,8	5,5
30,54	9,15	7,0	5,8	5,5
30,57	9,11	7,0	5,8	5,5
30,59	9,06	7,0	5,8	5,5
30,62	9,02	7,0	5,8	5,5
30,64	8,98	7,0	5,8	5,5
30,67	8,94	7,0	5,8	5,5
30,69	8,88	7,0	5,8	5,5
30,72	8,83	7,0	5,8	5,5
30,74	8,79	7,0	5,8	5,5
30,76	8,73	7,0	5,8	5,5
30,79	8,67	7,0	5,8	5,5
30,81	8,61	7,0	5,8	5,5
30,84	8,56	7,0	5,8	5,5
30,86	8,50	7,0	5,8	5,5
30,89	8,43	7,0	5,8	5,5
30,91	8,37	7,0	5,8	5,5
30,94	8,31	7,0	5,8	5,5
30,96	8,23	7,0	5,8	5,5
30,98	8,15	7,0	5,8	5,5
31,01	8,08	7,0	5,8	5,5
31,03	8,02	7,0	5,8	5,5
31,06	7,94	7,0	5,8	5,5
31,08	7,86	7,0	5,8	5,5
31,11	7,78	7,0	5,8	5,5
31,13	7,72	7,0	5,8	5,5
31,15	7,63	7,0	5,8	5,5
31,18	7,54	7,0	5,8	5,5
31,20	7,46	7,0	5,8	5,5
31,23	7,39	7,0	5,8	5,5
31,25	7,31	7,0	5,8	5,5
31,28	7,22	7,0	5,8	5,5
31,30	7,14	7,0	5,8	5,5
31,33	7,07	7,0	5,8	5,5
31,35	6,98	7,0	5,8	5,5
31,37	6,89	7,0	5,8	5,5
31,40	6,80	7,0	5,8	5,5
31,42	6,73	7,0	5,8	5,5
31,45	6,64	7,0	5,8	5,5
31,47	6,55	7,0	5,8	5,5
31,50	6,46	7,0	5,8	5,5
31,52	6,38	7,0	5,8	5,5
31,55	6,29	7,0	5,8	5,5
31,57	6,20	7,0	5,8	5,5
31,59	6,11	7,0	5,8	5,5
31,62	6,02	7,0	5,8	5,5
31,64	5,95	7,0	5,8	5,5
31,67	5,85	7,0	5,8	5,5
31,69	5,76	7,0	5,8	5,5
31,72	5,67	7,0	5,8	5,5
31,74	5,58	7,0	5,8	5,5
31,77	5,49	7,0	5,8	5,5
31,79	5,40	7,0	5,8	5,5
31,81	5,31	7,0	5,8	5,5
31,84	5,23	7,0	5,8	5,5
31,86	5,13	7,0	5,8	5,5
31,89	5,04	7,0	5,8	5,5
31,91	4,95	7,0	5,8	5,5
31,94	4,87	7,0	5,8	5,5
31,96	4,78	7,0	5,8	5,5
31,99	4,68	7,0	5,8	5,5
32,01	4,59	7,0	5,8	5,5
32,03	4,51	7,0	5,8	5,5
32,06	4,42	7,0	5,8	5,5
32,08	4,32	7,0	5,8	5,5
32,11	4,23	7,0	5,8	5,5
32,13	4,13	7,0	5,8	5,5
32,16	4,05	7,0	5,8	5,5
32,18	3,96	7,0	5,8	5,5
32,20	3,86	7,0	5,8	5,5
32,23	3,77	7,0	5,8	5,5
32,25	3,69	7,0	5,8	5,5
32,28	3,60	7,0	5,8	5,5
32,30	3,50	7,0	5,8	5,5
32,33	3,41	7,0	5,8	5,5
32,35	3,32	7,0	5,8	5,5
32,38	3,23	7,0	5,8	5,5
32,40	3,13	7,0	5,8	5,5
32,42	3,04	7,0	5,8	5,5
32,45	2,96	7,0	5,8	5,5
32,47	2,87	7,0	5,8	5,5
32,50	2,77	7,0	5,8	5,5
32,52	2,68	7,0	5,8	5,5
32,55	2,59	7,0	5,8	5,5
32,57	2,50	7,0	5,8	5,5
32,60	2,40	7,0	5,8	5,5
32,62	2,31	7,0	5,8	5,5
32,64	2,23	7,0	5,8	5,5
32,67	2,13	7,0	5,8	5,5
32,69	2,03	7,0	5,8	5,5
32,72	1,94	7,0	5,8	5,5
32,74	1,86	7,0	5,8	5,5
32,77	1,77	7,0	5,8	5,5
32,79	1,67	7,0	5,8	5,5
32,82	1,58	7,0	5,8	5,5
32,84	1,50	7,0	5,8	5,5
32,86	1,41	7,0	5,8	5,5
32,89	1,31	7,0	5,8	5,5
32,91	1,22	7,0	5,8	5,5
32,94	1,15	7,0	5,8	5,5
32,96	1,07	7,0	5,8	5,5
32,99	0,98	7,0	5,8	5,5
33,01	0,89	7,0	5,8	5,5
33,04	0,83	7,0	5,8	5,5
33,06	0,76	7,0	5,8	5,5
33,08	0,69	7,0	5,8	5,5
33,11	0,61	7,0	5,8	5,5
33,13	0,56	7,0	5,8	5,5
33,16	0,51	7,0	5,8	5,5
33,18	0,45	7,0	5,8	5,5
33,21	0,39	7,0	5,8	5,5
33,23	0,35	7,0	5,8	5,5
33,26	0,32	7,0	5,8	5,5
33,28	0,27	7,0	5,8	5,5
33,30	0,22	7,0	5,8	5,5
33,33	0,19	7,0	5,8	5,5
33,35	0,17	7,0	5,8	5,5
33,38	0,13	7,0	5,8	5,5
33,40	0,10	7,0	5,8	5,5
33,43	0,08	7,0	5,8	5,5
33,45	0,07	7,0	5,8	5,5
33,47	0,04	7,0	5,8	5,5
33,50	0,03	7,0	5,8	5,5
33,52	0,03	7,0	5,8	5,5
33,55	0,03	7,0	5,8	5,5
33,57	0,01	7,0	5,8	5,5
33,60	0,01	7,0	5,8	5,5
33,62	0,01	7,0	5,8	5,5
33,65	0,01	7,0	5,8	5,5
33,67	0,01	7,0	5,8	5,5
33,69	0,01	7,0	5,8	5,5
33,72	0,01	7,0	5,8	5,5
33,74	0,01	7,0	5,8	5,5
33,77	0,01	7,0	5,8	5,5
33,79	0,01	7,0	5,8	5,5
33,82	0,01	7,0	5,8	5,5
33,84	0,01	7,0	5,8	5,5
33,87	0,01	7,0	5,8	5,5
33,89	0,01	7,0	5,8	5,5
33,91	0,01	7,0	5,8	5,5
33,94	0,01	7,0	5,8	5,5
33,96	0,01	7,0	5,8	5,5
33,99	0,01	7,0	5,8	5,5
34,01	0,01	7,0	5,8	5,5
34,04	0,01	7,0	5,8	5,5
34,06	0,01	7,0	5,8	5,5
34,09	0,01	7,0	5,8	5,5
34,11	0,01	7,0	5,8	5,5
34,13	0,01	7,0	5,8	5,5
34,16	0,01	7,0	5,8	5,5
34,18	0,01	7,0	5,8	5,5
34,21	0,01	7,0	5,8	5,5
34,23	0,01	7,0	5,8	5,5
34,26	0,01	7,0	5,8	5,5
34,28	0,01	7,0	5,8	5,5
34,31	0,01	7,0	5,8	5,5
34,33	0,01	7,0	5,8	5,5
34,35	0,01	7,0	5,8	5,5
34,38	0,01	7,0	5,8	5,5
34,40	0,01	7,0	5,8	5,5
34,43	0,01	7,0	5,8	5,5
34,45	0,01	7,0	5,8	5,5
34,48	0,01	7,0	5,8	5,5
34,50	0,01	7,0	5,8	5,5
34,52	0,01	7,0	5,8	5,5
34,55	0,01	7,0	5,8	5,5
34,57	0,01	7,0	5,8	5,5
34,60	0,01	7,0	5,8	5,5
34,62	0,01	7,0	5,8	5,5
34,65	0,01	7,0	5,8	5,5
34,67	0,01	7,0	5,8	5,5
34,70	0,01	7,0	5,8	5,5
34,72	0,01	7,0	5,8	5,5
34,74	0,01	7,0	5,8	5,5
34,77	0,01	7,0	5,8	5,5
34,79	0,01	7,0	5,8	5,5
34,82	0,01	7,0	5,8	5,5
34,84	0,01	7,0	5,8	5,5
34,87	0,01	7,0	5,8	5,5
34,89	0,01	7,0	5,8	5,5
34,92	0,01	7,0	5,8	5,5
34,94	0,01	7,0	5,8	5,5
34,96	0,01	7,0	5,8	5,5
34,99	0,01	7,0	5,8	5,5
35,01	0,01	7,0	5,8	5,5
35,04	0,01	7,0	5,8	5,5
35,06	0,01	7,0	5,8	5,5
35,09	0,01	7,0	5,8	5,5
35,11	0,01	7,0	5,8	5,5
35,14	0,01	7,0	5,8	5,5
35,16	0,01	7,0	5,8	5,5
35,18	0,01	7,0	5,8	5,5
35,21	0,01	7,0	5,8	5,5
35,23	0,01	7,0	5,8	5,5
35,26	0,01	7,0	5,8	5,5
35,28	0,01	7,0	5,8	5,5
35,31	0,01	7,0	5,8	5,5
35,33	0,01	7,0	5,8	5,5
35,36	0,01	7,0	5,8	5,5
35,38	0,01	7,0	5,8	5,5
35,40	0,01	7,0	5,8	5,5
35,43	0,01	7,0	5,8	5,5
35,45	0,01	7,0	5,8	5,5
35,48	0,01	7,0	5,8	5,5
35,50	0,01	7,0	5,8	5,5
35,53	0,01	7,0	5,8	5,5
35,55	0,01	7,0	5,8	5,5
35,57	0,01	7,0	5,8	5,5
35,60	0,01	7,0	5,8	5,5
35,62	0,01	7,0	5,8	5,5
35,65	0,01	7,0	5,8	5,5
35,67	0,01	7,0	5,8	5,5
35,70	0,01	7,0	5,8	5,5
35,72	0,01	7,0	5,8	5,5
35,75	0,01	7,0	5,8	5,5
35,77	0,01	7,0	5,8	5,5
35,79	0,01	7,0	5,8	5,5
35,82	0,01	7,0	5,8	5,5
35,84	0,01	7,0	5,8	5,5
35,87	0,01	7,0	5,8	5,5
35,89	0,01	7,0	5,8	5,5
35,92	0,01	7,0	5,8	5,5
35,94	0,01	7,0	5,8	5,5
35,97	0,01	7,0	5,8	5,5
35,99	0,01	7,0	5,8	5,5
36,01	0,01	7,0	5,8	5,5
36,04	0,01	7,0	5,8	5,5
36,06	0,01	7,0	5,8	5,5
36,09	0,01	7,0	5,8	5,5
36,11	0,01	7,0	5,8	5,5
36,14	0,01	7,0	5,8	5,5
36,16	0,01	7,0	5,8	5,5
36,19	0,01	7,0	5,8	5,5
36,21	0,01	7,0	5,8	5,5
36,23	0,01	7,0	5,8	5,5
36,26	0,01	7,0	5,8	5,5
36,28	0,01	7,0	5,8	5,5
36,31	0,01	7,0	5,8	5,5
36,33	0,01	7,0	5,8	5,5
36,36	0,01	7,0	5,8	5,5
36,38	0,01	7,0	5,8	5,5
36,41	0,01	7,0	5,8	5,5
36,43	0,01	7,0	5,8	5,5
36,45	0,01	7,0	5,8	5,5
36,48	0,01	7,0	5,8	5,5
36,50	0,01	7,0	5,8	5,5
36,53	0,01	7,0	5,8	5,5
36,55	0,01	7,0	5,8	5,5
36,58	0,01	7,0	5,8	5,5
36,60	0,01	7,0	5,8	5,5
36,62	0,01	7,0	5,8	5,5
36,65	0,01	7,0	5,8	5,5
36,67	0,01	7,0	5,8	5,5
36,70	0,01	7,0	5,8	5,5
36,72	0,01	7,0	5,8	5,5
36,75	0,01	7,0	5,8	5,5
36,77	0,01	7,0	5,8	5,5
36,80	0,01	7,0	5,8	5,5
36,82	0,01	7,0	5,8	5,5
36,84	0,01	7,0	5,8	5,5
36,87	0,01	7,0	5,8	5,5
36,89	0,01	7,0	5,8	5,5
36,92	0,01	7,0	5,8	5,5
36,94	0,01	7,0	5,8	5,5
36,97	0,01	7,0	5,8	5,5
36,99	0,01	7,0	5,8	5,5
37,02	0,01	7,0	5,8	5,5
37,04	0,01	7,0	5,8	5,5
37,06	0,01	7,0	5,8	5,5
37,09	0,01	7,0	5,8	5,5
37,11	0,01	7,0	5,8	5,5
37,14	0,01	7,0	5,8	5,5
37,16	0,01	7,0	5,8	5,5
37,19	0,01	7,0	5,8	5,5
37,21	0,01	7,0	5,8	5,5
37,24	0,01	7,0	5,8	5,5
37,26	0,01	7,0	5,8	5,5
37,28	0,01	7,0	5,8	5,5
37,31	0,01	7,0	5,8	5,5
37,33	0,01	7,0	5,8	5,5
37,36	0,01	7,0	5,8	5,5
37,38	0,01	7,0	5,8	5,5
37,41	0,01	7,0	5,8	5,5
37,43	0,01	7,0	5,8	5,5
37,46	0,01	7,0	5,8	5,5
37,48	0,01	7,0	5,8	5,5
37,50	0,01	7,0	5,8	5,5
37,53	0,01	7,0	5,8	5,5
37,55	0,01	7,0	5,8	5,5
37,58	0,01	7,0	5,8	5,5
37,60	0,01	7,0	5,8	5,5
37,63	0,01	7,0	5,8	5,5
37,65	0,01	7,0	5,8	5,5
37,68	0,01	7,0	5,8	5,5
37,70	0,01	7,0	5,8	5,5
37,72	0,01	7,0	5,8	5,5
37,75	0,01	7,0	5,8	5,5
37,77	0,01	7,0	5,8	5,5
37,80	0,01	7,0	5,8	5,5
37,82	0,01	7,0	5,8	5,5
37,85	0,01	7,0	5,8	5,5
37,87	0,01	7,0	5,8	5,5
37,89	0,01	7,0	5,8	5,5
37,92	0,01	7,0	5,8	5,5
37,94	0,01	7,0	5,8	5,5
37,97	0,01	7,0	5,8	5,5
37,99	0,01	7,0	5,8	5,5
38,02	0,01	7,0	5,8	5,5
38,04	0,01	7,0	5,8	5,5
38,07	0,01	7,0	5,8	5,5
38,09	0,01	7,0	5,8	5,5
38,11	0,01	7,0	5,8	5,5
38,14	0,01	7,0	5,8	5,5
38,16	0,02	7,0	5,8	5,5
38,19	0,03	7,0	5,8	5,5
38,21	0,03	7,0	5,8	5,5
38,24	0,04	7,0	5,8	5,5
38,26	0,07	7,0	5,8	5,5
38,29	0,09	7,0	5,8	5,5
38,31	0,09	7,0	5,8	5,5
38,33	0,11	7,0	5,8	5,5
38,36	0,15	7,0	5,8	5,5
38,38	0,17	7,0	5,8	5,5
38,41	0,19	7,0	5,8	5,5
38,43	0,21	7,0	5,8	5,5
38,46	0,26	7,0	5,8	5,5
38,48	0,30	7,0	5,8	5,5
38,51	0,33	7,0	5,8	5,5
38,53	0,38	7,0	5,8	5,5
38,55	0,44	7,0	5,8	5,5
38,58	0,49	7,0	5,8	5,5
38,60	0,53	7,0	5,8	5,5
38,63	0,58	7,0	5,8	5,5
38,65	0,66	7,0	5,8	5,5
38,68	0,72	7,0	5,8	5,5
38,70	0,77	7,0	5,8	5,5
38,73	0,84	7,0	5,8	5,5
38,75	0,92	7,0	5,8	5,5
38,77	0,98	7,0	5,8	5,5
38,80	1,06	7,0	5,8	5,5
38,82	1,14	7,0	5,8	5,5
38,85	1,22	7,0	5,8	5,5
38,87	1,29	7,0	5,8	5,5
38,90	1,38	7,0	5,8	5,5
38,92	1,46	7,0	5,8	5,5
38,94	1,54	7,0	5,8	5,5
38,97	1,62	7,0	5,8	5,5
38,99	1,71	7,0	5,8	5,5
39,02	1,80	7,0	5,8	5,5
39,04	1,87	7,0	5,8	5,5
39,07	1,96	7,0	5,8	5,5
39,09	2,05	7,0	5,8	5,5
39,12	2,13	7,0	5,8	5,5
39,14	2,21	7,0	5,8	5,5
39,16	2,30	7,0	5,8	5,5
39,19	2,39	7,0	5,8	5,5
39,21	2,48	7,0	5,8	5,5
39,24	2,56	7,0	5,8	5,5
39,26	2,66	7,0	5,8	5,5
39,29	2,76	7,0	5,8	5,5
39,31	2,84	7,0	5,8	5,5
39,34	2,93	7,0	5,8	5,5
39,36	3,02	7,0	5,8	5,5
39,38	3,12	7,0	5,8	5,5
39,41	3,21	7,0	5,8	5,5
39,43	3,31	7,0	5,8	5,5
39,46	3,40	7,0	5,8	5,5
39,48	3,49	7,0	5,8	5,5
39,51	3,59	7,0	5,8	5,5
39,53	3,69	7,0	5,8	5,5
39,56	3,78	7,0	5,8	5,5
39,58	3,87	7,0	5,8	5,5
39,60	3,97	7,0	5,8	5,5
39,63	4,06	7,0	5,8	5,5
39,65	4,16	7,0	5,8	5,5
39,68	4,25	7,0	5,8	5,5
39,70	4,36	7,0	5,8	5,5
39,73	4,46	7,0	5,8	5,5
39,75	4,54	7,0	5,8	5,5
39,78	4,64	7,0	5,8	5,5
39,80	4,75	7,0	5,8	5,5
39,82	4,84	7,0	5,8	5,5
39,85	4,93	7,0	5,8	5,5
39,87	5,03	7,0	5,8	5,5
39,90	5,14	7,0	5,8	5,5
39,92	5,24	7,0	5,8	5,5
39,95	5,32	7,0	5,8	5,5
39,97	5,42	7,0	5,8	5,5
39,99	5,53	7,0	5,8	5,5
40,02	5,62	7,0	5,8	5,5
40,04	5,71	7,0	5,8	5,5
40,07	5,81	7,0	5,8	5,5
40,09	5,92	7,0	5,8	5,5
40,12	6,00	7,0	5,8	5,5
40,14	6,09	7,0	5,8	5,5
40,17	6,20	7,0	5,8	5,5
40,19	6,30	7,0	5,8	5,5
40,21	6,39	7,0	5,8	5,5
40,24	6,48	7,0	5,8	5,5
40,26	6,58	7,0	5,8	5,5
40,29	6,68	7,0	5,8	5,5
40,31	6,77	7,0	5,8	5,5
40,34	6,85	7,0	5,8	5,5
40,36	6,95	7,0	5,8	5,5
40,39	7,05	7,0	5,8	5,5
40,41	7,14	7,0	5,8	5,5
40,43	7,23	7,0	5,8	5,5
40,46	7,33	7,0	5,8	5,5
40,48	7,43	7,0	5,8	5,5
40,51	7,51	7,0	5,8	5,5
40,53	7,59	7,0	5,8	5,5
40,56	7,70	7,0	5,8	5,5
40,58	7,80	7,0	5,8	5,5
40,61	7,88	7,0	5,8	5,5
40,63	7,96	7,0	5,8	5,5
40,65	8,07	7,0	5,8	5,5
40,68	8,17	7,0	5,8	5,5
40,70	8,25	7,0	5,8	5,5
40,73	8,33	7,0	5,8	5,5
40,75	8,43	7,0	5,8	5,5
40,78	8,53	7,0	5,8	5,5
40,80	8,61	7,0	5,8	5,5
40,83	8,69	7,0	5,8	5,5
40,85	8,79	7,0	5,8	5,5
40,87	8,89	7,0	5,8	5,5
40,90	8,97	7,0	5,8	5,5
40,92	9,05	7,0	5,8	5,5
40,95	9,16	7,0	5,8	5,5
40,97	9,25	7,0	5,8	5,5
41,00	9,34	7,0	5,8	5,5
41,02	9,42	7,0	5,8	5,5
41,05	9,52	7,0	5,8	5,5
41,07	9,62	7,0	5,8	5,5
41,09	9,70	7,0	5,8	5,5
41,12	9,78	7,0	5,8	5,5
41,14	9,88	7,0	5,8	5,5
41,17	9,98	7,0	5,8	5,5
41,19	10,06	7,0	5,8	5,5
41,22	10,15	7,0	5,8	5,5
41,24	10,23	7,0	5,8	5,5
41,26	10,33	7,0	5,8	5,5
41,29	10,43	7,0	5,8	5,5
41,31	10,51	7,0	5,8	5,5
41,34	10,59	7,0	5,8	5,5
41,36	10,69	7,0	5,8	5,5
41,39	10,79	7,0	5,8	5,5
41,41	10,87	7,0	5,8	5,5
41,44	10,95	7,0	5,8	5,5
41,46	11,05	7,0	5,8	5,5
41,48	11,14	7,0	5,8	5,5
41,51	11,23	7,0	5,8	5,5
41,53	11,31	7,0	5,8	5,5
41,56	11,40	7,0	5,8	5,5
41,58	11,50	7,0	5,8	5,5
41,61	11,58	7,0	5,8	5,5
41,63	11,66	7,0	5,8	5,5
41,66	11,75	7,0	5,8	5,5
41,68	11,84	7,0	5,8	5,5
41,70	11,93	7,0	5,8	5,5
41,73	12,01	7,0	5,8	5,5
41,75	12,10	7,0	5,8	5,5
41,78	12,19	7,0	5,8	5,5
41,80	12,27	7,0	5,8	5,5
41,83	12,36	7,0	5,8	5,5
41,85	12,45	7,0	5,8	5,5
41,88	12,54	7,0	5,8	5,5
41,90	12,63	7,0	5,8	5,5
41,92	12,71	7,0	5,8	5,5
41,95	12,79	7,0	5,8	5,5
41,97	12,88	7,0	5,8	5,5
42,00	12,97	7,0	5,8	5,5
42,02	13,04	7,0	5,8	5,5
42,05	13,12	7,0	5,8	5,5
42,07	13,21	7,0	5,8	5,5
42,10	13,30	7,0	5,8	5,5
42,12	13,37	7,0	5,8	5,5
42,14	13,44	7,0	5,8	5,5
42,17	13,53	7,0	5,8	5,5
42,19	13,62	7,0	5,8	5,5
42,22	13,69	7,0	5,8	5,5
42,24	13,76	7,0	5,8	5,5
42,27	13,85	7,0	5,8	5,5
42,29	13,94	7,0	5,8	5,5
42,31	14,01	7,0	5,8	5,5
42,34	14,08	7,0	5,8	5,5
42,36	14,17	7,0	5,8	5,5
42,39	14,25	7,0	5,8	5,5
42,41	14,32	7,0	5,8	5,5
42,44	14,39	7,0	5,8	5,5
42,46	14,47	7,0	5,8	5,5
42,49	14,55	7,0	5,8	5,5
42,51	14,62	7,0	5,8	5,5
42,53	14,68	7,0	5,8	5,5
42,56	14,77	7,0	5,8	5,5
42,58	14,85	7,0	5,8	5,5
42,61	14,91	7,0	5,8	5,5
42,63	14,98	7,0	5,8	5,5
42,66	15,06	7,0	5,8	5,5
42,68	15,14	7,0	5,8	5,5
42,71	15,20	7,0	5,8	5,5
42,73	15,27	7,0	5,8	5,5
42,75	15,35	7,0	5,8	5,5
42,78	15,42	7,0	5,8	5,5
42,80	15,48	7,0	5,8	5,5
42,83	15,55	7,0	5,8	5,5
42,85	15,64	7,0	5,8	5,5
42,88	15,71	7,0	5,8	5,5
42,90	15,77	7,0	5,8	5,5
42,93	15,84	7,0	5,8	5,5
42,95	15,91	7,0	5,8	5,5
42,97	15,98	7,0	5,8	5,5
43,00	16,05	7,0	5,8	5,5
43,02	16,11	7,0	5,8	5,5
43,05	16,19	7,0	5,8	5,5
43,07	16,26	7,0	5,8	5,5
43,10	16,33	7,0	5,8	5,5
43,12	16,39	7,0	5,8	5,5
43,15	16,47	7,0	5,8	5,5
43,17	16,54	7,0	5,8	5,5
43,19	16,59	7,0	5,8	5,5
43,22	16,66	7,0	5,8	5,5
43,24	16,73	7,0	5,8	5,5
43,27	16,80	7,0	5,8	5,5
43,29	16,85	7,0	5,8	5,5
43,32	16,92	7,0	5,8	5,5
43,34	17,00	7,0	5,8	5,5
43,36	17,06	7,0	5,8	5,5
43,39	17,11	7,0	5,8	5,5
43,41	17,19	7,0	5,8	5,5
43,44	17,26	7,0	5,8	5,5
43,46	17,31	7,0	5,8	5,5
43,49	17,37	7,0	5,8	5,5
43,51	17,44	7,0	5,8	5,5
43,54	17,50	7,0	5,8	5,5
43,56	17,56	7,0	5,8	5,5
43,58	17,61	7,0	5,8	5,5
43,61	17,69	7,0	5,8	5,5
43,63	17,75	7,0	5,8	5,5
43,66	17,81	7,0	5,8	5,5
43,68	17,87	7,0	5,8	5,5
43,71	17,92	7,0	5,8	5,5
43,73	17,98	7,0	5,8	5,5
43,76	18,04	7,0	5,8	5,5
43,78	18,11	7,0	5,8	5,5
43,80	18,16	7,0	5,8	5,5
43,83	18,21	7,0	5,8	5,5
43,85	18,28	7,0	5,8	5,5
43,88	18,33	7,0	5,8	5,5
43,90	18,38	7,0	5,8	5,5
43,93	18,44	7,0	5,8	5,5
43,95	18,49	7,0	5,8	5,5
43,98	18,55	7,0	5,8	5,5
44,00	18,60	7,0	5,8	5,5
44,02	18,65	7,0	5,8	5,5
44,05	18,71	7,0	5,8	5,5
44,07	18,77	7,0	5,8	5,5
44,10	18,82	7,0	5,8	5,5
44,12	18,88	7,0	5,8	5,5
44,15	18,93	7,0	5,8	5,5
44,17	18,98	7,0	5,8	5,5
44,20	19,02	7,0	5,8	5,5
44,22	19,08	7,0	5,8	5,5
44,24	19,13	7,0	5,8	5,5
44,27	19,17	7,0	5,8	5,5
44,29	19,22	7,0	5,8	5,5
44,32	19,27	7,0	5,8	5,5
44,34	19,31	7,0	5,8	5,5
44,37	19,37	7,0	5,8	5,5
44,39	19,42	7,0	5,8	5,5
44,41	19,46	7,0	5,8	5,5
44,44	19,50	7,0	5,8	5,5
44,46	19,56	7,0	5,8	5,5
44,49	19,61	7,0	5,8	5,5
44,51	19,65	7,0	5,8	5,5
44,54	19,69	7,0	5,8	5,5
44,56	19,75	7,0	5,8	5,5
44,59	19,80	7,0	5,8	5,5
44,61	19,84	7,0	5,8	5,5
44,63	19,88	7,0	5,8	5,5
44,66	19,93	7,0	5,8	5,5
44,68	19,97	7,0	5,8	5,5
44,71	20,01	7,0	5,8	5,5
44,73	20,05	7,0	5,8	5,5
44,76	20,10	7,0	5,8	5,5
44,78	20,14	7,0	5,8	5,5
44,81	20,18	7,0	5,8	5,5
44,83	20,22	7,0	5,8	5,5
44,85	20,27	7,0	5,8	5,5
44,88	20,31	7,0	5,8	5,5
44,90	20,34	7,0	5,8	5,5
44,93	20,40	7,0	5,8	5,5
44,95	20,44	7,0	5,8	5,5
44,98	20,48	7,0	5,8	5,5
45,00	20,51	7,0	5,8	5,5
45,03	20,56	7,0	5,8	5,5
45,05	20,60	7,0	5,8	5,5
45,07	20,64	7,0	5,8	5,5
45,10	20,67	7,0	5,8	5,5
45,12	20,71	7,0	5,8	5,5
45,15	20,74	7,0	5,8	5,5
45,17	20,77	7,0	5,8	5,5
45,20	20,81	7,0	5,8	5,5
45,22	20,85	7,0	5,8	5,5
45,25	20,89	7,0	5,8	5,5
45,27	20,91	7,0	5,8	5,5
45,29	20,94	7,0	5,8	5,5
45,32	20,99	7,0	5,8	5,5
45,34	21,03	7,0	5,8	5,5
45,37	21,05	7,0	5,8	5,5
45,39	21,08	7,0	5,8	5,5
45,42	21,13	7,0	5,8	5,5
45,44	21,17	7,0	5,8	5,5
45,47	21,19	7,0	5,8	5,5
45,49	21,21	7,0	5,8	5,5
45,51	21,25	7,0	5,8	5,5
45,54	21,29	7,0	5,8	5,5
45,56	21,30	7,0	5,8	5,5
45,59	21,33	7,0	5,8	5,5
45,61	21,37	7,0	5,8	5,5
45,64	21,40	7,0	5,8	5,5
45,66	21,42	7,0	5,8	5,5
45,68	21,44	7,0	5,8	5,5
45,71	21,49	7,0	5,8	5,5
45,73	21,52	7,0	5,8	5,5
45,76	21,54	7,0	5,8	5,5
45,78	21,56	7,0	5,8	5,5
45,81	21,60	7,0	5,8	5,5
45,83	21,63	7,0	5,8	5,5
45,86	21,64	7,0	5,8	5,5
45,88	21,66	7,0	5,8	5,5
45,90	21,69	7,0	5,8	5,5
45,93	21,72	7,0	5,8	5,5
45,95	21,74	7,0	5,8	5,5
45,98	21,76	7,0	5,8	5,5
46,00	21,79	7,0	5,8	5,5
46,03	21,82	7,0	5,8	5,5
46,05	21,82	7,0	5,8	5,5
46,08	21,84	7,0	5,8	5,5
46,10	21,86	7,0	5,8	5,5
46,12	21,88	7,0	5,8	5,5
46,15	21,91	7,0	5,8	5,5
46,17	21,92	7,0	5,8	5,5
46,20	21,94	7,0	5,8	5,5
46,22	21,97	7,0	5,8	5,5
46,25	21,99	7,0	5,8	5,5
46,27	22,00	7,0	5,8	5,5
46,30	22,01	7,0	5,8	5,5
46,32	22,03	7,0	5,8	5,5
46,34	22,05	7,0	5,8	5,5
46,37	22,05	7,0	5,8	5,5
46,39	22,07	7,0	5,8	5,5
46,42	22,09	7,0	5,8	5,5
46,44	22,10	7,0	5,8	5,5
46,47	22,11	7,0	5,8	5,5
46,49	22,12	7,0	5,8	5,5
46,52	22,14	7,0	5,8	5,5
46,54	22,16	7,0	5,8	5,5
46,56	22,16	7,0	5,8	5,5
46,59	22,17	7,0	5,8	5,5
46,61	22,18	7,0	5,8	5,5
46,64	22,19	7,0	5,8	5,5
46,66	22,20	7,0	5,8	5,5
46,69	22,20	7,0	5,8	5,5
46,71	22,22	7,0	5,8	5,5
46,73	22,24	7,0	5,8	5,5
46,76	22,25	7,0	5,8	5,5
46,78	22,25	7,0	5,8	5,5
46,81	22,25	7,0	5,8	5,5
46,83	22,26	7,0	5,8	5,5
46,86	22,27	7,0	5,8	5,5
46,88	22,27	7,0	5,8	5,5
46,91	22,27	7,0	5,8	5,5
46,93	22,28	7,0	5,8	5,5
46,95	22,28	7,0	5,8	5,5
46,98	22,27	7,0	5,8	5,5
47,00	22,27	7,0	5,8	5,5
47,03	22,28	7,0	5,8	5,5
47,05	22,28	7,0	5,8	5,5
47,08	22,26	7,0	5,8	5,5
47,10	22,25	7,0	5,8	5,5
47,13	22,25	7,0	5,8	5,5
47,15	22,25	7,0	5,8	5,5
47,17	22,23	7,0	5,8	5,5
47,20	22,22	7,0	5,8	5,5
47,22	22,22	7,0	5,8	5,5
47,25	22,21	7,0	5,8	5,5
47,27	22,18	7,0	5,8	5,5
47,30	22,16	7,0	5,8	5,5
47,32	22,14	7,0	5,8	5,5
47,35	22,12	7,0	5,8	5,5
47,37	22,09	7,0	5,8	5,5
47,39	22,06	7,0	5,8	5,5
47,42	22,05	7,0	5,8	5,5
47,44	22,02	7,0	5,8	5,5
47,47	21,97	7,0	5,8	5,5
47,49	21,94	7,0	5,8	5,5
47,52	21,91	7,0	5,8	5,5
47,54	21,87	7,0	5,8	5,5
47,57	21,82	7,0	5,8	5,5
47,59	21,77	7,0	5,8	5,5
47,61	21,74	7,0	5,8	5,5
47,64	21,70	7,0	5,8	5,5
47,66	21,64	7,0	5,8	5,5
47,69	21,59	7,0	5,8	5,5
47,71	21,55	7,0	5,8	5,5
47,74	21,50	7,0	5,8	5,5
47,76	21,43	7,0	5,8	5,5
47,78	21,36	7,0	5,8	5,5
47,81	21,31	7,0	5,8	5,5
47,83	21,25	7,0	5,8	5,5
47,86	21,18	7,0	5,8	5,5
47,88	21,11	7,0	5,8	5,5
47,91	21,06	7,0	5,8	5,5
47,93	21,00	7,0	5,8	5,5
47,96	20,91	7,0	5,8	5,5
47,98	20,84	7,0	5,8	5,5
48,00	20,79	7,0	5,8	5,5
48,03	20,72	7,0	5,8	5,5
48,05	20,63	7,0	5,8	5,5
48,08	20,55	7,0	5,8	5,5
48,10	20,49	7,0	5,8	5,5
48,13	20,42	7,0	5,8	5,5
48,15	20,33	7,0	5,8	5,5
48,18	20,26	7,0	5,8	5,5
48,20	20,19	7,0	5,8	5,5
48,22	20,11	7,0	5,8	5,5
48,25	20,02	7,0	5,8	5,5
48,27	19,94	7,0	5,8	5,5
48,30	19,87	7,0	5,8	5,5
48,32	19,79	7,0	5,8	5,5
48,35	19,69	7,0	5,8	5,5
48,37	19,61	7,0	5,8	5,5
48,40	19,54	7,0	5,8	5,5
48,42	19,45	7,0	5,8	5,5
48,44	19,36	7,0	5,8	5,5
48,47	19,28	7,0	5,8	5,5
48,49	19,21	7,0	5,8	5,5
48,52	19,12	7,0	5,8	5,5
48,54	19,02	7,0	5,8	5,5
48,57	18,92	7,0	5,8	5,5
48,59	18,84	7,0	5,8	5,5
48,62	18,76	7,0	5,8	5,5
48,64	18,67	7,0	5,8	5,5
48,66	18,57	7,0	5,8	5,5
48,69	18,48	7,0	5,8	5,5
48,71	18,40	7,0	5,8	5,5
48,74	18,31	7,0	5,8	5,5
48,76	18,21	7,0	5,8	5,5
48,79	18,11	7,0	5,8	5,5
48,81	18,04	7,0	5,8	5,5
48,84	17,94	7,0	5,8	5,5
48,86	17,84	7,0	5,8	5,5
48,88	17,74	7,0	5,8	5,5
48,91	17,66	7,0	5,8	5,5
48,93	17,57	7,0	5,8	5,5
48,96	17,47	7,0	5,8	5,5
48,98	17,36	7,0	5,8	5,5
49,01	17,27	7,0	5,8	5,5
49,03	17,18	7,0	5,8	5,5
49,05	17,07	7,0	5,8	5,5
49,08	16,97	7,0	5,8	5,5
49,10	16,88	7,0	5,8	5,5
49,13	16,78	7,0	5,8	5,5
49,15	16,68	7,0	5,8	5,5
49,18	16,58	7,0	5,8	5,5
49,20	16,48	7,0	5,8	5,5
49,23	16,39	7,0	5,8	5,5
49,25	16,29	7,0	5,8	5,5
49,27	16,17	7,0	5,8	5,5
49,30	16,07	7,0	5,8	5,5
49,32	15,98	7,0	5,8	5,5
49,35	15,87	7,0	5,8	5,5
49,37	15,75	7,0	5,8	5,5
49,40	15,64	7,0	5,8	5,5
49,42	15,54	7,0	5,8	5,5
49,45	15,43	7,0	5,8	5,5
49,47	15,30	7,0	5,8	5,5
49,49	15,19	7,0	5,8	5,5
49,52	15,09	7,0	5,8	5,5
49,54	14,98	7,0	5,8	5,5
49,57	14,85	7,0	5,8	5,5
49,59	14,74	7,0	5,8	5,5
49,62	14,64	7,0	5,8	5,5
49,64	14,52	7,0	5,8	5,5
49,67	14,39	7,0	5,8	5,5
49,69	14,26	7,0	5,8	5,5
49,71	14,16	7,0	5,8	5,5
49,74	14,03	7,0	5,8	5,5
49,76	13,90	7,0	5,8	5,5
49,79	13,78	7,0	5,8	5,5
49,81	13,67	7,0	5,8	5,5
49,84	13,55	7,0	5,8	5,5
49,86	13,42	7,0	5,8	5,5
49,89	13,30	7,0	5,8	5,5
49,91	13,19	7,0	5,8	5,5
49,93	13,07	7,0	5,8	5,5
49,96	12,93	7,0	5,8	5,5
49,98	12,81	7,0	5,8	5,5
50,01	12,70	7,0	5,8	5,5
50,03	12,58	7,0	5,8	5,5
50,06	12,44	7,0	5,8	5,5
50,08	12,33	7,0	5,8	5,5
50,10	12,21	7,0	5,8	5,5
50,13	12,08	7,0	5,8	5,5
50,15	11,96	7,0	5,8	5,5
50,18	11,84	7,0	5,8	5,5
50,20	11,72	7,0	5,8	5,5
50,23	11,59	7,0	5,8	5,5
50,25	11,46	7,0	5,8	5,5
50,28	11,35	7,0	5,8	5,5
50,30	11,24	7,0	5,8	5,5
50,32	11,11	7,0	5,8	5,5
50,35	10,99	7,0	5,8	5,5
50,37	10,87	7,0	5,8	5,5
50,40	10,76	7,0	5,8	5,5
50,42	10,63	7,0	5,8	5,5
50,45	10,50	7,0	5,8	5,5
50,47	10,39	7,0	5,8	5,5
50,50	10,28	7,0	5,8	5,5
50,52	10,15	7,0	5,8	5,5
50,54	10,03	7,0	5,8	5,5
50,57	9,92	7,0	5,8	5,5
50,59	9,80	7,0	5,8	5,5
50,62	9,67	7,0	5,8	5,5
50,64	9,55	7,0	5,8	5,5
50,67	9,44	7,0	5,8	5,5
50,69	9,31	7,0	5,8	5,5
50,72	9,19	7,0	5,8	5,5
50,74	9,07	7,0	5,8	5,5
50,76	8,96	7,0	5,8	5,5
50,79	8,85	7,0	5,8	5,5
50,81	8,72	7,0	5,8	5,5
50,84	8,60	7,0	5,8	5,5
50,86	8,50	7,0	5,8	5,5
50,89	8,38	7,0	5,8	5,5
50,91	8,25	7,0	5,8	5,5
50,94	8,13	7,0	5,8	5,5
50,96	8,03	7,0	5,8	5,5
50,98	7,92	7,0	5,8	5,5
51,01	7,81	7,0	5,8	5,5
51,03	7,69	7,0	5,8	5,5
51,06	7,57	7,0	5,8	5,5
51,08	7,46	7,0	5,8	5,5
51,11	7,35	7,0	5,8	5,5
51,13	7,23	7,0	5,8	5,5
51,15	7,10	7,0	5,8	5,5
51,18	7,00	7,0	5,8	5,5
51,20	6,89	7,0	5,8	5,5
51,23	6,78	7,0	5,8	5,5
51,25	6,66	7,0	5,8	5,5
51,28	6,55	7,0	5,8	5,5
51,30	6,44	7,0	5,8	5,5
51,33	6,33	7,0	5,8	5,5
51,35	6,21	7,0	5,8	5,5
51,37	6,11	7,0	5,8	5,5
51,40	5,99	7,0	5,8	5,5
51,42	5,87	7,0	5,8	5,5
51,45	5,76	7,0	5,8	5,5
51,47	5,66	7,0	5,8	5,5
51,50	5,55	7,0	5,8	5,5
51,52	5,44	7,0	5,8	5,5
51,55	5,33	7,0	5,8	5,5
51,57	5,22	7,0	5,8	5,5
51,59	5,11	7,0	5,8	5,5
51,62	5,00	7,0	5,8	5,5
51,64	4,89	7,0	5,8	5,5
51,67	4,77	7,0	5,8	5,5
51,69	4,66	7,0	5,8	5,5
51,72	4,57	7,0	5,8	5,5
51,74	4,46	7,0	5,8	5,5
51,77	4,34	7,0	5,8	5,5
51,79	4,25	7,0	5,8	5,5
51,81	4,15	7,0	5,8	5,5
51,84	4,05	7,0	5,8	5,5
51,86	3,94	7,0	5,8	5,5
51,89	3,83	7,0	5,8	5,5
51,91	3,74	7,0	5,8	5,5
51,94	3,64	7,0	5,8	5,5
51,96	3,53	7,0	5,8	5,5
51,99	3,44	7,0	5,8	5,5
52,01	3,35	7,0	5,8	5,5
52,03	3,24	7,0	5,8	5,5
52,06	3,14	7,0	5,8	5,5
52,08	3,05	7,0	5,8	5,5
52,11	2,95	7,0	5,8	5,5
52,13	2,85	7,0	5,8	5,5
52,16	2,75	7,0	5,8	5,5
52,18	2,67	7,0	5,8	5,5
52,20	2,58	7,0	5,8	5,5
52,23	2,47	7,0	5,8	5,5
52,25	2,38	7,0	5,8	5,5
52,28	2,30	7,0	5,8	5,5
52,30	2,21	7,0	5,8	5,5
52,33	2,11	7,0	5,8	5,5
52,35	2,02	7,0	5,8	5,5
52,38	1,94	7,0	5,8	5,5
52,40	1,86	7,0	5,8	5,5
52,42	1,76	7,0	5,8	5,5
52,45	1,67	7,0	5,8	5,5
52,47	1,60	7,0	5,8	5,5
52,50	1,52	7,0	5,8	5,5
52,52	1,42	7,0	5,8	5,5
52,55	1,33	7,0	5,8	5,5
52,57	1,26	7,0	5,8	5,5
52,60	1,19	7,0	5,8	5,5
52,62	1,10	7,0	5,8	5,5
52,64	1,02	7,0	5,8	5,5
52,67	0,96	7,0	5,8	5,5
52,69	0,90	7,0	5,8	5,5
52,72	0,82	7,0	5,8	5,5
52,74	0,74	7,0	5,8	5,5
52,77	0,69	7,0	5,8	5,5
52,79	0,64	7,0	5,8	5,5
52,82	0,57	7,0	5,8	5,5
52,84	0,50	7,0	5,8	5,5
52,86	0,46	7,0	5,8	5,5
52,89	0,42	7,0	5,8	5,5
52,91	0,37	7,0	5,8	5,5
52,94	0,32	7,0	5,8	5,5
52,96	0,29	7,0	5,8	5,5
52,99	0,26	7,0	5,8	5,5
53,01	0,22	7,0	5,8	5,5
53,04	0,18	7,0	5,8	5,5
53,06	0,16	7,0	5,8	5,5
53,08	0,15	7,0	5,8	5,5
53,11	0,11	7,0	5,8	5,5
53,13	0,08	7,0	5,8	5,5
53,16	0,07	7,0	5,8	5,5
53,18	0,07	7,0	5,8	5,5
53,21	0,05	7,0	5,8	5,5
53,23	0,03	7,0	5,8	5,5
53,26	0,03	7,0	5,8	5,5
53,28	0,03	7,0	5,8	5,5
53,30	0,01	7,0	5,8	5,5
53,33	0,01	7,0	5,8	5,5
53,35	0,01	7,0	5,8	5,5
53,38	0,01	7,0	5,8	5,5
53,40	0,01	7,0	5,8	5,5
53,43	0,01	7,0	5,8	5,5
53,45	0,01	7,0	5,8	5,5
53,47	0,01	7,0	5,8	5,5
53,50	0,01	7,0	5,8	5,5
53,52	0,01	7,0	5,8	5,5
53,55	0,01	7,0	5,8	5,5
53,57	0,01	7,0	5,8	5,5
53,60	0,01	7,0	5,8	5,5
53,62	0,01	7,0	5,8	5,5
53,65	0,01	7,0	5,8	5,5
53,67	0,01	7,0	5,8	5,5
53,69	0,01	7,0	5,8	5,5
53,72	0,01	7,0	5,8	5,5
53,74	0,01	7,0	5,8	5,5
53,77	0,01	7,0	5,8	5,5
53,79	0,01	7,0	5,8	5,5
53,82	0,01	7,0	5,8	5,5
53,84	0,01	7,0	5,8	5,5
53,87	0,01	7,0	5,8	5,5
53,89	0,01	7,0	5,8	5,5
53,91	0,01	7,0	5,8	5,5
53,94	0,01	7,0	5,8	5,5
53,96	0,01	7,0	5,8	5,5
53,99	0,01	7,0	5,8	5,5
54,01	0,01	7,0	5,8	5,5
54,04	0,01	7,0	5,8	5,5
54,06	0,01	7,0	5,8	5,5
54,09	0,01	7,0	5,8	5,5
54,11	0,01	7,0	5,8	5,5
54,13	0,01	7,0	5,8	5,5
54,16	0,01	7,0	5,8	5,5
54,18	0,01	7,0	5,8	5,5
54,21	0,01	7,0	5,8	5,5
54,23	0,01	7,0	5,8	5,5
54,26	0,01	7,0	5,8	5,5
54,28	0,01	7,0	5,8	5,5
54,31	0,01	7,0	5,8	5,5
54,33	0,01	7,0	5,8	5,5
54,35	0,01	7,0	5,8	5,5
54,38	0,01	7,0	5,8	5,5
54,40	0,01	7,0	5,8	5,5
54,43	0,01	7,0	5,8	5,5
54,45	0,01	7,0	5,8	5,5
54,48	0,01	7,0	5,8	5,5
54,50	0,01	7,0	5,8	5,5
54,52	0,01	7,0	5,8	5,5
54,55	0,01	7,0	5,8	5,5
54,57	0,01	7,0	5,8	5,5
54,60	0,01	7,0	5,8	5,5
54,62	0,01	7,0	5,8	5,5
54,65	0,01	7,0	5,8	5,5
54,67	0,01	7,0	5,8	5,5
54,70	0,01	7,0	5,8	5,5
54,72	0,01	7,0	5,8	5,5
54,74	0,01	7,0	5,8	5,5
54,77	0,01	7,0	5,8	5,5
54,79	0,01	7,0	5,8	5,5
54,82	0,01	7,0	5,8	5,5
54,84	0,01	7,0	5,8	5,5
54,87	0,01	7,0	5,8	5,5
54,89	0,01	7,0	5,8	5,5
54,92	0,01	7,0	5,8	5,5
54,94	0,01	7,0	5,8	5,5
54,96	0,01	7,0	5,8	5,5
54,99	0,01	7,0	5,8	5,5
55,01	0,01	7,0	5,8	5,5
55,04	0,01	7,0	5,8	5,5
55,06	0,01	7,0	5,8	5,5
55,09	0,01	7,0	5,8	5,5
55,11	0,01	7,0	5,8	5,5
55,14	0,01	7,0	5,8	5,5
55,16	0,01	7,0	5,8	5,5
55,18	0,01	7,0	5,8	5,5
55,21	0,01	7,0	5,8	5,5
55,23	0,01	7,0	5,8	5,5
55,26	0,01	7,0	5,8	5,5
55,28	0,01	7,0	5,8	5,5
55,31	0,01	7,0	5,8	5,5
55,33	0,01	7,0	5,8	5,5
55,36	0,01	7,0	5,8	5,5
55,38	0,01	7,0	5,8	5,5
55,40	0,01	7,0	5,8	5,5
55,43	0,01	7,0	5,8	5,5
55,45	0,01	7,0	5,8	5,5
55,48	0,01	7,0	5,8	5,5
55,50	0,01	7,0	5,8	5,5
55,53	0,01	7,0	5,8	5,5
55,55	0,01	7,0	5,8	5,5
55,57	0,01	7,0	5,8	5,5
55,60	0,01	7,0	5,8	5,5
55,62	0,01	7,0	5,8	5,5
55,65	0,01	7,0	5,8	5,5
55,67	0,01	7,0	5,8	5,5
55,70	0,01	7,0	5,8	5,5
55,72	0,01	7,0	5,8	5,5
55,75	0,01	7,0	5,8	5,5
55,77	0,01	7,0	5,8	5,5
55,79	0,01	7,0	5,8	5,5
55,82	0,02	7,0	5,8	5,5
55,84	0,01	7,0	5,8	5,5
55,87	0,02	7,0	5,8	5,5
55,89	0,03	7,0	5,8	5,5
55,92	0,03	7,0	5,8	5,5
55,94	0,03	7,0	5,8	5,5
55,97	0,06	7,0	5,8	5,5
55,99	0,08	7,0	5,8	5,5
56,01	0,09	7,0	5,8	5,5
56,04	0,10	7,0	5,8	5,5
56,06	0,13	7,0	5,8	5,5
56,09	0,16	7,0	5,8	5,5
56,11	0,18	7,0	5,8	5,5
56,14	0,20	7,0	5,8	5,5
56,16	0,25	7,0	5,8	5,5
56,19	0,29	7,0	5,8	5,5
56,21	0,32	7,0	5,8	5,5
56,23	0,35	7,0	5,8	5,5
56,26	0,42	7,0	5,8	5,5
56,28	0,47	7,0	5,8	5,5
56,31	0,51	7,0	5,8	5,5
56,33	0,56	7,0	5,8	5,5
56,36	0,63	7,0	5,8	5,5
56,38	0,70	7,0	5,8	5,5
56,41	0,75	7,0	5,8	5,5
56,43	0,81	7,0	5,8	5,5
56,45	0,89	7,0	5,8	5,5
56,48	0,96	7,0	5,8	5,5
56,50	1,02	7,0	5,8	5,5
56,53	1,09	7,0	5,8	5,5
56,55	1,18	7,0	5,8	5,5
56,58	1,26	7,0	5,8	5,5
56,60	1,33	7,0	5,8	5,5
56,62	1,40	7,0	5,8	5,5
56,65	1,48	7,0	5,8	5,5
56,67	1,57	7,0	5,8	5,5
56,70	1,65	7,0	5,8	5,5
56,72	1,72	7,0	5,8	5,5
56,75	1,81	7,0	5,8	5,5
56,77	1,90	7,0	5,8	5,5
56,80	1,97	7,0	5,8	5,5
56,82	2,04	7,0	5,8	5,5
56,84	2,13	7,0	5,8	5,5
56,87	2,23	7,0	5,8	5,5
56,89	2,30	7,0	5,8	5,5
56,92	2,37	7,0	5,8	5,5
56,94	2,46	7,0	5,8	5,5
56,97	2,56	7,0	5,8	5,5
56,99	2,63	7,0	5,8	5,5
57,02	2,70	7,0	5,8	5,5
57,04	2,79	7,0	5,8	5,5
57,06	2,89	7,0	5,8	5,5
57,09	2,96	7,0	5,8	5,5
57,11	3,03	7,0	5,8	5,5
57,14	3,13	7,0	5,8	5,5
57,16	3,22	7,0	5,8	5,5
57,19	3,29	7,0	5,8	5,5
57,21	3,37	7,0	5,8	5,5
57,24	3,47	7,0	5,8	5,5
57,26	3,57	7,0	5,8	5,5
57,28	3,64	7,0	5,8	5,5
57,31	3,72	7,0	5,8	5,5
57,33	3,82	7,0	5,8	5,5
57,36	3,92	7,0	5,8	5,5
57,38	4,00	7,0	5,8	5,5
57,41	4,08	7,0	5,8	5,5
57,43	4,18	7,0	5,8	5,5
57,46	4,28	7,0	5,8	5,5
57,48	4,36	7,0	5,8	5,5
57,50	4,45	7,0	5,8	5,5
57,53	4,56	7,0	5,8	5,5
57,55	4,66	7,0	5,8	5,5
57,58	4,73	7,0	5,8	5,5
57,60	4,83	7,0	5,8	5,5
57,63	4,93	7,0	5,8	5,5
57,65	5,03	7,0	5,8	5,5
57,68	5,11	7,0	5,8	5,5
57,70	5,21	7,0	5,8	5,5
57,72	5,32	7,0	5,8	5,5
57,75	5,42	7,0	5,8	5,5
57,77	5,51	7,0	5,8	5,5
57,80	5,61	7,0	5,8	5,5
57,82	5,72	7,0	5,8	5,5
57,85	5,82	7,0	5,8	5,5
57,87	5,91	7,0	5,8	5,5
57,89	6,01	7,0	5,8	5,5
57,92	6,12	7,0	5,8	5,5
57,94	6,23	7,0	5,8	5,5
57,97	6,32	7,0	5,8	5,5
57,99	6,43	7,0	5,8	5,5
58,02	6,55	7,0	5,8	5,5
58,04	6,65	7,0	5,8	5,5
58,07	6,74	7,0	5,8	5,5
58,09	6,85	7,0	5,8	5,5
58,11	6,97	7,0	5,8	5,5
58,14	7,07	7,0	5,8	5,5
58,16	7,16	7,0	5,8	5,5
58,19	7,27	7,0	5,8	5,5
58,21	7,39	7,0	5,8	5,5
58,24	7,49	7,0	5,8	5,5
58,26	7,59	7,0	5,8	5,5
58,29	7,70	7,0	5,8	5,5
58,31	7,82	7,0	5,8	5,5
58,33	7,94	7,0	5,8	5,5
58,36	8,05	7,0	5,8	5,5
58,38	8,16	7,0	5,8	5,5
58,41	8,26	7,0	5,8	5,5
58,43	8,38	7,0	5,8	5,5
58,46	8,50	7,0	5,8	5,5
58,48	8,60	7,0	5,8	5,5
58,51	8,71	7,0	5,8	5,5
58,53	8,83	7,0	5,8	5,5
58,55	8,95	7,0	5,8	5,5
58,58	9,05	7,0	5,8	5,5
58,60	9,16	7,0	5,8	5,5
58,63	9,28	7,0	5,8	5,5
58,65	9,40	7,0	5,8	5,5
58,68	9,50	7,0	5,8	5,5
58,70	9,62	7,0	5,8	5,5
58,73	9,74	7,0	5,8	5,5
58,75	9,85	7,0	5,8	5,5
58,77	9,96	7,0	5,8	5,5
58,80	10,07	7,0	5,8	5,5
58,82	10,20	7,0	5,8	5,5
58,85	10,30	7,0	5,8	5,5
58,87	10,41	7,0	5,8	5,5
58,90	10,53	7,0	5,8	5,5
58,92	10,65	7,0	5,8	5,5
58,94	10,77	7,0	5,8	5,5
58,97	10,88	7,0	5,8	5,5
58,99	10,99	7,0	5,8	5,5
59,02	11,09	7,0	5,8	5,5
59,04	11,22	7,0	5,8	5,5
59,07	11,34	7,0	5,8	5,5
59,09	11,44	7,0	5,8	5,5
59,12	11,55	7,0	5,8	5,5
59,14	11,68	7,0	5,8	5,5
59,16	11,80	7,0	5,8	5,5
59,19	11,91	7,0	5,8	5,5
59,21	12,02	7,0	5,8	5,5
59,24	12,14	7,0	5,8	5,5
59,26	12,26	7,0	5,8	5,5
59,29	12,36	7,0	5,8	5,5
59,31	12,47	7,0	5,8	5,5
59,34	12,59	7,0	5,8	5,5
59,36	12,71	7,0	5,8	5,5
59,38	12,82	7,0	5,8	5,5
59,41	12,93	7,0	5,8	5,5
59,43	13,06	7,0	5,8	5,5
59,46	13,18	7,0	5,8	5,5
59,48	13,28	7,0	5,8	5,5
59,51	13,41	7,0	5,8	5,5
59,53	13,54	7,0	5,8	5,5
59,56	13,65	7,0	5,8	5,5
59,58	13,75	7,0	5,8	5,5
59,60	13,87	7,0	5,8	5,5
59,63	14,00	7,0	5,8	5,5
59,65	14,12	7,0	5,8	5,5
59,68	14,23	7,0	5,8	5,5
59,70	14,35	7,0	5,8	5,5
59,73	14,48	7,0	5,8	5,5
59,75	14,60	7,0	5,8	5,5
59,78	14,70	7,0	5,8	5,5
59,80	14,83	7,0	5,8	5,5
59,82	14,96	7,0	5,8	5,5
59,85	15,07	7,0	5,8	5,5
59,87	15,18	7,0	5,8	5,5
59,90	15,31	7,0	5,8	5,5
59,92	15,45	7,0	5,8	5,5
59,95	15,56	7,0	5,8	5,5
59,97	15,67	7,0	5,8	5,5
59,99	15,80	7,0	5,8	5,5
60,02	15,93	7,0	5,8	5,5
60,04	16,04	7,0	5,8	5,5
60,07	16,14	7,0	5,8	5,5
60,09	16,28	7,0	5,8	5,5
60,12	16,41	7,0	5,8	5,5
60,14	16,52	7,0	5,8	5,5
60,17	16,62	7,0	5,8	5,5
60,19	16,75	7,0	5,8	5,5
60,21	16,89	7,0	5,8	5,5
60,24	16,99	7,0	5,8	5,5
60,26	17,10	7,0	5,8	5,5
60,29	17,23	7,0	5,8	5,5
60,31	17,36	7,0	5,8	5,5
60,34	17,47	7,0	5,8	5,5
60,36	17,58	7,0	5,8	5,5
60,39	17,71	7,0	5,8	5,5
60,41	17,84	7,0	5,8	5,5
60,43	17,95	7,0	5,8	5,5
60,46	18,05	7,0	5,8	5,5
60,48	18,18	7,0	5,8	5,5
60,51	18,31	7,0	5,8	5,5
60,53	18,41	7,0	5,8	5,5
60,56	18,52	7,0	5,8	5,5
60,58	18,65	7,0	5,8	5,5
60,61	18,78	7,0	5,8	5,5
60,63	18,88	7,0	5,8	5,5
60,65	18,99	7,0	5,8	5,5
60,68	19,12	7,0	5,8	5,5
60,70	19,24	7,0	5,8	5,5
60,73	19,35	7,0	5,8	5,5
60,75	19,46	7,0	5,8	5,5
60,78	19,58	7,0	5,8	5,5
60,80	19,70	7,0	5,8	5,5
60,83	19,82	7,0	5,8	5,5
60,85	19,93	7,0	5,8	5,5
60,87	20,04	7,0	5,8	5,5
60,90	20,17	7,0	5,8	5,5
60,92	20,29	7,0	5,8	5,5
60,95	20,40	7,0	5,8	5,5
60,97	20,51	7,0	5,8	5,5
61,00	20,64	7,0	5,8	5,5
61,02	20,76	7,0	5,8	5,5
61,05	20,87	7,0	5,8	5,5
61,07	20,98	7,0	5,8	5,5
61,09	21,11	7,0	5,8	5,5
61,12	21,24	7,0	5,8	5,5
61,14	21,34	7,0	5,8	5,5
61,17	21,45	7,0	5,8	5,5
61,19	21,58	7,0	5,8	5,5
61,22	21,70	7,0	5,8	5,5
61,24	21,81	7,0	5,8	5,5
61,26	21,91	7,0	5,8	5,5
61,29	22,04	7,0	5,8	5,5
61,31	22,16	7,0	5,8	5,5
61,34	22,26	7,0	5,8	5,5
61,36	22,37	7,0	5,8	5,5
61,39	22,50	7,0	5,8	5,5
61,41	22,62	7,0	5,8	5,5
61,44	22,74	7,0	5,8	5,5
61,46	22,85	7,0	5,8	5,5
61,48	22,95	7,0	5,8	5,5
61,51	23,07	7,0	5,8	5,5
61,53	23,20	7,0	5,8	5,5
61,56	23,31	7,0	5,8	5,5
61,58	23,41	7,0	5,8	5,5
61,61	23,53	7,0	5,8	5,5
61,63	23,65	7,0	5,8	5,5
61,66	23,76	7,0	5,8	5,5
61,68	23,86	7,0	5,8	5,5
61,70	23,98	7,0	5,8	5,5
61,73	24,11	7,0	5,8	5,5
61,75	24,20	7,0	5,8	5,5
61,78	24,31	7,0	5,8	5,5
61,80	24,43	7,0	5,8	5,5
61,83	24,55	7,0	5,8	5,5
61,85	24,66	7,0	5,8	5,5
61,88	24,76	7,0	5,8	5,5
61,90	24,88	7,0	5,8	5,5
61,92	25,01	7,0	5,8	5,5
61,95	25,10	7,0	5,8	5,5
61,97	25,20	7,0	5,8	5,5
62,00	25,33	7,0	5,8	5,5
62,02	25,45	7,0	5,8	5,5
62,05	25,55	7,0	5,8	5,5
62,07	25,65	7,0	5,8	5,5
62,10	25,77	7,0	5,8	5,5
62,12	25,90	7,0	5,8	5,5
62,14	25,99	7,0	5,8	5,5
62,17	26,09	7,0	5,8	5,5
62,19	26,21	7,0	5,8	5,5
62,22	26,33	7,0	5,8	5,5
62,24	26,43	7,0	5,8	5,5
62,27	26,53	7,0	5,8	5,5
62,29	26,65	7,0	5,8	5,5
62,31	26,77	7,0	5,8	5,5
62,34	26,86	7,0	5,8	5,5
62,36	26,96	7,0	5,8	5,5
62,39	27,08	7,0	5,8	5,5
62,41	27,19	7,0	5,8	5,5
62,44	27,28	7,0	5,8	5,5
62,46	27,38	7,0	5,8	5,5
62,49	27,50	7,0	5,8	5,5
62,51	27,61	7,0	5,8	5,5
62,53	27,70	7,0	5,8	5,5
62,56	27,81	7,0	5,8	5,5
62,58	27,93	7,0	5,8	5,5
62,61	28,03	7,0	5,8	5,5
62,63	28,13	7,0	5,8	5,5
62,66	28,22	7,0	5,8	5,5
62,68	28,34	7,0	5,8	5,5
62,71	28,44	7,0	5,8	5,5
62,73	28,54	7,0	5,8	5,5
62,75	28,64	7,0	5,8	5,5
62,78	28,75	7,0	5,8	5,5
62,80	28,86	7,0	5,8	5,5
62,83	28,94	7,0	5,8	5,5
62,85	29,04	7,0	5,8	5,5
62,88	29,15	7,0	5,8	5,5
62,90	29,25	7,0	5,8	5,5
62,93	29,33	7,0	5,8	5,5
62,95	29,43	7,0	5,8	5,5
62,97	29,54	7,0	5,8	5,5
63,00	29,63	7,0	5,8	5,5
63,02	29,72	7,0	5,8	5,5
63,05	29,82	7,0	5,8	5,5
63,07	29,94	7,0	5,8	5,5
63,10	30,03	7,0	5,8	5,5
63,12	30,12	7,0	5,8	5,5
63,15	30,22	7,0	5,8	5,5
63,17	30,32	7,0	5,8	5,5
63,19	30,41	7,0	5,8	5,5
63,22	30,51	7,0	5,8	5,5
63,24	30,59	7,0	5,8	5,5
63,27	30,68	7,0	5,8	5,5
63,29	30,78	7,0	5,8	5,5
63,32	30,88	7,0	5,8	5,5
63,34	30,96	7,0	5,8	5,5
63,36	31,04	7,0	5,8	5,5
63,39	31,14	7,0	5,8	5,5
63,41	31,24	7,0	5,8	5,5
63,44	31,31	7,0	5,8	5,5
63,46	31,40	7,0	5,8	5,5
63,49	31,50	7,0	5,8	5,5
63,51	31,59	7,0	5,8	5,5
63,54	31,67	7,0	5,8	5,5
63,56	31,75	7,0	5,8	5,5
63,58	31,84	7,0	5,8	5,5
63,61	31,93	7,0	5,8	5,5
63,63	32,00	7,0	5,8	5,5
63,66	32,08	7,0	5,8	5,5
63,68	32,17	7,0	5,8	5,5
63,71	32,26	7,0	5,8	5,5
63,73	32,32	7,0	5,8	5,5
63,76	32,40	7,0	5,8	5,5
63,78	32,49	7,0	5,8	5,5
63,80	32,57	7,0	5,8	5,5
63,83	32,64	7,0	5,8	5,5
63,85	32,71	7,0	5,8	5,5
63,88	32,77	7,0	5,8	5,5
63,90	32,86	7,0	5,8	5,5
63,93	32,95	7,0	5,8	5,5
63,95	33,01	7,0	5,8	5,5
63,98	33,07	7,0	5,8	5,5
64,00	33,16	7,0	5,8	5,5
64,02	33,24	7,0	5,8	5,5
64,05	33,29	7,0	5,8	5,5
64,07	33,35	7,0	5,8	5,5
64,10	33,43	7,0	5,8	5,5
64,12	33,51	7,0	5,8	5,5
64,15	33,56	7,0	5,8	5,5
64,17	33,62	7,0	5,8	5,5
64,20	33,69	7,0	5,8	5,5
64,22	33,76	7,0	5,8	5,5
64,24	33,81	7,0	5,8	5,5
64,27	33,86	7,0	5,8	5,5
64,29	33,93	7,0	5,8	5,5
64,32	33,99	7,0	5,8	5,5
64,34	34,03	7,0	5,8	5,5
64,37	34,08	7,0	5,8	5,5
64,39	34,14	7,0	5,8	5,5
64,41	34,20	7,0	5,8	5,5
64,44	34,23	7,0	5,8	5,5
64,46	34,27	7,0	5,8	5,5
64,49	34,34	7,0	5,8	5,5
64,51	34,38	7,0	5,8	5,5
64,54	34,41	7,0	5,8	5,5
64,56	34,45	7,0	5,8	5,5
64,59	34,50	7,0	5,8	5,5
64,61	34,53	7,0	5,8	5,5
64,63	34,56	7,0	5,8	5,5
64,66	34,60	7,0	5,8	5,5
64,68	34,65	7,0	5,8	5,5
64,71	34,67	7,0	5,8	5,5
64,73	34,69	7,0	5,8	5,5
64,76	34,73	7,0	5,8	5,5
64,78	34,77	7,0	5,8	5,5
64,81	34,80	7,0	5,8	5,5
64,83	34,82	7,0	5,8	5,5
64,85	34,86	7,0	5,8	5,5
64,88	34,90	7,0	5,8	5,5
64,90	34,92	7,0	5,8	5,5
64,93	34,94	7,0	5,8	5,5
64,95	34,98	7,0	5,8	5,5
64,98	35,02	7,0	5,8	5,5
65,00	35,04	7,0	5,8	5,5
65,03	35,04	7,0	5,8	5,5
65,05	35,08	7,0	5,8	5,5
65,07	35,12	7,0	5,8	5,5
65,10	35,13	7,0	5,8	5,5
65,12	35,15	7,0	5,8	5,5
65,15	35,18	7,0	5,8	5,5
65,17	35,21	7,0	5,8	5,5
65,20	35,22	7,0	5,8	5,5
65,22	35,24	7,0	5,8	5,5
65,25	35,27	7,0	5,8	5,5
65,27	35,31	7,0	5,8	5,5
65,29	35,31	7,0	5,8	5,5
65,32	35,33	7,0	5,8	5,5
65,34	35,35	7,0	5,8	5,5
65,37	35,39	7,0	5,8	5,5
65,39	35,39	7,0	5,8	5,5
65,42	35,40	7,0	5,8	5,5
65,44	35,44	7,0	5,8	5,5
65,47	35,46	7,0	5,8	5,5
65,49	35,46	7,0	5,8	5,5
65,51	35,47	7,0	5,8	5,5
65,54	35,49	7,0	5,8	5,5
65,56	35,51	7,0	5,8	5,5
65,59	35,51	7,0	5,8	5,5
65,61	35,51	7,0	5,8	5,5
65,64	35,53	7,0	5,8	5,5
65,66	35,54	7,0	5,8	5,5
65,68	35,56	7,0	5,8	5,5
65,71	35,57	7,0	5,8	5,5
65,73	35,57	7,0	5,8	5,5
65,76	35,58	7,0	5,8	5,5
65,78	35,59	7,0	5,8	5,5
65,81	35,60	7,0	5,8	5,5
65,83	35,60	7,0	5,8	5,5
65,86	35,61	7,0	5,8	5,5
65,88	35,62	7,0	5,8	5,5
65,90	35,61	7,0	5,8	5,5
65,93	35,61	7,0	5,8	5,5
65,95	35,62	7,0	5,8	5,5
65,98	35,62	7,0	5,8	5,5
66,00	35,61	7,0	5,8	5,5
66,03	35,60	7,0	5,8	5,5
66,05	35,60	7,0	5,8	5,5
66,08	35,60	7,0	5,8	5,5
66,10	35,59	7,0	5,8	5,5
66,12	35,58	7,0	5,8	5,5
66,15	35,58	7,0	5,8	5,5
66,17	35,58	7,0	5,8	5,5
66,20	35,56	7,0	5,8	5,5
66,22	35,54	7,0	5,8	5,5
66,25	35,54	7,0	5,8	5,5
66,27	35,54	7,0	5,8	5,5
66,30	35,52	7,0	5,8	5,5
66,32	35,50	7,0	5,8	5,5
66,34	35,47	7,0	5,8	5,5
66,37	35,45	7,0	5,8	5,5
66,39	35,44	7,0	5,8	5,5
66,42	35,41	7,0	5,8	5,5
66,44	35,38	7,0	5,8	5,5
66,47	35,36	7,0	5,8	5,5
66,49	35,34	7,0	5,8	5,5
66,52	35,31	7,0	5,8	5,5
66,54	35,27	7,0	5,8	5,5
66,56	35,25	7,0	5,8	5,5
66,59	35,24	7,0	5,8	5,5
66,61	35,21	7,0	5,8	5,5
66,64	35,17	7,0	5,8	5,5
66,66	35,15	7,0	5,8	5,5
66,69	35,13	7,0	5,8	5,5
66,71	35,09	7,0	5,8	5,5
66,73	35,04	7,0	5,8	5,5
66,76	35,01	7,0	5,8	5,5
66,78	34,98	7,0	5,8	5,5
66,81	34,94	7,0	5,8	5,5
66,83	34,90	7,0	5,8	5,5
66,86	34,87	7,0	5,8	5,5
66,88	34,84	7,0	5,8	5,5
66,91	34,80	7,0	5,8	5,5
66,93	34,75	7,0	5,8	5,5
66,95	34,72	7,0	5,8	5,5
66,98	34,70	7,0	5,8	5,5
67,00	34,64	7,0	5,8	5,5
67,03	34,60	7,0	5,8	5,5
67,05	34,58	7,0	5,8	5,5
67,08	34,55	7,0	5,8	5,5
67,10	34,50	7,0	5,8	5,5
67,13	34,46	7,0	5,8	5,5
67,15	34,44	7,0	5,8	5,5
67,17	34,41	7,0	5,8	5,5
67,20	34,35	7,0	5,8	5,5
67,22	34,31	7,0	5,8	5,5
67,25	34,29	7,0	5,8	5,5
67,27	34,25	7,0	5,8	5,5
67,30	34,19	7,0	5,8	5,5
67,32	34,14	7,0	5,8	5,5
67,35	34,12	7,0	5,8	5,5
67,37	34,08	7,0	5,8	5,5
67,39	34,02	7,0	5,8	5,5
67,42	33,97	7,0	5,8	5,5
67,44	33,95	7,0	5,8	5,5
67,47	33,91	7,0	5,8	5,5
67,49	33,84	7,0	5,8	5,5
67,52	33,80	7,0	5,8	5,5
67,54	33,77	7,0	5,8	5,5
67,57	33,73	7,0	5,8	5,5
67,59	33,67	7,0	5,8	5,5
67,61	33,63	7,0	5,8	5,5
67,64	33,59	7,0	5,8	5,5
67,66	33,55	7,0	5,8	5,5
67,69	33,49	7,0	5,8	5,5
67,71	33,43	7,0	5,8	5,5
67,74	33,41	7,0	5,8	5,5
67,76	33,35	7,0	5,8	5,5
67,78	33,29	7,0	5,8	5,5
67,81	33,24	7,0	5,8	5,5
67,83	33,21	7,0	5,8	5,5
67,86	33,16	7,0	5,8	5,5
67,88	33,09	7,0	5,8	5,5
67,91	33,04	7,0	5,8	5,5
67,93	33,01	7,0	5,8	5,5
67,96	32,95	7,0	5,8	5,5
67,98	32,89	7,0	5,8	5,5
68,00	32,83	7,0	5,8	5,5
68,03	32,80	7,0	5,8	5,5
68,05	32,74	7,0	5,8	5,5
68,08	32,69	7,0	5,8	5,5
68,10	32,63	7,0	5,8	5,5
68,13	32,57	7,0	5,8	5,5
68,15	32,52	7,0	5,8	5,5
68,18	32,48	7,0	5,8	5,5
68,20	32,40	7,0	5,8	5,5
68,22	32,34	7,0	5,8	5,5
68,25	32,29	7,0	5,8	5,5
68,27	32,23	7,0	5,8	5,5
68,30	32,17	7,0	5,8	5,5
68,32	32,11	7,0	5,8	5,5
68,35	32,06	7,0	5,8	5,5
68,37	32,01	7,0	5,8	5,5
68,40	31,93	7,0	5,8	5,5
68,42	31,87	7,0	5,8	5,5
68,44	31,83	7,0	5,8	5,5
68,47	31,77	7,0	5,8	5,5
68,49	31,69	7,0	5,8	5,5
68,52	31,64	7,0	5,8	5,5
68,54	31,60	7,0	5,8	5,5
68,57	31,53	7,0	5,8	5,5
68,59	31,46	7,0	5,8	5,5
68,62	31,40	7,0	5,8	5,5
68,64	31,35	7,0	5,8	5,5
68,66	31,30	7,0	5,8	5,5
68,69	31,23	7,0	5,8	5,5
68,71	31,16	7,0	5,8	5,5
68,74	31,10	7,0	5,8	5,5
68,76	31,06	7,0	5,8	5,5
68,79	31,00	7,0	5,8	5,5
68,81	30,93	7,0	5,8	5,5
68,83	30,87	7,0	5,8	5,5
68,86	30,84	7,0	5,8	5,5
68,88	30,78	7,0	5,8	5,5
68,91	30,70	7,0	5,8	5,5
68,93	30,64	7,0	5,8	5,5
68,96	30,60	7,0	5,8	5,5
68,98	30,55	7,0	5,8	5,5
69,01	30,47	7,0	5,8	5,5
69,03	30,41	7,0	5,8	5,5
69,05	30,36	7,0	5,8	5,5
69,08	30,31	7,0	5,8	5,5
69,10	30,23	7,0	5,8	5,5
69,13	30,17	7,0	5,8	5,5
69,15	30,13	7,0	5,8	5,5
69,18	30,08	7,0	5,8	5,5
69,20	29,99	7,0	5,8	5,5
69,23	29,93	7,0	5,8	5,5
69,25	29,90	7,0	5,8	5,5
69,27	29,84	7,0	5,8	5,5
69,30	29,76	7,0	5,8	5,5
69,32	29,70	7,0	5,8	5,5
69,35	29,66	7,0	5,8	5,5
69,37	29,61	7,0	5,8	5,5
69,40	29,53	7,0	5,8	5,5
69,42	29,46	7,0	5,8	5,5
69,45	29,42	7,0	5,8	5,5
69,47	29,36	7,0	5,8	5,5
69,49	29,28	7,0	5,8	5,5
69,52	29,22	7,0	5,8	5,5
69,54	29,19	7,0	5,8	5,5
69,57	29,12	7,0	5,8	5,5
69,59	29,05	7,0	5,8	5,5
69,62	29,00	7,0	5,8	5,5
69,64	28,96	7,0	5,8	5,5
69,67	28,90	7,0	5,8	5,5
69,69	28,82	7,0	5,8	5,5
69,71	28,77	7,0	5,8	5,5
69,74	28,73	7,0	5,8	5,5
69,76	28,68	7,0	5,8	5,5
69,79	28,61	7,0	5,8	5,5
69,81	28,55	7,0	5,8	5,5
69,84	28,52	7,0	5,8	5,5
69,86	28,45	7,0	5,8	5,5
69,89	28,38	7,0	5,8	5,5
69,91	28,33	7,0	5,8	5,5
69,93	28,29	7,0	5,8	5,5
69,96	28,23	7,0	5,8	5,5
69,98	28,17	7,0	5,8	5,5
70,01	28,12	7,0	5,8	5,5
70,03	28,08	7,0	5,8	5,5
70,06	28,02	7,0	5,8	5,5
70,08	27,96	7,0	5,8	5,5
70,10	27,92	7,0	5,8	5,5
70,13	27,88	7,0	5,8	5,5
70,15	27,82	7,0	5,8	5,5
70,18	27,75	7,0	5,8	5,5
70,20	27,71	7,0	5,8	5,5
70,23	27,67	7,0	5,8	5,5
70,25	27,61	7,0	5,8	5,5
70,28	27,55	7,0	5,8	5,5
70,30	27,52	7,0	5,8	5,5
70,32	27,47	7,0	5,8	5,5
70,35	27,42	7,0	5,8	5,5
70,37	27,37	7,0	5,8	5,5
70,40	27,33	7,0	5,8	5,5
70,42	27,29	7,0	5,8	5,5
70,45	27,23	7,0	5,8	5,5
70,47	27,19	7,0	5,8	5,5
70,50	27,15	7,0	5,8	5,5
70,52	27,12	7,0	5,8	5,5
70,54	27,08	7,0	5,8	5,5
70,57	27,04	7,0	5,8	5,5
70,59	26,99	7,0	5,8	5,5
70,62	26,94	7,0	5,8	5,5
70,64	26,92	7,0	5,8	5,5
70,67	26,87	7,0	5,8	5,5
70,69	26,83	7,0	5,8	5,5
70,72	26,80	7,0	5,8	5,5
70,74	26,78	7,0	5,8	5,5
70,76	26,74	7,0	5,8	5,5
70,79	26,70	7,0	5,8	5,5
70,81	26,67	7,0	5,8	5,5
70,84	26,65	7,0	5,8	5,5
70,86	26,62	7,0	5,8	5,5
70,89	26,58	7,0	5,8	5,5
70,91	26,56	7,0	5,8	5,5
70,94	26,54	7,0	5,8	5,5
70,96	26,51	7,0	5,8	5,5
70,98	26,48	7,0	5,8	5,5
71,01	26,46	7,0	5,8	5,5
71,03	26,45	7,0	5,8	5,5
71,06	26,42	7,0	5,8	5,5
71,08	26,39	7,0	5,8	5,5
71,11	26,37	7,0	5,8	5,5
71,13	26,35	7,0	5,8	5,5
71,15	26,33	7,0	5,8	5,5
71,18	26,31	7,0	5,8	5,5
71,20	26,27	7,0	5,8	5,5
71,23	26,26	7,0	5,8	5,5
71,25	26,26	7,0	5,8	5,5
71,28	26,25	7,0	5,8	5,5
71,30	26,21	7,0	5,8	5,5
71,33	26,20	7,0	5,8	5,5
71,35	26,21	7,0	5,8	5,5
71,37	26,18	7,0	5,8	5,5
71,40	26,16	7,0	5,8	5,5
71,42	26,15	7,0	5,8	5,5
71,45	26,15	7,0	5,8	5,5
71,47	26,13	7,0	5,8	5,5
71,50	26,09	7,0	5,8	5,5
71,52	26,08	7,0	5,8	5,5
71,55	26,09	7,0	5,8	5,5
71,57	26,07	7,0	5,8	5,5
71,59	26,04	7,0	5,8	5,5
71,62	26,03	7,0	5,8	5,5
71,64	26,03	7,0	5,8	5,5
71,67	26,02	7,0	5,8	5,5
71,69	25,99	7,0	5,8	5,5
71,72	25,99	7,0	5,8	5,5
71,74	25,99	7,0	5,8	5,5
71,77	25,96	7,0	5,8	5,5
71,79	25,94	7,0	5,8	5,5
71,81	25,93	7,0	5,8	5,5
71,84	25,93	7,0	5,8	5,5
71,86	25,91	7,0	5,8	5,5
71,89	25,89	7,0	5,8	5,5
71,91	25,89	7,0	5,8	5,5
71,94	25,89	7,0	5,8	5,5
71,96	25,87	7,0	5,8	5,5
71,99	25,86	7,0	5,8	5,5
72,01	25,86	7,0	5,8	5,5
72,03	25,86	7,0	5,8	5,5
72,06	25,83	7,0	5,8	5,5
72,08	25,82	7,0	5,8	5,5
72,11	25,83	7,0	5,8	5,5
72,13	25,83	7,0	5,8	5,5
72,16	25,81	7,0	5,8	5,5
72,18	25,80	7,0	5,8	5,5
72,20	25,81	7,0	5,8	5,5
72,23	25,82	7,0	5,8	5,5
72,25	25,81	7,0	5,8	5,5
72,28	25,80	7,0	5,8	5,5
72,30	25,82	7,0	5,8	5,5
72,33	25,82	7,0	5,8	5,5
72,35	25,80	7,0	5,8	5,5
72,38	25,81	7,0	5,8	5,5
72,40	25,83	7,0	5,8	5,5
72,42	25,84	7,0	5,8	5,5
72,45	25,83	7,0	5,8	5,5
72,47	25,84	7,0	5,8	5,5
72,50	25,87	7,0	5,8	5,5
72,52	25,88	7,0	5,8	5,5
72,55	25,86	7,0	5,8	5,5
72,57	25,88	7,0	5,8	5,5
72,60	25,91	7,0	5,8	5,5
72,62	25,92	7,0	5,8	5,5
72,64	25,92	7,0	5,8	5,5
72,67	25,93	7,0	5,8	5,5
72,69	25,97	7,0	5,8	5,5
72,72	26,00	7,0	5,8	5,5
72,74	26,00	7,0	5,8	5,5
72,77	26,02	7,0	5,8	5,5
72,79	26,06	7,0	5,8	5,5
72,82	26,08	7,0	5,8	5,5
72,84	26,09	7,0	5,8	5,5
72,86	26,11	7,0	5,8	5,5
72,89	26,16	7,0	5,8	5,5
72,91	26,18	7,0	5,8	5,5
72,94	26,19	7,0	5,8	5,5
72,96	26,22	7,0	5,8	5,5
72,99	26,24	7,0	5,8	5,5
73,01	26,29	7,0	5,8	5,5
73,04	26,31	7,0	5,8	5,5
73,06	26,34	7,0	5,8	5,5
73,08	26,38	7,0	5,8	5,5
73,11	26,42	7,0	5,8	5,5
73,13	26,46	7,0	5,8	5,5
73,16	26,48	7,0	5,8	5,5
73,18	26,52	7,0	5,8	5,5
73,21	26,57	7,0	5,8	5,5
73,23	26,60	7,0	5,8	5,5
73,25	26,63	7,0	5,8	5,5
73,28	26,67	7,0	5,8	5,5
73,30	26,72	7,0	5,8	5,5
73,33	26,77	7,0	5,8	5,5
73,35	26,80	7,0	5,8	5,5
73,38	26,83	7,0	5,8	5,5
73,40	26,89	7,0	5,8	5,5
73,43	26,93	7,0	5,8	5,5
73,45	26,96	7,0	5,8	5,5
73,47	27,00	7,0	5,8	5,5
73,50	27,06	7,0	5,8	5,5
73,52	27,10	7,0	5,8	5,5
73,55	27,13	7,0	5,8	5,5
73,57	27,18	7,0	5,8	5,5
73,60	27,24	7,0	5,8	5,5
73,62	27,28	7,0	5,8	5,5
73,65	27,34	7,0	5,8	5,5
73,67	27,36	7,0	5,8	5,5
73,69	27,40	7,0	5,8	5,5
73,72	27,46	7,0	5,8	5,5
73,74	27,51	7,0	5,8	5,5
73,77	27,54	7,0	5,8	5,5
73,79	27,58	7,0	5,8	5,5
73,82	27,64	7,0	5,8	5,5
73,84	27,69	7,0	5,8	5,5
73,87	27,72	7,0	5,8	5,5
73,89	27,77	7,0	5,8	5,5
73,91	27,83	7,0	5,8	5,5
73,94	27,89	7,0	5,8	5,5
73,96	27,92	7,0	5,8	5,5
73,99	27,96	7,0	5,8	5,5
74,01	28,04	7,0	5,8	5,5
74,04	28,09	7,0	5,8	5,5
74,06	28,13	7,0	5,8	5,5
74,09	28,18	7,0	5,8	5,5
74,11	28,25	7,0	5,8	5,5
74,13	28,31	7,0	5,8	5,5
74,16	28,34	7,0	5,8	5,5
74,18	28,39	7,0	5,8	5,5
74,21	28,47	7,0	5,8	5,5
74,23	28,52	7,0	5,8	5,5
74,26	28,57	7,0	5,8	5,5
74,28	28,63	7,0	5,8	5,5
74,31	28,71	7,0	5,8	5,5
74,33	28,77	7,0	5,8	5,5
74,35	28,81	7,0	5,8	5,5
74,38	28,87	7,0	5,8	5,5
74,40	28,95	7,0	5,8	5,5
74,43	29,01	7,0	5,8	5,5
74,45	29,06	7,0	5,8	5,5
74,48	29,12	7,0	5,8	5,5
74,50	29,20	7,0	5,8	5,5
74,52	29,26	7,0	5,8	5,5
74,55	29,31	7,0	5,8	5,5
74,57	29,38	7,0	5,8	5,5
74,60	29,47	7,0	5,8	5,5
74,62	29,53	7,0	5,8	5,5
74,65	29,57	7,0	5,8	5,5
74,67	29,65	7,0	5,8	5,5
74,70	29,74	7,0	5,8	5,5
74,72	29,80	7,0	5,8	5,5
74,74	29,85	7,0	5,8	5,5
74,77	29,93	7,0	5,8	5,5
74,79	30,03	7,0	5,8	5,5
74,82	30,10	7,0	5,8	5,5
74,84	30,15	7,0	5,8	5,5
74,87	30,24	7,0	5,8	5,5
74,89	30,33	7,0	5,8	5,5
74,92	30,39	7,0	5,8	5,5
74,94	30,45	7,0	5,8	5,5
74,96	30,52	7,0	5,8	5,5
74,99	30,61	7,0	5,8	5,5
75,01	30,69	7,0	5,8	5,5
75,04	30,75	7,0	5,8	5,5
75,06	30,84	7,0	5,8	5,5
75,09	30,93	7,0	5,8	5,5
75,11	31,00	7,0	5,8	5,5
75,14	31,07	7,0	5,8	5,5
75,16	31,16	7,0	5,8	5,5
75,18	31,26	7,0	5,8	5,5
75,21	31,32	7,0	5,8	5,5
75,23	31,39	7,0	5,8	5,5
75,26	31,49	7,0	5,8	5,5
75,28	31,58	7,0	5,8	5,5
75,31	31,64	7,0	5,8	5,5
75,33	31,71	7,0	5,8	5,5
75,36	31,81	7,0	5,8	5,5
75,38	31,90	7,0	5,8	5,5
75,40	31,97	7,0	5,8	5,5
75,43	32,06	7,0	5,8	5,5
75,45	32,12	7,0	5,8	5,5
75,48	32,21	7,0	5,8	5,5
75,50	32,30	7,0	5,8	5,5
75,53	32,38	7,0	5,8	5,5
75,55	32,45	7,0	5,8	5,5
75,57	32,53	7,0	5,8	5,5
75,60	32,63	7,0	5,8	5,5
75,62	32,71	7,0	5,8	5,5
75,65	32,78	7,0	5,8	5,5
75,67	32,87	7,0	5,8	5,5
75,70	32,97	7,0	5,8	5,5
75,72	33,05	7,0	5,8	5,5
75,75	33,12	7,0	5,8	5,5
75,77	33,22	7,0	5,8	5,5
75,79	33,31	7,0	5,8	5,5
75,82	33,39	7,0	5,8	5,5
75,84	33,46	7,0	5,8	5,5
75,87	33,57	7,0	5,8	5,5
75,89	33,66	7,0	5,8	5,5
75,92	33,74	7,0	5,8	5,5
75,94	33,82	7,0	5,8	5,5
75,97	33,92	7,0	5,8	5,5
75,99	34,02	7,0	5,8	5,5
76,01	34,10	7,0	5,8	5,5
76,04	34,19	7,0	5,8	5,5
76,06	34,27	7,0	5,8	5,5
76,09	34,36	7,0	5,8	5,5
76,11	34,47	7,0	5,8	5,5
76,14	34,56	7,0	5,8	5,5
76,16	34,63	7,0	5,8	5,5
76,19	34,72	7,0	5,8	5,5
76,21	34,83	7,0	5,8	5,5
76,23	34,92	7,0	5,8	5,5
76,26	34,99	7,0	5,8	5,5
76,28	35,09	7,0	5,8	5,5
76,31	35,20	7,0	5,8	5,5
76,33	35,28	7,0	5,8	5,5
76,36	35,36	7,0	5,8	5,5
76,38	35,46	7,0	5,8	5,5
76,41	35,57	7,0	5,8	5,5
76,43	35,64	7,0	5,8	5,5
76,45	35,73	7,0	5,8	5,5
76,48	35,83	7,0	5,8	5,5
76,50	35,94	7,0	5,8	5,5
76,53	36,01	7,0	5,8	5,5
76,55	36,09	7,0	5,8	5,5
76,58	36,19	7,0	5,8	5,5
76,60	36,30	7,0	5,8	5,5
76,62	36,38	7,0	5,8	5,5
76,65	36,45	7,0	5,8	5,5
76,67	36,56	7,0	5,8	5,5
76,70	36,66	7,0	5,8	5,5
76,72	36,75	7,0	5,8	5,5
76,75	36,83	7,0	5,8	5,5
76,77	36,94	7,0	5,8	5,5
76,80	37,04	7,0	5,8	5,5
76,82	37,12	7,0	5,8	5,5
76,84	37,20	7,0	5,8	5,5
76,87	37,31	7,0	5,8	5,5
76,89	37,42	7,0	5,8	5,5
76,92	37,50	7,0	5,8	5,5
76,94	37,59	7,0	5,8	5,5
76,97	37,70	7,0	5,8	5,5
76,99	37,81	7,0	5,8	5,5
77,02	37,89	7,0	5,8	5,5
77,04	37,98	7,0	5,8	5,5
77,06	38,09	7,0	5,8	5,5
77,09	38,20	7,0	5,8	5,5
77,11	38,28	7,0	5,8	5,5
77,14	38,37	7,0	5,8	5,5
77,16	38,49	7,0	5,8	5,5
77,19	38,59	7,0	5,8	5,5
77,21	38,68	7,0	5,8	5,5
77,24	38,78	7,0	5,8	5,5
77,26	38,89	7,0	5,8	5,5
77,28	39,00	7,0	5,8	5,5
77,31	39,08	7,0	5,8	5,5
77,33	39,17	7,0	5,8	5,5
77,36	39,29	7,0	5,8	5,5
77,38	39,39	7,0	5,8	5,5
77,41	39,48	7,0	5,8	5,5
77,43	39,57	7,0	5,8	5,5
77,46	39,70	7,0	5,8	5,5
77,48	39,82	7,0	5,8	5,5
77,50	39,90	7,0	5,8	5,5
77,53	40,00	7,0	5,8	5,5
77,55	40,12	7,0	5,8	5,5
77,58	40,21	7,0	5,8	5,5
77,60	40,30	7,0	5,8	5,5
77,63	40,40	7,0	5,8	5,5
77,65	40,52	7,0	5,8	5,5
77,68	40,63	7,0	5,8	5,5
77,70	40,72	7,0	5,8	5,5
77,72	40,82	7,0	5,8	5,5
77,75	40,95	7,0	5,8	5,5
77,77	41,04	7,0	5,8	5,5
77,80	41,13	7,0	5,8	5,5
77,82	41,24	7,0	5,8	5,5
77,85	41,36	7,0	5,8	5,5
77,87	41,47	7,0	5,8	5,5
77,89	41,59	7,0	5,8	5,5
77,92	41,68	7,0	5,8	5,5
77,94	41,78	7,0	5,8	5,5
77,97	41,90	7,0	5,8	5,5
77,99	42,01	7,0	5,8	5,5
78,02	42,11	7,0	5,8	5,5
78,04	42,22	7,0	5,8	5,5
78,07	42,32	7,0	5,8	5,5
78,09	42,44	7,0	5,8	5,5
78,11	42,53	7,0	5,8	5,5
78,14	42,63	7,0	5,8	5,5
78,16	42,75	7,0	5,8	5,5
78,19	42,87	7,0	5,8	5,5
78,21	42,96	7,0	5,8	5,5
78,24	43,07	7,0	5,8	5,5
78,26	43,19	7,0	5,8	5,5
78,29	43,31	7,0	5,8	5,5
78,31	43,40	7,0	5,8	5,5
78,33	43,51	7,0	5,8	5,5
78,36	43,62	7,0	5,8	5,5
78,38	43,73	7,0	5,8	5,5
78,41	43,83	7,0	5,8	5,5
78,43	43,94	7,0	5,8	5,5
78,46	44,06	7,0	5,8	5,5
78,48	44,18	7,0	5,8	5,5
78,51	44,29	7,0	5,8	5,5
78,53	44,39	7,0	5,8	5,5
78,55	44,49	7,0	5,8	5,5
78,58	44,62	7,0	5,8	5,5
78,60	44,75	7,0	5,8	5,5
78,63	44,85	7,0	5,8	5,5
78,65	44,95	7,0	5,8	5,5
78,68	45,08	7,0	5,8	5,5
78,70	45,20	7,0	5,8	5,5
78,73	45,30	7,0	5,8	5,5
78,75	45,39	7,0	5,8	5,5
78,77	45,52	7,0	5,8	5,5
78,80	45,65	7,0	5,8	5,5
78,82	45,76	7,0	5,8	5,5
78,85	45,87	7,0	5,8	5,5
78,87	46,00	7,0	5,8	5,5
78,90	46,12	7,0	5,8	5,5
78,92	46,21	7,0	5,8	5,5
78,94	46,32	7,0	5,8	5,5
78,97	46,46	7,0	5,8	5,5
78,99	46,58	7,0	5,8	5,5
79,02	46,70	7,0	5,8	5,5
79,04	46,81	7,0	5,8	5,5
79,07	46,94	7,0	5,8	5,5
79,09	47,06	7,0	5,8	5,5
79,12	47,18	7,0	5,8	5,5
79,14	47,29	7,0	5,8	5,5
79,16	47,43	7,0	5,8	5,5
79,19	47,55	7,0	5,8	5,5
79,21	47,65	7,0	5,8	5,5
79,24	47,76	7,0	5,8	5,5
79,26	47,89	7,0	5,8	5,5
79,29	48,02	7,0	5,8	5,5
79,31	48,12	7,0	5,8	5,5
79,34	48,23	7,0	5,8	5,5
79,36	48,36	7,0	5,8	5,5
79,38	48,49	7,0	5,8	5,5
79,41	48,59	7,0	5,8	5,5
79,43	48,69	7,0	5,8	5,5
79,46	48,80	7,0	5,8	5,5
79,48	48,91	7,0	5,8	5,5
79,51	49,00	7,0	5,8	5,5
79,53	49,07	7,0	5,8	5,5
79,56	49,18	7,0	5,8	5,5
79,58	49,28	7,0	5,8	5,5
79,60	49,34	7,0	5,8	5,5
79,63	49,40	7,0	5,8	5,5
79,65	49,48	7,0	5,8	5,5
79,68	49,55	7,0	5,8	5,5
79,70	49,60	7,0	5,8	5,5
79,73	49,65	7,0	5,8	5,5
79,75	49,71	7,0	5,8	5,5
79,78	49,76	7,0	5,8	5,5
79,80	49,79	7,0	5,8	5,5
79,82	49,82	7,0	5,8	5,5
79,85	49,87	7,0	5,8	5,5
79,87	49,91	7,0	5,8	5,5
79,90	49,91	7,0	5,8	5,5
79,92	49,92	7,0	5,8	5,5
79,95	49,95	7,0	5,8	5,5
79,97	49,97	7,0	5,8	5,5
79,99	49,97	7,0	5,8	5,5
80,02	49,97	7,0	5,8	5,5
80,04	49,98	7,0	5,8	5,5
80,07	49,98	7,0	5,8	5,5
80,09	49,98	7,0	5,8	5,5
80,12	49,98	7,0	5,8	5,5
80,14	49,99	7,0	5,8	5,5
80,17	49,99	7,0	5,8	5,5
80,19	49,99	7,0	5,8	5,5
80,21	49,99	7,0	5,8	5,5
80,24	49,99	7,0	5,8	5,5
80,26	49,99	7,0	5,8	5,5
80,29	49,99	7,0	5,8	5,5
80,31	49,99	7,0	5,8	5,5
80,34	49,99	7,0	5,8	5,5
80,36	49,99	7,0	5,8	5,5
80,39	49,99	7,0	5,8	5,5
80,41	49,99	7,0	5,8	5,5
80,43	49,99	7,0	5,8	5,5
80,46	49,99	7,0	5,8	5,5
80,48	49,99	7,0	5,8	5,5
80,51	49,99	7,0	5,8	5,5
80,53	49,99	7,0	5,8	5,5
80,56	49,99	7,0	5,8	5,5
80,58	49,99	7,0	5,8	5,5
80,61	49,99	7,0	5,8	5,5
80,63	49,99	7,0	5,8	5,5
80,65	49,99	7,0	5,8	5,5
80,68	49,99	7,0	5,8	5,5
80,70	49,99	7,0	5,8	5,5
80,73	49,99	7,0	5,8	5,5
80,75	49,99	7,0	5,8	5,5
80,78	49,99	7,0	5,8	5,5
80,80	49,99	7,0	5,8	5,5
80,83	49,99	7,0	5,8	5,5
80,85	49,99	7,0	5,8	5,5
80,87	49,99	7,0	5,8	5,5
80,90	49,99	7,0	5,8	5,5
80,92	49,99	7,0	5,8	5,5
80,95	49,99	7,0	5,8	5,5
80,97	49,99	7,0	5,8	5,5
81,00	49,99	7,0	5,8	5,5
81,02	49,99	7,0	5,8	5,5
81,04	49,99	7,0	5,8	5,5
81,07	49,99	7,0	5,8	5,5
81,09	49,99	7,0	5,8	5,5
81,12	49,99	7,0	5,8	5,5
81,14	49,99	7,0	5,8	5,5
81,17	49,99	7,0	5,8	5,5
81,19	49,99	7,0	5,8	5,5
81,22	49,99	7,0	5,8	5,5
81,24	49,99	7,0	5,8	5,5
81,26	49,99	7,0	5,8	5,5
81,29	49,99	7,0	5,8	5,5
81,31	49,99	7,0	5,8	5,5
81,34	49,99	7,0	5,8	5,5
81,36	49,99	7,0	5,8	5,5
81,39	49,99	7,0	5,8	5,5
81,41	49,99	7,0	5,8	5,5
81,44	49,99	7,0	5,8	5,5
81,46	49,99	7,0	5,8	5,5
81,48	49,99	7,0	5,8	5,5
81,51	49,99	7,0	5,8	5,5
81,53	49,99	7,0	5,8	5,5
81,56	49,99	7,0	5,8	5,5
81,58	49,99	7,0	5,8	5,5
81,61	49,99	7,0	5,8	5,5
81,63	49,99	7,0	5,8	5,5
81,66	49,99	7,0	5,8	5,5
81,68	49,99	7,0	5,8	5,5
81,70	49,99	7,0	5,8	5,5
81,73	49,99	7,0	5,8	5,5
81,75	49,99	7,0	5,8	5,5
81,78	49,99	7,0	5,8	5,5
81,80	49,99	7,0	5,8	5,5
81,83	49,99	7,0	5,8	5,5
81,85	49,99	7,0	5,8	5,5
81,88	49,99	7,0	5,8	5,5
81,90	49,99	7,0	5,8	5,5
81,92	49,99	7,0	5,8	5,5
81,95	49,99	7,0	5,8	5,5
81,97	49,99	7,0	5,8	5,5
82,00	49,99	7,0	5,8	5,5
82,02	49,99	7,0	5,8	5,5
82,05	49,99	7,0	5,8	5,5
82,07	49,99	7,0	5,8	5,5
82,10	49,99	7,0	5,8	5,5
82,12	49,99	7,0	5,8	5,5
82,14	49,99	7,0	5,8	5,5
82,17	49,99	7,0	5,8	5,5
82,19	49,99	7,0	5,8	5,5
82,22	49,99	7,0	5,8	5,5
82,24	49,99	7,0	5,8	5,5
82,27	49,99	7,0	5,8	5,5
82,29	49,99	7,0	5,8	5,5
82,31	49,99	7,0	5,8	5,5
82,34	49,99	7,0	5,8	5,5
82,36	49,99	7,0	5,8	5,5
82,39	49,99	7,0	5,8	5,5
82,41	49,99	7,0	5,8	5,5
82,44	49,99	7,0	5,8	5,5
82,46	49,99	7,0	5,8	5,5
82,49	49,99	7,0	5,8	5,5
82,51	49,99	7,0	5,8	5,5
82,53	49,99	7,0	5,8	5,5
82,56	49,99	7,0	5,8	5,5
82,58	49,99	7,0	5,8	5,5
82,61	49,99	7,0	5,8	5,5
82,63	49,99	7,0	5,8	5,5
82,66	49,99	7,0	5,8	5,5
82,68	49,99	7,0	5,8	5,5
82,71	49,99	7,0	5,8	5,5
82,73	49,99	7,0	5,8	5,5
82,75	49,99	7,0	5,8	5,5
82,78	49,99	7,0	5,8	5,5
82,80	49,99	7,0	5,8	5,5
82,83	49,99	7,0	5,8	5,5
82,85	49,99	7,0	5,8	5,5
82,88	49,99	7,0	5,8	5,5
82,90	49,99	7,0	5,8	5,5
82,93	49,99	7,0	5,8	5,5
82,95	49,99	7,0	5,8	5,5
82,97	49,99	7,0	5,8	5,5
83,00	49,99	7,0	5,8	5,5
83,02	49,99	7,0	5,8	5,5
83,05	49,99	7,0	5,8	5,5
83,07	49,99	7,0	5,8	5,5
83,10	49,99	7,0	5,8	5,5
83,12	49,99	7,0	5,8	5,5
83,15	49,99	7,0	5,8	5,5
83,17	49,99	7,0	5,8	5,5
83,19	49,99	7,0	5,8	5,5
83,22	49,99	7,0	5,8	5,5
83,24	49,99	7,0	5,8	5,5
83,27	49,99	7,0	5,8	5,5
83,29	49,99	7,0	5,8	5,5
83,32	49,99	7,0	5,8	5,5
83,34	49,99	7,0	5,8	5,5
83,36	49,99	7,0	5,8	5,5
83,39	49,99	7,0	5,8	5,5
83,41	49,99	7,0	5,8	5,5
83,44	49,99	7,0	5,8	5,5
83,46	49,99	7,0	5,8	5,5
83,49	49,99	7,0	5,8	5,5
83,51	49,99	7,0	5,8	5,5
83,54	49,99	7,0	5,8	5,5
83,56	49,99	7,0	5,8	5,5
83,58	49,99	7,0	5,8	5,5
83,61	49,99	7,0	5,8	5,5
83,63	49,99	7,0	5,8	5,5
83,66	49,99	7,0	5,8	5,5
83,68	49,99	7,0	5,8	5,5
83,71	49,99	7,0	5,8	5,5
83,73	49,99	7,0	5,8	5,5
83,76	49,99	7,0	5,8	5,5
83,78	49,99	7,0	5,8	5,5
83,80	49,99	7,0	5,8	5,5
83,83	49,99	7,0	5,8	5,5
83,85	49,99	7,0	5,8	5,5
83,88	49,99	7,0	5,8	5,5
83,90	49,99	7,0	5,8	5,5
83,93	49,99	7,0	5,8	5,5
83,95	49,99	7,0	5,8	5,5
83,98	49,99	7,0	5,8	5,5
84,00	49,99	7,0	5,8	5,5
84,02	49,99	7,0	5,8	5,5
84,05	49,99	7,0	5,8	5,5
84,07	49,99	7,0	5,8	5,5
84,10	49,99	7,0	5,8	5,5
84,12	49,99	7,0	5,8	5,5
84,15	49,99	7,0	5,8	5,5
84,17	49,99	7,0	5,8	5,5
84,20	49,99	7,0	5,8	5,5
84,22	49,99	7,0	5,8	5,5
84,24	49,99	7,0	5,8	5,5
84,27	49,99	7,0	5,8	5,5
84,29	49,99	7,0	5,8	5,5
84,32	49,99	7,0	5,8	5,5
84,34	49,99	7,0	5,8	5,5
84,37	49,99	7,0	5,8	5,5
84,39	49,99	7,0	5,8	5,5
84,41	49,99	7,0	5,8	5,5
84,44	49,99	7,0	5,8	5,5
84,46	49,99	7,0	5,8	5,5
84,49	49,99	7,0	5,8	5,5
84,51	49,99	7,0	5,8	5,5
84,54	49,99	7,0	5,8	5,5
84,56	49,99	7,0	5,8	5,5
84,59	49,99	7,0	5,8	5,5
84,61	49,99	7,0	5,8	5,5
84,63	49,99	7,0	5,8	5,5
84,66	49,99	7,0	5,8	5,5
84,68	49,99	7,0	5,8	5,5
84,71	49,99	7,0	5,8	5,5
84,73	49,99	7,0	5,8	5,5
84,76	49,99	7,0	5,8	5,5
84,78	49,99	7,0	5,8	5,5
84,81	49,99	7,0	5,8	5,5
84,83	49,99	7,0	5,8	5,5
84,85	49,99	7,0	5,8	5,5
84,88	49,99	7,0	5,8	5,5
84,90	49,99	7,0	5,8	5,5
84,93	49,99	7,0	5,8	5,5
84,95	49,99	7,0	5,8	5,5
84,98	49,99	7,0	5,8	5,5
85,00	49,99	7,0	5,8	5,5
85,03	49,99	7,0	5,8	5,5
85,05	49,99	7,0	5,8	5,5
85,07	49,99	7,0	5,8	5,5
85,10	49,99	7,0	5,8	5,5
85,12	49,99	7,0	5,8	5,5
85,15	49,99	7,0	5,8	5,5
85,17	49,99	7,0	5,8	5,5
85,20	49,99	7,0	5,8	5,5
85,22	49,99	7,0	5,8	5,5
85,25	49,99	7,0	5,8	5,5
85,27	49,99	7,0	5,8	5,5
85,29	49,99	7,0	5,8	5,5
85,32	49,99	7,0	5,8	5,5
85,34	49,99	7,0	5,8	5,5
85,37	49,99	7,0	5,8	5,5
85,39	49,99	7,0	5,8	5,5
85,42	49,99	7,0	5,8	5,5
85,44	49,99	7,0	5,8	5,5
85,47	49,99	7,0	5,8	5,5
85,49	49,99	7,0	5,8	5,5
85,51	49,99	7,0	5,8	5,5
85,54	49,99	7,0	5,8	5,5
85,56	49,99	7,0	5,8	5,5
85,59	49,99	7,0	5,8	5,5
85,61	49,99	7,0	5,8	5,5
85,64	49,99	7,0	5,8	5,5
85,66	49,99	7,0	5,8	5,5
85,68	49,99	7,0	5,8	5,5
85,71	49,99	7,0	5,8	5,5
85,73	49,99	7,0	5,8	5,5
85,76	49,99	7,0	5,8	5,5
85,78	49,99	7,0	5,8	5,5
85,81	49,99	7,0	5,8	5,5
85,83	49,99	7,0	5,8	5,5
85,86	49,99	7,0	5,8	5,5
85,88	49,99	7,0	5,8	5,5
85,90	49,99	7,0	5,8	5,5
85,93	49,99	7,0	5,8	5,5
85,95	49,99	7,0	5,8	5,5
85,98	49,99	7,0	5,8	5,5
86,00	49,99	7,0	5,8	5,5
86,03	49,99	7,0	5,8	5,5
86,05	49,99	7,0	5,8	5,5
86,08	49,99	7,0	5,8	5,5
86,10	49,99	7,0	5,8	5,5
86,12	49,99	7,0	5,8	5,5
86,15	49,99	7,0	5,8	5,5
86,17	49,99	7,0	5,8	5,5
86,20	49,99	7,0	5,8	5,5
86,22	49,99	7,0	5,8	5,5
86,25	49,99	7,0	5,8	5,5
86,27	49,99	7,0	5,8	5,5
86,30	49,99	7,0	5,8	5,5
86,32	49,99	7,0	5,8	5,5
86,34	49,99	7,0	5,8	5,5
86,37	49,99	7,0	5,8	5,5
86,39	49,99	7,0	5,8	5,5
86,42	49,99	7,0	5,8	5,5
86,44	49,99	7,0	5,8	5,5
86,47	49,99	7,0	5,8	5,5
86,49	49,99	7,0	5,8	5,5
86,52	49,99	7,0	5,8	5,5
86,54	49,99	7,0	5,8	5,5
86,56	49,99	7,0	5,8	5,5
86,59	49,99	7,0	5,8	5,5
86,61	49,99	7,0	5,8	5,5
86,64	49,99	7,0	5,8	5,5
86,66	49,99	7,0	5,8	5,5
86,69	49,99	7,0	5,8	5,5
86,71	49,99	7,0	5,8	5,5
86,73	49,99	7,0	5,8	5,5
86,76	49,99	7,0	5,8	5,5
86,78	49,99	7,0	5,8	5,5
86,81	49,99	7,0	5,8	5,5
86,83	49,99	7,0	5,8	5,5
86,86	49,99	7,0	5,8	5,5
86,88	49,99	7,0	5,8	5,5
86,91	49,99	7,0	5,8	5,5
86,93	49,99	7,0	5,8	5,5
86,95	49,99	7,0	5,8	5,5
86,98	49,99	7,0	5,8	5,5
87,00	49,99	7,0	5,8	5,5
87,03	49,99	7,0	5,8	5,5
87,05	49,99	7,0	5,8	5,5
87,08	49,99	7,0	5,8	5,5
87,10	49,99	7,0	5,8	5,5
87,13	49,99	7,0	5,8	5,5
87,15	49,99	7,0	5,8	5,5
87,17	49,99	7,0	5,8	5,5
87,20	49,99	7,0	5,8	5,5
87,22	49,99	7,0	5,8	5,5
87,25	49,99	7,0	5,8	5,5
87,27	49,99	7,0	5,8	5,5
87,30	49,99	7,0	5,8	5,5
87,32	49,99	7,0	5,8	5,5
87,35	49,99	7,0	5,8	5,5
87,37	49,99	7,0	5,8	5,5
87,39	49,99	7,0	5,8	5,5
87,42	49,99	7,0	5,8	5,5
87,44	49,99	7,0	5,8	5,5
87,47	49,99	7,0	5,8	5,5
87,49	49,99	7,0	5,8	5,5
87,52	49,99	7,0	5,8	5,5
87,54	49,99	7,0	5,8	5,5
87,57	49,99	7,0	5,8	5,5
87,59	49,99	7,0	5,8	5,5
87,61	49,99	7,0	5,8	5,5
87,64	49,99	7,0	5,8	5,5
87,66	49,99	7,0	5,8	5,5
87,69	49,99	7,0	5,8	5,5
87,71	49,99	7,0	5,8	5,5
87,74	49,99	7,0	5,8	5,5
87,76	49,99	7,0	5,8	5,5
87,78	49,99	7,0	5,8	5,5
87,81	49,99	7,0	5,8	5,5
87,83	49,99	7,0	5,8	5,5
87,86	49,99	7,0	5,8	5,5
87,88	49,99	7,0	5,8	5,5
87,91	49,99	7,0	5,8	5,5
87,93	49,99	7,0	5,8	5,5
87,96	49,99	7,0	5,8	5,5
87,98	49,99	7,0	5,8	5,5
88,00	49,99	7,0	5,8	5,5
88,03	49,99	7,0	5,8	5,5
88,05	49,99	7,0	5,8	5,5
88,08	49,99	7,0	5,8	5,5
88,10	49,99	7,0	5,8	5,5
88,13	49,99	7,0	5,8	5,5
88,15	49,99	7,0	5,8	5,5
88,18	49,99	7,0	5,8	5,5
88,20	49,99	7,0	5,8	5,5
88,22	49,99	7,0	5,8	5,5
88,25	49,99	7,0	5,8	5,5
88,27	49,99	7,0	5,8	5,5
88,30	49,99	7,0	5,8	5,5
88,32	49,99	7,0	5,8	5,5
88,35	49,99	7,0	5,8	5,5
88,37	49,99	7,0	5,8	5,5
88,40	49,99	7,0	5,8	5,5
88,42	49,99	7,0	5,8	5,5
88,44	49,99	7,0	5,8	5,5
88,47	49,99	7,0	5,8	5,5
88,49	49,99	7,0	5,8	5,5
88,52	49,99	7,0	5,8	5,5
88,54	49,99	7,0	5,8	5,5
88,57	49,99	7,0	5,8	5,5
88,59	49,99	7,0	5,8	5,5
88,62	49,99	7,0	5,8	5,5
88,64	49,99	7,0	5,8	5,5
88,66	49,99	7,0	5,8	5,5
88,69	49,99	7,0	5,8	5,5
88,71	49,99	7,0	5,8	5,5
88,74	49,99	7,0	5,8	5,5
88,76	49,99	7,0	5,8	5,5
88,79	49,99	7,0	5,8	5,5
88,81	49,99	7,0	5,8	5,5
88,83	49,99	7,0	5,8	5,5
88,86	49,99	7,0	5,8	5,5
88,88	49,99	7,0	5,8	5,5
88,91	49,99	7,0	5,8	5,5
88,93	49,99	7,0	5,8	5,5
88,96	49,99	7,0	5,8	5,5
88,98	49,99	7,0	5,8	5,5
89,01	49,99	7,0	5,8	5,5
89,03	49,99	7,0	5,8	5,5
89,05	49,99	7,0	5,8	5,5
89,08	49,99	7,0	5,8	5,5
89,10	49,99	7,0	5,8	5,5
89,13	49,99	7,0	5,8	5,5
89,15	49,99	7,0	5,8	5,5
89,18	49,99	7,0	5,8	5,5
89,20	49,99	7,0	5,8	5,5
89,23	49,99	7,0	5,8	5,5
89,25	49,99	7,0	5,8	5,5
89,27	49,99	7,0	5,8	5,5
89,30	49,99	7,0	5,8	5,5
89,32	49,99	7,0	5,8	5,5
89,35	49,99	7,0	5,8	5,5
89,37	49,99	7,0	5,8	5,5
89,40	49,99	7,0	5,8	5,5
89,42	49,99	7,0	5,8	5,5
89,45	49,99	7,0	5,8	5,5
89,47	49,99	7,0	5,8	5,5
89,49	49,99	7,0	5,8	5,5
89,52	49,99	7,0	5,8	5,5
89,54	49,99	7,0	5,8	5,5
89,57	49,99	7,0	5,8	5,5
89,59	49,99	7,0	5,8	5,5
89,62	49,99	7,0	5,8	5,5
89,64	49,99	7,0	5,8	5,5
89,67	49,99	7,0	5,8	5,5
89,69	49,99	7,0	5,8	5,5
89,71	49,99	7,0	5,8	5,5
89,74	49,99	7,0	5,8	5,5
89,76	49,99	7,0	5,8	5,5
89,79	49,99	7,0	5,8	5,5
89,81	49,99	7,0	5,8	5,5
89,84	49,99	7,0	5,8	5,5
89,86	49,99	7,0	5,8	5,5
89,89	49,99	7,0	5,8	5,5
89,91	49,99	7,0	5,8	5,5
89,93	49,99	7,0	5,8	5,5
89,96	49,99	7,0	5,8	5,5
89,98	49,99	7,0	5,8	5,5
90,01	49,99	7,0	5,8	5,5
90,03	49,99	7,0	5,8	5,5
90,06	49,99	7,0	5,8	5,5
90,08	49,99	7,0	5,8	5,5
90,10	49,99	7,0	5,8	5,5
90,13	49,99	7,0	5,8	5,5
90,15	49,99	7,0	5,8	5,5
90,18	49,99	7,0	5,8	5,5
90,20	49,99	7,0	5,8	5,5
90,23	49,99	7,0	5,8	5,5
90,25	49,99	7,0	5,8	5,5
90,28	49,99	7,0	5,8	5,5
90,30	49,99	7,0	5,8	5,5
90,32	49,99	7,0	5,8	5,5
90,35	49,99	7,0	5,8	5,5
90,37	49,99	7,0	5,8	5,5
90,40	49,99	7,0	5,8	5,5
90,42	49,99	7,0	5,8	5,5
90,45	49,99	7,0	5,8	5,5
90,47	49,99	7,0	5,8	5,5
90,50	49,99	7,0	5,8	5,5
90,52	49,99	7,0	5,8	5,5
90,54	49,99	7,0	5,8	5,5
90,57	49,99	7,0	5,8	5,5
90,59	49,99	7,0	5,8	5,5
90,62	49,99	7,0	5,8	5,5
90,64	49,99	7,0	5,8	5,5
90,67	49,99	7,0	5,8	5,5
90,69	49,99	7,0	5,8	5,5
90,72	49,99	7,0	5,8	5,5
90,74	49,99	7,0	5,8	5,5
90,76	49,99	7,0	5,8	5,5
90,79	49,99	7,0	5,8	5,5
90,81	49,99	7,0	5,8	5,5
90,84	49,99	7,0	5,8	5,5
90,86	49,99	7,0	5,8	5,5
90,89	49,99	7,0	5,8	5,5
90,91	49,99	7,0	5,8	5,5
90,94	49,99	7,0	5,8	5,5
90,96	49,99	7,0	5,8	5,5
90,98	49,99	7,0	5,8	5,5
91,01	49,99	7,0	5,8	5,5
91,03	49,99	7,0	5,8	5,5
91,06	49,99	7,0	5,8	5,5
91,08	49,99	7,0	5,8	5,5
91,11	49,99	7,0	5,8	5,5
91,13	49,99	7,0	5,8	5,5
91,15	49,99	7,0	5,8	5,5
91,18	49,99	7,0	5,8	5,5
91,20	49,99	7,0	5,8	5,5
91,23	49,99	7,0	5,8	5,5
91,25	49,99	7,0	5,8	5,5
91,28	49,99	7,0	5,8	5,5
91,30	49,99	7,0	5,8	5,5
91,33	49,99	7,0	5,8	5,5
91,35	49,99	7,0	5,8	5,5
91,37	49,99	7,0	5,8	5,5
91,40	49,99	7,0	5,8	5,5
91,42	49,99	7,0	5,8	5,5
91,45	49,99	7,0	5,8	5,5
91,47	49,99	7,0	5,8	5,5
91,50	49,99	7,0	5,8	5,5
91,52	49,99	7,0	5,8	5,5
91,55	49,99	7,0	5,8	5,5
91,57	49,99	7,0	5,8	5,5
91,59	49,99	7,0	5,8	5,5
91,62	49,99	7,0	5,8	5,5
91,64	49,99	7,0	5,8	5,5
91,67	49,99	7,0	5,8	5,5
91,69	49,99	7,0	5,8	5,5
91,72	49,99	7,0	5,8	5,5
91,74	49,99	7,0	5,8	5,5
91,77	49,99	7,0	5,8	5,5
91,79	49,99	7,0	5,8	5,5
91,81	49,99	7,0	5,8	5,5
91,84	49,99	7,0	5,8	5,5
91,86	49,99	7,0	5,8	5,5
91,89	49,99	7,0	5,8	5,5
91,91	49,99	7,0	5,8	5,5
91,94	49,99	7,0	5,8	5,5
91,96	49,99	7,0	5,8	5,5
91,99	49,99	7,0	5,8	5,5
92,01	49,99	7,0	5,8	5,5
92,03	49,99	7,0	5,8	5,5
92,06	49,99	7,0	5,8	5,5
92,08	49,99	7,0	5,8	5,5
92,11	49,99	7,0	5,8	5,5
92,13	49,99	7,0	5,8	5,5
92,16	49,99	7,0	5,8	5,5
92,18	49,99	7,0	5,8	5,5
92,20	49,99	7,0	5,8	5,5
92,23	49,99	7,0	5,8	5,5
92,25	49,99	7,0	5,8	5,5
92,28	49,99	7,0	5,8	5,5
92,30	49,99	7,0	5,8	5,5
92,33	49,99	7,0	5,8	5,5
92,35	49,99	7,0	5,8	5,5
92,38	49,99	7,0	5,8	5,5
92,40	49,99	7,0	5,8	5,5
92,42	49,99	7,0	5,8	5,5
92,45	49,99	7,0	5,8	5,5
92,47	49,99	7,0	5,8	5,5
92,50	49,99	7,0	5,8	5,5
92,52	49,99	7,0	5,8	5,5
92,55	49,99	7,0	5,8	5,5
92,57	49,99	7,0	5,8	5,5
92,60	49,99	7,0	5,8	5,5
92,62	49,99	7,0	5,8	5,5
92,64	49,99	7,0	5,8	5,5
92,67	49,99	7,0	5,8	5,5
92,69	49,99	7,0	5,8	5,5
92,72	49,99	7,0	5,8	5,5
92,74	49,99	7,0	5,8	5,5
92,77	49,99	7,0	5,8	5,5
92,79	49,99	7,0	5,8	5,5
92,82	49,99	7,0	5,8	5,5
92,84	49,99	7,0	5,8	5,5
92,86	49,99	7,0	5,8	5,5
92,89	49,99	7,0	5,8	5,5
92,91	49,99	7,0	5,8	5,5
92,94	49,99	7,0	5,8	5,5
92,96	49,99	7,0	5,8	5,5
92,99	49,99	7,0	5,8	5,5
93,01	49,99	7,0	5,8	5,5
93,04	49,99	7,0	5,8	5,5
93,06	49,99	7,0	5,8	5,5
93,08	49,99	7,0	5,8	5,5
93,11	49,99	7,0	5,8	5,5
93,13	49,99	7,0	5,8	5,5
93,16	49,99	7,0	5,8	5,5
93,18	49,99	7,0	5,8	5,5
93,21	49,99	7,0	5,8	5,5
93,23	49,99	7,0	5,8	5,5
93,25	49,99	7,0	5,8	5,5
93,28	49,99	7,0	5,8	5,5
93,30	49,99	7,0	5,8	5,5
93,33	49,99	7,0	5,8	5,5
93,35	49,99	7,0	5,8	5,5
93,38	49,99	7,0	5,8	5,5
93,40	49,99	7,0	5,8	5,5
93,43	49,99	7,0	5,8	5,5
93,45	49,99	7,0	5,8	5,5
93,47	49,99	7,0	5,8	5,5
93,50	49,99	7,0	5,8	5,5
93,52	49,99	7,0	5,8	5,5
93,55	49,99	7,0	5,8	5,5
93,57	49,99	7,0	5,8	5,5
93,60	49,99	7,0	5,8	5,5
93,62	49,99	7,0	5,8	5,5
93,65	49,99	7,0	5,8	5,5
93,67	49,99	7,0	5,8	5,5
93,69	49,99	7,0	5,8	5,5
93,72	49,99	7,0	5,8	5,5
93,74	49,99	7,0	5,8	5,5
93,77	49,99	7,0	5,8	5,5
93,79	49,99	7,0	5,8	5,5
93,82	49,99	7,0	5,8	5,5
93,84	49,99	7,0	5,8	5,5
93,87	49,99	7,0	5,8	5,5
93,89	49,99	7,0	5,8	5,5
93,91	49,99	7,0	5,8	5,5
93,94	49,99	7,0	5,8	5,5
93,96	49,99	7,0	5,8	5,5
93,99	49,99	7,0	5,8	5,5
94,01	49,99	7,0	5,8	5,5
94,04	49,99	7,0	5,8	5,5
94,06	49,99	7,0	5,8	5,5
94,09	49,99	7,0	5,8	5,5
94,11	49,99	7,0	5,8	5,5
94,13	49,99	7,0	5,8	5,5
94,16	49,99	7,0	5,8	5,5
94,18	49,99	7,0	5,8	5,5
94,21	49,99	7,0	5,8	5,5
94,23	49,99	7,0	5,8	5,5
94,26	49,99	7,0	5,8	5,5
94,28	49,99	7,0	5,8	5,5
94,31	49,99	7,0	5,8	5,5
94,33	49,99	7,0	5,8	5,5
94,35	49,99	7,0	5,8	5,5
94,38	49,99	7,0	5,8	5,5
94,40	49,99	7,0	5,8	5,5
94,43	49,99	7,0	5,8	5,5
94,45	49,99	7,0	5,8	5,5
94,48	49,99	7,0	5,8	5,5
94,50	49,99	7,0	5,8	5,5
94,52	49,99	7,0	5,8	5,5
94,55	49,99	7,0	5,8	5,5
94,57	49,99	7,0	5,8	5,5
94,60	49,99	7,0	5,8	5,5
94,62	49,99	7,0	5,8	5,5
94,65	49,99	7,0	5,8	5,5
94,67	49,99	7,0	5,8	5,5
94,70	49,99	7,0	5,8	5,5
94,72	49,99	7,0	5,8	5,5
94,74	49,99	7,0	5,8	5,5
94,77	49,99	7,0	5,8	5,5
94,79	49,99	7,0	5,8	5,5
94,82	49,99	7,0	5,8	5,5
94,84	49,99	7,0	5,8	5,5
94,87	49,99	7,0	5,8	5,5
94,89	49,99	7,0	5,8	5,5
94,92	49,99	7,0	5,8	5,5
94,94	49,99	7,0	5,8	5,5
94,96	49,99	7,0	5,8	5,5
94,99	49,99	7,0	5,8	5,5
95,01	49,99	7,0	5,8	5,5
95,04	49,99	7,0	5,8	5,5
95,06	49,99	7,0	5,8	5,5
95,09	49,99	7,0	5,8	5,5
95,11	49,99	7,0	5,8	5,5
95,14	49,99	7,0	5,8	5,5
95,16	49,99	7,0	5,8	5,5
95,18	49,99	7,0	5,8	5,5
95,21	49,99	7,0	5,8	5,5
95,23	49,99	7,0	5,8	5,5
95,26	49,99	7,0	5,8	5,5
95,28	49,99	7,0	5,8	5,5
95,31	49,99	7,0	5,8	5,5
95,33	49,99	7,0	5,8	5,5
95,36	49,99	7,0	5,8	5,5
95,38	49,99	7,0	5,8	5,5
95,40	49,99	7,0	5,8	5,5
95,43	49,99	7,0	5,8	5,5
95,45	49,99	7,0	5,8	5,5
95,48	49,99	7,0	5,8	5,5
95,50	49,99	7,0	5,8	5,5
95,53	49,99	7,0	5,8	5,5
95,55	49,99	7,0	5,8	5,5
95,57	49,99	7,0	5,8	5,5
95,60	49,99	7,0	5,8	5,5
95,62	49,99	7,0	5,8	5,5
95,65	49,99	7,0	5,8	5,5
95,67	49,99	7,0	5,8	5,5
95,70	49,99	7,0	5,8	5,5
95,72	49,99	7,0	5,8	5,5
95,75	49,99	7,0	5,8	5,5
95,77	49,99	7,0	5,8	5,5
95,79	49,99	7,0	5,8	5,5
95,82	49,99	7,0	5,8	5,5
95,84	49,99	7,0	5,8	5,5
95,87	49,99	7,0	5,8	5,5
95,89	49,99	7,0	5,8	5,5
95,92	49,99	7,0	5,8	5,5
95,94	49,99	7,0	5,8	5,5
95,97	49,99	7,0	5,8	5,5
95,99	49,99	7,0	5,8	5,5
96,01	49,99	7,0	5,8	5,5
96,04	49,99	7,0	5,8	5,5
96,06	49,99	7,0	5,8	5,5
96,09	49,99	7,0	5,8	5,5
96,11	49,99	7,0	5,8	5,5
96,14	49,99	7,0	5,8	5,5
96,16	49,99	7,0	5,8	5,5
96,19	49,99	7,0	5,8	5,5
96,21	49,99	7,0	5,8	5,5
96,23	49,99	7,0	5,8	5,5
96,26	49,99	7,0	5,8	5,5
96,28	49,99	7,0	5,8	5,5
96,31	49,99	7,0	5,8	5,5
96,33	49,99	7,0	5,8	5,5
96,36	49,99	7,0	5,8	5,5
96,38	49,99	7,0	5,8	5,5
96,41	49,99	7,0	5,8	5,5
96,43	49,99	7,0	5,8	5,5
96,45	49,99	7,0	5,8	5,5
96,48	49,99	7,0	5,8	5,5
96,50	49,99	7,0	5,8	5,5
96,53	49,99	7,0	5,8	5,5
96,55	49,99	7,0	5,8	5,5
96,58	49,99	7,0	5,8	5,5
96,60	49,99	7,0	5,8	5,5
96,62	49,99	7,0	5,8	5,5
96,65	49,99	7,0	5,8	5,5
96,67	49,99	7,0	5,8	5,5
96,70	49,99	7,0	5,8	5,5
96,72	49,99	7,0	5,8	5,5
96,75	49,99	7,0	5,8	5,5
96,77	49,99	7,0	5,8	5,5
96,80	49,99	7,0	5,8	5,5
96,82	49,99	7,0	5,8	5,5
96,84	49,99	7,0	5,8	5,5
96,87	49,99	7,0	5,8	5,5
96,89	49,99	7,0	5,8	5,5
96,92	49,99	7,0	5,8	5,5
96,94	49,99	7,0	5,8	5,5
96,97	49,99	7,0	5,8	5,5
96,99	49,99	7,0	5,8	5,5
97,02	49,99	7,0	5,8	5,5
97,04	49,99	7,0	5,8	5,5
97,06	49,99	7,0	5,8	5,5
97,09	49,99	7,0	5,8	5,5
97,11	49,99	7,0	5,8	5,5
97,14	49,99	7,0	5,8	5,5
97,16	49,99	7,0	5,8	5,5
97,19	49,99	7,0	5,8	5,5
97,21	49,99	7,0	5,8	5,5
97,24	49,99	7,0	5,8	5,5
97,26	49,99	7,0	5,8	5,5
97,28	49,99	7,0	5,8	5,5
97,31	49,99	7,0	5,8	5,5
97,33	49,99	7,0	5,8	5,5
97,36	49,99	7,0	5,8	5,5
97,38	49,99	7,0	5,8	5,5
97,41	49,99	7,0	5,8	5,5
97,43	49,99	7,0	5,8	5,5
97,46	49,99	7,0	5,8	5,5
97,48	49,99	7,0	5,8	5,5
97,50	49,99	7,0	5,8	5,5
97,53	49,99	7,0	5,8	5,5
97,55	49,99	7,0	5,8	5,5
97,58	49,99	7,0	5,8	5,5
97,60	49,99	7,0	5,8	5,5
97,63	49,99	7,0	5,8	5,5
97,65	49,99	7,0	5,8	5,5
97,68	49,99	7,0	5,8	5,5
97,70	49,99	7,0	5,8	5,5
97,72	49,99	7,0	5,8	5,5
97,75	49,99	7,0	5,8	5,5
97,77	49,99	7,0	5,8	5,5
97,80	49,99	7,0	5,8	5,5
97,82	49,99	7,0	5,8	5,5
97,85	49,99	7,0	5,8	5,5
97,87	49,99	7,0	5,8	5,5
97,89	49,99	7,0	5,8	5,5
97,92	49,99	7,0	5,8	5,5
97,94	49,99	7,0	5,8	5,5
97,97	49,99	7,0	5,8	5,5
97,99	49,99	7,0	5,8	5,5
98,02	49,99	7,0	5,8	5,5
98,04	49,99	7,0	5,8	5,5
98,07	49,99	7,0	5,8	5,5
98,09	49,99	7,0	5,8	5,5
98,11	49,99	7,0	5,8	5,5
98,14	49,99	7,0	5,8	5,5
98,16	49,99	7,0	5,8	5,5
98,19	49,99	7,0	5,8	5,5
98,21	49,99	7,0	5,8	5,5
98,24	49,99	7,0	5,8	5,5
98,26	49,99	7,0	5,8	5,5
98,29	49,99	7,0	5,8	5,5
98,31	49,99	7,0	5,8	5,5
98,33	49,99	7,0	5,8	5,5
98,36	49,99	7,0	5,8	5,5
98,38	49,99	7,0	5,8	5,5
98,41	49,99	7,0	5,8	5,5
98,43	49,99	7,0	5,8	5,5
98,46	49,99	7,0	5,8	5,5
98,48	49,99	7,0	5,8	5,5
98,51	49,99	7,0	5,8	5,5
98,53	49,99	7,0	5,8	5,5
98,55	49,99	7,0	5,8	5,5
98,58	49,99	7,0	5,8	5,5
98,60	49,99	7,0	5,8	5,5
98,63	49,99	7,0	5,8	5,5
98,65	49,99	7,0	5,8	5,5
98,68	49,99	7,0	5,8	5,5
98,70	49,99	7,0	5,8	5,5
98,73	49,99	7,0	5,8	5,5
98,75	49,99	7,0	5,8	5,5
98,77	49,99	7,0	5,8	5,5
98,80	49,99	7,0	5,8	5,5
98,82	49,99	7,0	5,8	5,5
98,85	49,99	7,0	5,8	5,5
98,87	49,99	7,0	5,8	5,5
98,90	49,99	7,0	5,8	5,5
98,92	49,99	7,0	5,8	5,5
98,94	49,99	7,0	5,8	5,5
98,97	49,99	7,0	5,8	5,5
98,99	49,99	7,0	5,8	5,5
