Voltage U1	Corriente IA	Voltage U2	Voltage U3	Voltage UH
U1/V	IA/nA	U2/V	U3/V	UH/V

0,02	0,20	5,0	5,8	4,5
0,04	0,19	5,0	5,8	4,5
0,07	0,19	5,0	5,8	4,5
0,09	0,18	5,0	5,8	4,5
0,12	0,17	5,0	5,8	4,5
0,14	0,16	5,0	5,8	4,5
0,17	0,15	5,0	5,8	4,5
0,19	0,14	5,0	5,8	4,5
0,21	0,13	5,0	5,8	4,5
0,24	0,12	5,0	5,8	4,5
0,26	0,12	5,0	5,8	4,5
0,29	0,11	5,0	5,8	4,5
0,31	0,09	5,0	5,8	4,5
0,34	0,09	5,0	5,8	4,5
0,36	0,08	5,0	5,8	4,5
0,39	0,08	5,0	5,8	4,5
0,41	0,08	5,0	5,8	4,5
0,43	0,08	5,0	5,8	4,5
0,46	0,09	5,0	5,8	4,5
0,48	0,09	5,0	5,8	4,5
0,51	0,09	5,0	5,8	4,5
0,53	0,08	5,0	5,8	4,5
0,56	0,09	5,0	5,8	4,5
0,58	0,09	5,0	5,8	4,5
0,61	0,09	5,0	5,8	4,5
0,63	0,08	5,0	5,8	4,5
0,65	0,09	5,0	5,8	4,5
0,68	0,09	5,0	5,8	4,5
0,70	0,09	5,0	5,8	4,5
0,73	0,09	5,0	5,8	4,5
0,75	0,09	5,0	5,8	4,5
0,78	0,09	5,0	5,8	4,5
0,80	0,09	5,0	5,8	4,5
0,83	0,10	5,0	5,8	4,5
0,85	0,11	5,0	5,8	4,5
0,87	0,11	5,0	5,8	4,5
0,90	0,11	5,0	5,8	4,5
0,92	0,10	5,0	5,8	4,5
0,95	0,11	5,0	5,8	4,5
0,97	0,11	5,0	5,8	4,5
1,00	0,11	5,0	5,8	4,5
1,02	0,11	5,0	5,8	4,5
1,05	0,12	5,0	5,8	4,5
1,07	0,12	5,0	5,8	4,5
1,09	0,12	5,0	5,8	4,5
1,12	0,12	5,0	5,8	4,5
1,14	0,12	5,0	5,8	4,5
1,17	0,12	5,0	5,8	4,5
1,19	0,12	5,0	5,8	4,5
1,22	0,12	5,0	5,8	4,5
1,24	0,12	5,0	5,8	4,5
1,26	0,13	5,0	5,8	4,5
1,29	0,12	5,0	5,8	4,5
1,31	0,12	5,0	5,8	4,5
1,34	0,13	5,0	5,8	4,5
1,36	0,13	5,0	5,8	4,5
1,39	0,12	5,0	5,8	4,5
1,41	0,12	5,0	5,8	4,5
1,44	0,13	5,0	5,8	4,5
1,46	0,13	5,0	5,8	4,5
1,48	0,12	5,0	5,8	4,5
1,51	0,12	5,0	5,8	4,5
1,53	0,13	5,0	5,8	4,5
1,56	0,13	5,0	5,8	4,5
1,58	0,12	5,0	5,8	4,5
1,61	0,12	5,0	5,8	4,5
1,63	0,12	5,0	5,8	4,5
1,66	0,12	5,0	5,8	4,5
1,68	0,11	5,0	5,8	4,5
1,70	0,11	5,0	5,8	4,5
1,73	0,12	5,0	5,8	4,5
1,75	0,12	5,0	5,8	4,5
1,78	0,11	5,0	5,8	4,5
1,80	0,12	5,0	5,8	4,5
1,83	0,12	5,0	5,8	4,5
1,85	0,12	5,0	5,8	4,5
1,88	0,11	5,0	5,8	4,5
1,90	0,12	5,0	5,8	4,5
1,92	0,12	5,0	5,8	4,5
1,95	0,12	5,0	5,8	4,5
1,97	0,11	5,0	5,8	4,5
2,00	0,12	5,0	5,8	4,5
2,02	0,12	5,0	5,8	4,5
2,05	0,12	5,0	5,8	4,5
2,07	0,11	5,0	5,8	4,5
2,10	0,11	5,0	5,8	4,5
2,12	0,12	5,0	5,8	4,5
2,14	0,12	5,0	5,8	4,5
2,17	0,12	5,0	5,8	4,5
2,19	0,11	5,0	5,8	4,5
2,22	0,11	5,0	5,8	4,5
2,24	0,12	5,0	5,8	4,5
2,27	0,12	5,0	5,8	4,5
2,29	0,11	5,0	5,8	4,5
2,31	0,11	5,0	5,8	4,5
2,34	0,12	5,0	5,8	4,5
2,36	0,12	5,0	5,8	4,5
2,39	0,12	5,0	5,8	4,5
2,41	0,12	5,0	5,8	4,5
2,44	0,13	5,0	5,8	4,5
2,46	0,13	5,0	5,8	4,5
2,49	0,12	5,0	5,8	4,5
2,51	0,12	5,0	5,8	4,5
2,53	0,13	5,0	5,8	4,5
2,56	0,13	5,0	5,8	4,5
2,58	0,13	5,0	5,8	4,5
2,61	0,13	5,0	5,8	4,5
2,63	0,14	5,0	5,8	4,5
2,66	0,14	5,0	5,8	4,5
2,68	0,14	5,0	5,8	4,5
2,71	0,14	5,0	5,8	4,5
2,73	0,15	5,0	5,8	4,5
2,75	0,15	5,0	5,8	4,5
2,78	0,15	5,0	5,8	4,5
2,80	0,15	5,0	5,8	4,5
2,83	0,15	5,0	5,8	4,5
2,85	0,16	5,0	5,8	4,5
2,88	0,15	5,0	5,8	4,5
2,90	0,15	5,0	5,8	4,5
2,93	0,15	5,0	5,8	4,5
2,95	0,16	5,0	5,8	4,5
2,97	0,16	5,0	5,8	4,5
3,00	0,15	5,0	5,8	4,5
3,02	0,15	5,0	5,8	4,5
3,05	0,16	5,0	5,8	4,5
3,07	0,16	5,0	5,8	4,5
3,10	0,15	5,0	5,8	4,5
3,12	0,15	5,0	5,8	4,5
3,15	0,16	5,0	5,8	4,5
3,17	0,16	5,0	5,8	4,5
3,19	0,15	5,0	5,8	4,5
3,22	0,15	5,0	5,8	4,5
3,24	0,16	5,0	5,8	4,5
3,27	0,16	5,0	5,8	4,5
3,29	0,15	5,0	5,8	4,5
3,32	0,15	5,0	5,8	4,5
3,34	0,16	5,0	5,8	4,5
3,36	0,16	5,0	5,8	4,5
3,39	0,14	5,0	5,8	4,5
3,41	0,15	5,0	5,8	4,5
3,44	0,15	5,0	5,8	4,5
3,46	0,15	5,0	5,8	4,5
3,49	0,14	5,0	5,8	4,5
3,51	0,15	5,0	5,8	4,5
3,54	0,16	5,0	5,8	4,5
3,56	0,16	5,0	5,8	4,5
3,58	0,15	5,0	5,8	4,5
3,61	0,15	5,0	5,8	4,5
3,63	0,15	5,0	5,8	4,5
3,66	0,15	5,0	5,8	4,5
3,68	0,15	5,0	5,8	4,5
3,71	0,15	5,0	5,8	4,5
3,73	0,15	5,0	5,8	4,5
3,76	0,15	5,0	5,8	4,5
3,78	0,14	5,0	5,8	4,5
3,80	0,15	5,0	5,8	4,5
3,83	0,15	5,0	5,8	4,5
3,85	0,15	5,0	5,8	4,5
3,88	0,15	5,0	5,8	4,5
3,90	0,15	5,0	5,8	4,5
3,93	0,15	5,0	5,8	4,5
3,95	0,15	5,0	5,8	4,5
3,98	0,15	5,0	5,8	4,5
4,00	0,16	5,0	5,8	4,5
4,02	0,16	5,0	5,8	4,5
4,05	0,15	5,0	5,8	4,5
4,07	0,15	5,0	5,8	4,5
4,10	0,16	5,0	5,8	4,5
4,12	0,16	5,0	5,8	4,5
4,15	0,15	5,0	5,8	4,5
4,17	0,15	5,0	5,8	4,5
4,20	0,16	5,0	5,8	4,5
4,22	0,16	5,0	5,8	4,5
4,24	0,15	5,0	5,8	4,5
4,27	0,16	5,0	5,8	4,5
4,29	0,16	5,0	5,8	4,5
4,32	0,16	5,0	5,8	4,5
4,34	0,16	5,0	5,8	4,5
4,37	0,16	5,0	5,8	4,5
4,39	0,17	5,0	5,8	4,5
4,42	0,17	5,0	5,8	4,5
4,44	0,16	5,0	5,8	4,5
4,46	0,17	5,0	5,8	4,5
4,49	0,18	5,0	5,8	4,5
4,51	0,18	5,0	5,8	4,5
4,54	0,17	5,0	5,8	4,5
4,56	0,17	5,0	5,8	4,5
4,59	0,17	5,0	5,8	4,5
4,61	0,17	5,0	5,8	4,5
4,63	0,18	5,0	5,8	4,5
4,66	0,17	5,0	5,8	4,5
4,68	0,17	5,0	5,8	4,5
4,71	0,17	5,0	5,8	4,5
4,73	0,18	5,0	5,8	4,5
4,76	0,17	5,0	5,8	4,5
4,78	0,17	5,0	5,8	4,5
4,81	0,17	5,0	5,8	4,5
4,83	0,17	5,0	5,8	4,5
4,85	0,17	5,0	5,8	4,5
4,88	0,17	5,0	5,8	4,5
4,90	0,17	5,0	5,8	4,5
4,93	0,17	5,0	5,8	4,5
4,95	0,16	5,0	5,8	4,5
4,98	0,17	5,0	5,8	4,5
5,00	0,17	5,0	5,8	4,5
5,03	0,17	5,0	5,8	4,5
5,05	0,17	5,0	5,8	4,5
5,07	0,17	5,0	5,8	4,5
5,10	0,17	5,0	5,8	4,5
5,12	0,17	5,0	5,8	4,5
5,15	0,17	5,0	5,8	4,5
5,17	0,17	5,0	5,8	4,5
5,20	0,17	5,0	5,8	4,5
5,22	0,17	5,0	5,8	4,5
5,25	0,17	5,0	5,8	4,5
5,27	0,17	5,0	5,8	4,5
5,29	0,16	5,0	5,8	4,5
5,32	0,16	5,0	5,8	4,5
5,34	0,17	5,0	5,8	4,5
5,37	0,17	5,0	5,8	4,5
5,39	0,16	5,0	5,8	4,5
5,42	0,17	5,0	5,8	4,5
5,44	0,17	5,0	5,8	4,5
5,47	0,17	5,0	5,8	4,5
5,49	0,17	5,0	5,8	4,5
5,51	0,17	5,0	5,8	4,5
5,54	0,17	5,0	5,8	4,5
5,56	0,17	5,0	5,8	4,5
5,59	0,17	5,0	5,8	4,5
5,61	0,17	5,0	5,8	4,5
5,64	0,17	5,0	5,8	4,5
5,66	0,17	5,0	5,8	4,5
5,68	0,17	5,0	5,8	4,5
5,71	0,18	5,0	5,8	4,5
5,73	0,18	5,0	5,8	4,5
5,76	0,17	5,0	5,8	4,5
5,78	0,17	5,0	5,8	4,5
5,81	0,18	5,0	5,8	4,5
5,83	0,18	5,0	5,8	4,5
5,86	0,17	5,0	5,8	4,5
5,88	0,17	5,0	5,8	4,5
5,90	0,18	5,0	5,8	4,5
5,93	0,18	5,0	5,8	4,5
5,95	0,17	5,0	5,8	4,5
5,98	0,18	5,0	5,8	4,5
6,00	0,19	5,0	5,8	4,5
6,03	0,19	5,0	5,8	4,5
6,05	0,18	5,0	5,8	4,5
6,08	0,18	5,0	5,8	4,5
6,10	0,19	5,0	5,8	4,5
6,12	0,19	5,0	5,8	4,5
6,15	0,18	5,0	5,8	4,5
6,17	0,18	5,0	5,8	4,5
6,20	0,19	5,0	5,8	4,5
6,22	0,19	5,0	5,8	4,5
6,25	0,18	5,0	5,8	4,5
6,27	0,18	5,0	5,8	4,5
6,30	0,19	5,0	5,8	4,5
6,32	0,19	5,0	5,8	4,5
6,34	0,18	5,0	5,8	4,5
6,37	0,19	5,0	5,8	4,5
6,39	0,20	5,0	5,8	4,5
6,42	0,20	5,0	5,8	4,5
6,44	0,19	5,0	5,8	4,5
6,47	0,19	5,0	5,8	4,5
6,49	0,20	5,0	5,8	4,5
6,52	0,19	5,0	5,8	4,5
6,54	0,18	5,0	5,8	4,5
6,56	0,18	5,0	5,8	4,5
6,59	0,19	5,0	5,8	4,5
6,61	0,19	5,0	5,8	4,5
6,64	0,18	5,0	5,8	4,5
6,66	0,19	5,0	5,8	4,5
6,69	0,19	5,0	5,8	4,5
6,71	0,19	5,0	5,8	4,5
6,73	0,18	5,0	5,8	4,5
6,76	0,19	5,0	5,8	4,5
6,78	0,19	5,0	5,8	4,5
6,81	0,19	5,0	5,8	4,5
6,83	0,18	5,0	5,8	4,5
6,86	0,19	5,0	5,8	4,5
6,88	0,20	5,0	5,8	4,5
6,91	0,20	5,0	5,8	4,5
6,93	0,19	5,0	5,8	4,5
6,95	0,20	5,0	5,8	4,5
6,98	0,20	5,0	5,8	4,5
7,00	0,20	5,0	5,8	4,5
7,03	0,19	5,0	5,8	4,5
7,05	0,19	5,0	5,8	4,5
7,08	0,19	5,0	5,8	4,5
7,10	0,20	5,0	5,8	4,5
7,13	0,20	5,0	5,8	4,5
7,15	0,19	5,0	5,8	4,5
7,17	0,19	5,0	5,8	4,5
7,20	0,20	5,0	5,8	4,5
7,22	0,19	5,0	5,8	4,5
7,25	0,19	5,0	5,8	4,5
7,27	0,19	5,0	5,8	4,5
7,30	0,20	5,0	5,8	4,5
7,32	0,19	5,0	5,8	4,5
7,35	0,19	5,0	5,8	4,5
7,37	0,19	5,0	5,8	4,5
7,39	0,19	5,0	5,8	4,5
7,42	0,19	5,0	5,8	4,5
7,44	0,19	5,0	5,8	4,5
7,47	0,19	5,0	5,8	4,5
7,49	0,19	5,0	5,8	4,5
7,52	0,19	5,0	5,8	4,5
7,54	0,19	5,0	5,8	4,5
7,57	0,19	5,0	5,8	4,5
7,59	0,20	5,0	5,8	4,5
7,61	0,20	5,0	5,8	4,5
7,64	0,19	5,0	5,8	4,5
7,66	0,19	5,0	5,8	4,5
7,69	0,19	5,0	5,8	4,5
7,71	0,20	5,0	5,8	4,5
7,74	0,20	5,0	5,8	4,5
7,76	0,19	5,0	5,8	4,5
7,78	0,19	5,0	5,8	4,5
7,81	0,20	5,0	5,8	4,5
7,83	0,20	5,0	5,8	4,5
7,86	0,19	5,0	5,8	4,5
7,88	0,19	5,0	5,8	4,5
7,91	0,20	5,0	5,8	4,5
7,93	0,20	5,0	5,8	4,5
7,96	0,20	5,0	5,8	4,5
7,98	0,20	5,0	5,8	4,5
8,00	0,21	5,0	5,8	4,5
8,03	0,21	5,0	5,8	4,5
8,05	0,20	5,0	5,8	4,5
8,08	0,20	5,0	5,8	4,5
8,10	0,21	5,0	5,8	4,5
8,13	0,21	5,0	5,8	4,5
8,15	0,20	5,0	5,8	4,5
8,18	0,20	5,0	5,8	4,5
8,20	0,21	5,0	5,8	4,5
8,22	0,21	5,0	5,8	4,5
8,25	0,20	5,0	5,8	4,5
8,27	0,21	5,0	5,8	4,5
8,30	0,22	5,0	5,8	4,5
8,32	0,22	5,0	5,8	4,5
8,35	0,21	5,0	5,8	4,5
8,37	0,21	5,0	5,8	4,5
8,40	0,22	5,0	5,8	4,5
8,42	0,21	5,0	5,8	4,5
8,44	0,20	5,0	5,8	4,5
8,47	0,21	5,0	5,8	4,5
8,49	0,22	5,0	5,8	4,5
8,52	0,21	5,0	5,8	4,5
8,54	0,21	5,0	5,8	4,5
8,57	0,21	5,0	5,8	4,5
8,59	0,22	5,0	5,8	4,5
8,62	0,21	5,0	5,8	4,5
8,64	0,20	5,0	5,8	4,5
8,66	0,21	5,0	5,8	4,5
8,69	0,21	5,0	5,8	4,5
8,71	0,21	5,0	5,8	4,5
8,74	0,20	5,0	5,8	4,5
8,76	0,21	5,0	5,8	4,5
8,79	0,22	5,0	5,8	4,5
8,81	0,21	5,0	5,8	4,5
8,84	0,20	5,0	5,8	4,5
8,86	0,21	5,0	5,8	4,5
8,88	0,21	5,0	5,8	4,5
8,91	0,21	5,0	5,8	4,5
8,93	0,20	5,0	5,8	4,5
8,96	0,20	5,0	5,8	4,5
8,98	0,20	5,0	5,8	4,5
9,01	0,20	5,0	5,8	4,5
9,03	0,20	5,0	5,8	4,5
9,05	0,21	5,0	5,8	4,5
9,08	0,21	5,0	5,8	4,5
9,10	0,20	5,0	5,8	4,5
9,13	0,20	5,0	5,8	4,5
9,15	0,21	5,0	5,8	4,5
9,18	0,21	5,0	5,8	4,5
9,20	0,20	5,0	5,8	4,5
9,23	0,20	5,0	5,8	4,5
9,25	0,21	5,0	5,8	4,5
9,27	0,21	5,0	5,8	4,5
9,30	0,20	5,0	5,8	4,5
9,32	0,20	5,0	5,8	4,5
9,35	0,21	5,0	5,8	4,5
9,37	0,21	5,0	5,8	4,5
9,40	0,20	5,0	5,8	4,5
9,42	0,20	5,0	5,8	4,5
9,45	0,21	5,0	5,8	4,5
9,47	0,21	5,0	5,8	4,5
9,49	0,21	5,0	5,8	4,5
9,52	0,21	5,0	5,8	4,5
9,54	0,21	5,0	5,8	4,5
9,57	0,21	5,0	5,8	4,5
9,59	0,21	5,0	5,8	4,5
9,62	0,21	5,0	5,8	4,5
9,64	0,21	5,0	5,8	4,5
9,67	0,21	5,0	5,8	4,5
9,69	0,22	5,0	5,8	4,5
9,71	0,21	5,0	5,8	4,5
9,74	0,21	5,0	5,8	4,5
9,76	0,21	5,0	5,8	4,5
9,79	0,21	5,0	5,8	4,5
9,81	0,21	5,0	5,8	4,5
9,84	0,21	5,0	5,8	4,5
9,86	0,22	5,0	5,8	4,5
9,89	0,22	5,0	5,8	4,5
9,91	0,21	5,0	5,8	4,5
9,93	0,21	5,0	5,8	4,5
9,96	0,22	5,0	5,8	4,5
9,98	0,23	5,0	5,8	4,5
10,01	0,22	5,0	5,8	4,5
10,03	0,22	5,0	5,8	4,5
10,06	0,23	5,0	5,8	4,5
10,08	0,23	5,0	5,8	4,5
10,10	0,23	5,0	5,8	4,5
10,13	0,23	5,0	5,8	4,5
10,15	0,22	5,0	5,8	4,5
10,18	0,23	5,0	5,8	4,5
10,20	0,24	5,0	5,8	4,5
10,23	0,23	5,0	5,8	4,5
10,25	0,23	5,0	5,8	4,5
10,28	0,23	5,0	5,8	4,5
10,30	0,24	5,0	5,8	4,5
10,32	0,23	5,0	5,8	4,5
10,35	0,22	5,0	5,8	4,5
10,37	0,23	5,0	5,8	4,5
10,40	0,23	5,0	5,8	4,5
10,42	0,23	5,0	5,8	4,5
10,45	0,22	5,0	5,8	4,5
10,47	0,23	5,0	5,8	4,5
10,50	0,23	5,0	5,8	4,5
10,52	0,22	5,0	5,8	4,5
10,54	0,22	5,0	5,8	4,5
10,57	0,23	5,0	5,8	4,5
10,59	0,23	5,0	5,8	4,5
10,62	0,22	5,0	5,8	4,5
10,64	0,21	5,0	5,8	4,5
10,67	0,22	5,0	5,8	4,5
10,69	0,23	5,0	5,8	4,5
10,72	0,22	5,0	5,8	4,5
10,74	0,22	5,0	5,8	4,5
10,76	0,23	5,0	5,8	4,5
10,79	0,23	5,0	5,8	4,5
10,81	0,22	5,0	5,8	4,5
10,84	0,21	5,0	5,8	4,5
10,86	0,21	5,0	5,8	4,5
10,89	0,21	5,0	5,8	4,5
10,91	0,21	5,0	5,8	4,5
10,94	0,20	5,0	5,8	4,5
10,96	0,21	5,0	5,8	4,5
10,98	0,21	5,0	5,8	4,5
11,01	0,21	5,0	5,8	4,5
11,03	0,21	5,0	5,8	4,5
11,06	0,22	5,0	5,8	4,5
11,08	0,22	5,0	5,8	4,5
11,11	0,21	5,0	5,8	4,5
11,13	0,21	5,0	5,8	4,5
11,15	0,22	5,0	5,8	4,5
11,18	0,22	5,0	5,8	4,5
11,20	0,21	5,0	5,8	4,5
11,23	0,21	5,0	5,8	4,5
11,25	0,22	5,0	5,8	4,5
11,28	0,22	5,0	5,8	4,5
11,30	0,21	5,0	5,8	4,5
11,33	0,21	5,0	5,8	4,5
11,35	0,21	5,0	5,8	4,5
11,37	0,21	5,0	5,8	4,5
11,40	0,21	5,0	5,8	4,5
11,42	0,21	5,0	5,8	4,5
11,45	0,22	5,0	5,8	4,5
11,47	0,22	5,0	5,8	4,5
11,50	0,21	5,0	5,8	4,5
11,52	0,22	5,0	5,8	4,5
11,55	0,22	5,0	5,8	4,5
11,57	0,22	5,0	5,8	4,5
11,59	0,22	5,0	5,8	4,5
11,62	0,22	5,0	5,8	4,5
11,64	0,23	5,0	5,8	4,5
11,67	0,23	5,0	5,8	4,5
11,69	0,22	5,0	5,8	4,5
11,72	0,22	5,0	5,8	4,5
11,74	0,23	5,0	5,8	4,5
11,77	0,23	5,0	5,8	4,5
11,79	0,22	5,0	5,8	4,5
11,81	0,23	5,0	5,8	4,5
11,84	0,23	5,0	5,8	4,5
11,86	0,23	5,0	5,8	4,5
11,89	0,22	5,0	5,8	4,5
11,91	0,23	5,0	5,8	4,5
11,94	0,23	5,0	5,8	4,5
11,96	0,23	5,0	5,8	4,5
11,99	0,23	5,0	5,8	4,5
12,01	0,23	5,0	5,8	4,5
12,03	0,23	5,0	5,8	4,5
12,06	0,22	5,0	5,8	4,5
12,08	0,23	5,0	5,8	4,5
12,11	0,22	5,0	5,8	4,5
12,13	0,22	5,0	5,8	4,5
12,16	0,23	5,0	5,8	4,5
12,18	0,23	5,0	5,8	4,5
12,21	0,22	5,0	5,8	4,5
12,23	0,22	5,0	5,8	4,5
12,25	0,22	5,0	5,8	4,5
12,28	0,22	5,0	5,8	4,5
12,30	0,21	5,0	5,8	4,5
12,33	0,21	5,0	5,8	4,5
12,35	0,22	5,0	5,8	4,5
12,38	0,21	5,0	5,8	4,5
12,40	0,21	5,0	5,8	4,5
12,42	0,21	5,0	5,8	4,5
12,45	0,21	5,0	5,8	4,5
12,47	0,21	5,0	5,8	4,5
12,50	0,21	5,0	5,8	4,5
12,52	0,21	5,0	5,8	4,5
12,55	0,22	5,0	5,8	4,5
12,57	0,22	5,0	5,8	4,5
12,60	0,22	5,0	5,8	4,5
12,62	0,21	5,0	5,8	4,5
12,64	0,21	5,0	5,8	4,5
12,67	0,22	5,0	5,8	4,5
12,69	0,22	5,0	5,8	4,5
12,72	0,22	5,0	5,8	4,5
12,74	0,21	5,0	5,8	4,5
12,77	0,22	5,0	5,8	4,5
12,79	0,22	5,0	5,8	4,5
12,82	0,21	5,0	5,8	4,5
12,84	0,21	5,0	5,8	4,5
12,86	0,22	5,0	5,8	4,5
12,89	0,22	5,0	5,8	4,5
12,91	0,22	5,0	5,8	4,5
12,94	0,22	5,0	5,8	4,5
12,96	0,23	5,0	5,8	4,5
12,99	0,23	5,0	5,8	4,5
13,01	0,22	5,0	5,8	4,5
13,04	0,22	5,0	5,8	4,5
13,06	0,23	5,0	5,8	4,5
13,08	0,23	5,0	5,8	4,5
13,11	0,23	5,0	5,8	4,5
13,13	0,23	5,0	5,8	4,5
13,16	0,23	5,0	5,8	4,5
13,18	0,23	5,0	5,8	4,5
13,21	0,22	5,0	5,8	4,5
13,23	0,22	5,0	5,8	4,5
13,26	0,23	5,0	5,8	4,5
13,28	0,23	5,0	5,8	4,5
13,30	0,22	5,0	5,8	4,5
13,33	0,23	5,0	5,8	4,5
13,35	0,24	5,0	5,8	4,5
13,38	0,23	5,0	5,8	4,5
13,40	0,23	5,0	5,8	4,5
13,43	0,23	5,0	5,8	4,5
13,45	0,24	5,0	5,8	4,5
13,47	0,24	5,0	5,8	4,5
13,50	0,23	5,0	5,8	4,5
13,52	0,23	5,0	5,8	4,5
13,55	0,24	5,0	5,8	4,5
13,57	0,24	5,0	5,8	4,5
13,60	0,23	5,0	5,8	4,5
13,62	0,23	5,0	5,8	4,5
13,65	0,24	5,0	5,8	4,5
13,67	0,23	5,0	5,8	4,5
13,69	0,23	5,0	5,8	4,5
13,72	0,23	5,0	5,8	4,5
13,74	0,24	5,0	5,8	4,5
13,77	0,23	5,0	5,8	4,5
13,79	0,22	5,0	5,8	4,5
13,82	0,23	5,0	5,8	4,5
13,84	0,23	5,0	5,8	4,5
13,87	0,22	5,0	5,8	4,5
13,89	0,22	5,0	5,8	4,5
13,91	0,22	5,0	5,8	4,5
13,94	0,22	5,0	5,8	4,5
13,96	0,21	5,0	5,8	4,5
13,99	0,20	5,0	5,8	4,5
14,01	0,21	5,0	5,8	4,5
14,04	0,21	5,0	5,8	4,5
14,06	0,20	5,0	5,8	4,5
14,09	0,20	5,0	5,8	4,5
14,11	0,20	5,0	5,8	4,5
14,13	0,20	5,0	5,8	4,5
14,16	0,19	5,0	5,8	4,5
14,18	0,18	5,0	5,8	4,5
14,21	0,19	5,0	5,8	4,5
14,23	0,19	5,0	5,8	4,5
14,26	0,19	5,0	5,8	4,5
14,28	0,18	5,0	5,8	4,5
14,31	0,19	5,0	5,8	4,5
14,33	0,19	5,0	5,8	4,5
14,35	0,18	5,0	5,8	4,5
14,38	0,18	5,0	5,8	4,5
14,40	0,17	5,0	5,8	4,5
14,43	0,17	5,0	5,8	4,5
14,45	0,18	5,0	5,8	4,5
14,48	0,17	5,0	5,8	4,5
14,50	0,17	5,0	5,8	4,5
14,52	0,17	5,0	5,8	4,5
14,55	0,17	5,0	5,8	4,5
14,57	0,16	5,0	5,8	4,5
14,60	0,16	5,0	5,8	4,5
14,62	0,16	5,0	5,8	4,5
14,65	0,17	5,0	5,8	4,5
14,67	0,16	5,0	5,8	4,5
14,70	0,16	5,0	5,8	4,5
14,72	0,16	5,0	5,8	4,5
14,74	0,16	5,0	5,8	4,5
14,77	0,15	5,0	5,8	4,5
14,79	0,15	5,0	5,8	4,5
14,82	0,15	5,0	5,8	4,5
14,84	0,15	5,0	5,8	4,5
14,87	0,14	5,0	5,8	4,5
14,89	0,14	5,0	5,8	4,5
14,92	0,14	5,0	5,8	4,5
14,94	0,14	5,0	5,8	4,5
14,96	0,13	5,0	5,8	4,5
14,99	0,13	5,0	5,8	4,5
15,01	0,13	5,0	5,8	4,5
15,04	0,14	5,0	5,8	4,5
15,06	0,14	5,0	5,8	4,5
15,09	0,14	5,0	5,8	4,5
15,11	0,13	5,0	5,8	4,5
15,14	0,13	5,0	5,8	4,5
15,16	0,13	5,0	5,8	4,5
15,18	0,13	5,0	5,8	4,5
15,21	0,12	5,0	5,8	4,5
15,23	0,13	5,0	5,8	4,5
15,26	0,12	5,0	5,8	4,5
15,28	0,13	5,0	5,8	4,5
15,31	0,12	5,0	5,8	4,5
15,33	0,12	5,0	5,8	4,5
15,36	0,12	5,0	5,8	4,5
15,38	0,12	5,0	5,8	4,5
15,40	0,12	5,0	5,8	4,5
15,43	0,12	5,0	5,8	4,5
15,45	0,12	5,0	5,8	4,5
15,48	0,12	5,0	5,8	4,5
15,50	0,11	5,0	5,8	4,5
15,53	0,12	5,0	5,8	4,5
15,55	0,12	5,0	5,8	4,5
15,57	0,12	5,0	5,8	4,5
15,60	0,12	5,0	5,8	4,5
15,62	0,12	5,0	5,8	4,5
15,65	0,12	5,0	5,8	4,5
15,67	0,12	5,0	5,8	4,5
15,70	0,11	5,0	5,8	4,5
15,72	0,12	5,0	5,8	4,5
15,75	0,12	5,0	5,8	4,5
15,77	0,12	5,0	5,8	4,5
15,79	0,12	5,0	5,8	4,5
15,82	0,13	5,0	5,8	4,5
15,84	0,13	5,0	5,8	4,5
15,87	0,12	5,0	5,8	4,5
15,89	0,11	5,0	5,8	4,5
15,92	0,12	5,0	5,8	4,5
15,94	0,12	5,0	5,8	4,5
15,97	0,12	5,0	5,8	4,5
15,99	0,11	5,0	5,8	4,5
16,01	0,12	5,0	5,8	4,5
16,04	0,12	5,0	5,8	4,5
16,06	0,12	5,0	5,8	4,5
16,09	0,11	5,0	5,8	4,5
16,11	0,12	5,0	5,8	4,5
16,14	0,12	5,0	5,8	4,5
16,16	0,12	5,0	5,8	4,5
16,19	0,11	5,0	5,8	4,5
16,21	0,12	5,0	5,8	4,5
16,23	0,12	5,0	5,8	4,5
16,26	0,11	5,0	5,8	4,5
16,28	0,11	5,0	5,8	4,5
16,31	0,11	5,0	5,8	4,5
16,33	0,11	5,0	5,8	4,5
16,36	0,10	5,0	5,8	4,5
16,38	0,10	5,0	5,8	4,5
16,41	0,10	5,0	5,8	4,5
16,43	0,10	5,0	5,8	4,5
16,45	0,09	5,0	5,8	4,5
16,48	0,09	5,0	5,8	4,5
16,50	0,09	5,0	5,8	4,5
16,53	0,09	5,0	5,8	4,5
16,55	0,09	5,0	5,8	4,5
16,58	0,09	5,0	5,8	4,5
16,60	0,09	5,0	5,8	4,5
16,63	0,09	5,0	5,8	4,5
16,65	0,08	5,0	5,8	4,5
16,67	0,08	5,0	5,8	4,5
16,70	0,08	5,0	5,8	4,5
16,72	0,08	5,0	5,8	4,5
16,75	0,08	5,0	5,8	4,5
16,77	0,08	5,0	5,8	4,5
16,80	0,08	5,0	5,8	4,5
16,82	0,08	5,0	5,8	4,5
16,84	0,08	5,0	5,8	4,5
16,87	0,08	5,0	5,8	4,5
16,89	0,08	5,0	5,8	4,5
16,92	0,08	5,0	5,8	4,5
16,94	0,09	5,0	5,8	4,5
16,97	0,08	5,0	5,8	4,5
16,99	0,08	5,0	5,8	4,5
17,02	0,08	5,0	5,8	4,5
17,04	0,08	5,0	5,8	4,5
17,06	0,08	5,0	5,8	4,5
17,09	0,08	5,0	5,8	4,5
17,11	0,09	5,0	5,8	4,5
17,14	0,09	5,0	5,8	4,5
17,16	0,08	5,0	5,8	4,5
17,19	0,08	5,0	5,8	4,5
17,21	0,09	5,0	5,8	4,5
17,24	0,09	5,0	5,8	4,5
17,26	0,09	5,0	5,8	4,5
17,28	0,09	5,0	5,8	4,5
17,31	0,09	5,0	5,8	4,5
17,33	0,09	5,0	5,8	4,5
17,36	0,09	5,0	5,8	4,5
17,38	0,09	5,0	5,8	4,5
17,41	0,09	5,0	5,8	4,5
17,43	0,10	5,0	5,8	4,5
17,46	0,10	5,0	5,8	4,5
17,48	0,10	5,0	5,8	4,5
17,50	0,10	5,0	5,8	4,5
17,53	0,11	5,0	5,8	4,5
17,55	0,11	5,0	5,8	4,5
17,58	0,10	5,0	5,8	4,5
17,60	0,10	5,0	5,8	4,5
17,63	0,11	5,0	5,8	4,5
17,65	0,11	5,0	5,8	4,5
17,68	0,11	5,0	5,8	4,5
17,70	0,11	5,0	5,8	4,5
17,72	0,12	5,0	5,8	4,5
17,75	0,12	5,0	5,8	4,5
17,77	0,11	5,0	5,8	4,5
17,80	0,11	5,0	5,8	4,5
17,82	0,11	5,0	5,8	4,5
17,85	0,11	5,0	5,8	4,5
17,87	0,11	5,0	5,8	4,5
17,89	0,11	5,0	5,8	4,5
17,92	0,11	5,0	5,8	4,5
17,94	0,11	5,0	5,8	4,5
17,97	0,11	5,0	5,8	4,5
17,99	0,11	5,0	5,8	4,5
18,02	0,11	5,0	5,8	4,5
18,04	0,11	5,0	5,8	4,5
18,07	0,11	5,0	5,8	4,5
18,09	0,10	5,0	5,8	4,5
18,11	0,11	5,0	5,8	4,5
18,14	0,11	5,0	5,8	4,5
18,16	0,10	5,0	5,8	4,5
18,19	0,10	5,0	5,8	4,5
18,21	0,10	5,0	5,8	4,5
18,24	0,10	5,0	5,8	4,5
18,26	0,09	5,0	5,8	4,5
18,29	0,09	5,0	5,8	4,5
18,31	0,09	5,0	5,8	4,5
18,33	0,09	5,0	5,8	4,5
18,36	0,08	5,0	5,8	4,5
18,38	0,09	5,0	5,8	4,5
18,41	0,09	5,0	5,8	4,5
18,43	0,09	5,0	5,8	4,5
18,46	0,09	5,0	5,8	4,5
18,48	0,09	5,0	5,8	4,5
18,51	0,09	5,0	5,8	4,5
18,53	0,09	5,0	5,8	4,5
18,55	0,09	5,0	5,8	4,5
18,58	0,10	5,0	5,8	4,5
18,60	0,10	5,0	5,8	4,5
18,63	0,10	5,0	5,8	4,5
18,65	0,09	5,0	5,8	4,5
18,68	0,10	5,0	5,8	4,5
18,70	0,10	5,0	5,8	4,5
18,73	0,10	5,0	5,8	4,5
18,75	0,10	5,0	5,8	4,5
18,77	0,11	5,0	5,8	4,5
18,80	0,11	5,0	5,8	4,5
18,82	0,11	5,0	5,8	4,5
18,85	0,11	5,0	5,8	4,5
18,87	0,12	5,0	5,8	4,5
18,90	0,12	5,0	5,8	4,5
18,92	0,12	5,0	5,8	4,5
18,94	0,13	5,0	5,8	4,5
18,97	0,14	5,0	5,8	4,5
18,99	0,14	5,0	5,8	4,5
19,02	0,14	5,0	5,8	4,5
19,04	0,14	5,0	5,8	4,5
19,07	0,15	5,0	5,8	4,5
19,09	0,15	5,0	5,8	4,5
19,12	0,15	5,0	5,8	4,5
19,14	0,15	5,0	5,8	4,5
19,16	0,16	5,0	5,8	4,5
19,19	0,16	5,0	5,8	4,5
19,21	0,16	5,0	5,8	4,5
19,24	0,16	5,0	5,8	4,5
19,26	0,16	5,0	5,8	4,5
19,29	0,16	5,0	5,8	4,5
19,31	0,17	5,0	5,8	4,5
19,34	0,18	5,0	5,8	4,5
19,36	0,18	5,0	5,8	4,5
19,38	0,18	5,0	5,8	4,5
19,41	0,19	5,0	5,8	4,5
19,43	0,19	5,0	5,8	4,5
19,46	0,19	5,0	5,8	4,5
19,48	0,19	5,0	5,8	4,5
19,51	0,18	5,0	5,8	4,5
19,53	0,19	5,0	5,8	4,5
19,56	0,19	5,0	5,8	4,5
19,58	0,19	5,0	5,8	4,5
19,60	0,20	5,0	5,8	4,5
19,63	0,19	5,0	5,8	4,5
19,65	0,20	5,0	5,8	4,5
19,68	0,20	5,0	5,8	4,5
19,70	0,20	5,0	5,8	4,5
19,73	0,20	5,0	5,8	4,5
19,75	0,20	5,0	5,8	4,5
19,78	0,20	5,0	5,8	4,5
19,80	0,21	5,0	5,8	4,5
19,82	0,21	5,0	5,8	4,5
19,85	0,21	5,0	5,8	4,5
19,87	0,22	5,0	5,8	4,5
19,90	0,22	5,0	5,8	4,5
19,92	0,23	5,0	5,8	4,5
19,95	0,23	5,0	5,8	4,5
19,97	0,22	5,0	5,8	4,5
19,99	0,23	5,0	5,8	4,5
20,02	0,24	5,0	5,8	4,5
20,04	0,24	5,0	5,8	4,5
20,07	0,24	5,0	5,8	4,5
20,09	0,24	5,0	5,8	4,5
20,12	0,25	5,0	5,8	4,5
20,14	0,25	5,0	5,8	4,5
20,17	0,25	5,0	5,8	4,5
20,19	0,26	5,0	5,8	4,5
20,21	0,26	5,0	5,8	4,5
20,24	0,26	5,0	5,8	4,5
20,26	0,25	5,0	5,8	4,5
20,29	0,26	5,0	5,8	4,5
20,31	0,27	5,0	5,8	4,5
20,34	0,27	5,0	5,8	4,5
20,36	0,27	5,0	5,8	4,5
20,39	0,28	5,0	5,8	4,5
20,41	0,28	5,0	5,8	4,5
20,43	0,28	5,0	5,8	4,5
20,46	0,27	5,0	5,8	4,5
20,48	0,28	5,0	5,8	4,5
20,51	0,29	5,0	5,8	4,5
20,53	0,28	5,0	5,8	4,5
20,56	0,29	5,0	5,8	4,5
20,58	0,30	5,0	5,8	4,5
20,61	0,30	5,0	5,8	4,5
20,63	0,30	5,0	5,8	4,5
20,65	0,29	5,0	5,8	4,5
20,68	0,30	5,0	5,8	4,5
20,70	0,30	5,0	5,8	4,5
20,73	0,29	5,0	5,8	4,5
20,75	0,30	5,0	5,8	4,5
20,78	0,31	5,0	5,8	4,5
20,80	0,32	5,0	5,8	4,5
20,83	0,31	5,0	5,8	4,5
20,85	0,31	5,0	5,8	4,5
20,87	0,33	5,0	5,8	4,5
20,90	0,33	5,0	5,8	4,5
20,92	0,32	5,0	5,8	4,5
20,95	0,32	5,0	5,8	4,5
20,97	0,33	5,0	5,8	4,5
21,00	0,34	5,0	5,8	4,5
21,02	0,33	5,0	5,8	4,5
21,05	0,33	5,0	5,8	4,5
21,07	0,35	5,0	5,8	4,5
21,09	0,35	5,0	5,8	4,5
21,12	0,34	5,0	5,8	4,5
21,14	0,34	5,0	5,8	4,5
21,17	0,36	5,0	5,8	4,5
21,19	0,36	5,0	5,8	4,5
21,22	0,35	5,0	5,8	4,5
21,24	0,35	5,0	5,8	4,5
21,26	0,37	5,0	5,8	4,5
21,29	0,37	5,0	5,8	4,5
21,31	0,36	5,0	5,8	4,5
21,34	0,37	5,0	5,8	4,5
21,36	0,38	5,0	5,8	4,5
21,39	0,38	5,0	5,8	4,5
21,41	0,38	5,0	5,8	4,5
21,44	0,37	5,0	5,8	4,5
21,46	0,39	5,0	5,8	4,5
21,48	0,39	5,0	5,8	4,5
21,51	0,38	5,0	5,8	4,5
21,53	0,38	5,0	5,8	4,5
21,56	0,40	5,0	5,8	4,5
21,58	0,40	5,0	5,8	4,5
21,61	0,39	5,0	5,8	4,5
21,63	0,39	5,0	5,8	4,5
21,66	0,41	5,0	5,8	4,5
21,68	0,40	5,0	5,8	4,5
21,70	0,41	5,0	5,8	4,5
21,73	0,40	5,0	5,8	4,5
21,75	0,41	5,0	5,8	4,5
21,78	0,42	5,0	5,8	4,5
21,80	0,42	5,0	5,8	4,5
21,83	0,42	5,0	5,8	4,5
21,85	0,42	5,0	5,8	4,5
21,88	0,43	5,0	5,8	4,5
21,90	0,43	5,0	5,8	4,5
21,92	0,42	5,0	5,8	4,5
21,95	0,43	5,0	5,8	4,5
21,97	0,43	5,0	5,8	4,5
22,00	0,43	5,0	5,8	4,5
22,02	0,43	5,0	5,8	4,5
22,05	0,44	5,0	5,8	4,5
22,07	0,44	5,0	5,8	4,5
22,10	0,45	5,0	5,8	4,5
22,12	0,44	5,0	5,8	4,5
22,14	0,44	5,0	5,8	4,5
22,17	0,45	5,0	5,8	4,5
22,19	0,46	5,0	5,8	4,5
22,22	0,45	5,0	5,8	4,5
22,24	0,45	5,0	5,8	4,5
22,27	0,46	5,0	5,8	4,5
22,29	0,47	5,0	5,8	4,5
22,31	0,46	5,0	5,8	4,5
22,34	0,47	5,0	5,8	4,5
22,36	0,47	5,0	5,8	4,5
22,39	0,48	5,0	5,8	4,5
22,41	0,48	5,0	5,8	4,5
22,44	0,47	5,0	5,8	4,5
22,46	0,48	5,0	5,8	4,5
22,49	0,49	5,0	5,8	4,5
22,51	0,49	5,0	5,8	4,5
22,53	0,48	5,0	5,8	4,5
22,56	0,48	5,0	5,8	4,5
22,58	0,50	5,0	5,8	4,5
22,61	0,50	5,0	5,8	4,5
22,63	0,48	5,0	5,8	4,5
22,66	0,49	5,0	5,8	4,5
22,68	0,50	5,0	5,8	4,5
22,71	0,50	5,0	5,8	4,5
22,73	0,49	5,0	5,8	4,5
22,75	0,49	5,0	5,8	4,5
22,78	0,51	5,0	5,8	4,5
22,80	0,51	5,0	5,8	4,5
22,83	0,50	5,0	5,8	4,5
22,85	0,50	5,0	5,8	4,5
22,88	0,51	5,0	5,8	4,5
22,90	0,51	5,0	5,8	4,5
22,93	0,51	5,0	5,8	4,5
22,95	0,51	5,0	5,8	4,5
22,97	0,52	5,0	5,8	4,5
23,00	0,52	5,0	5,8	4,5
23,02	0,52	5,0	5,8	4,5
23,05	0,52	5,0	5,8	4,5
23,07	0,53	5,0	5,8	4,5
23,10	0,53	5,0	5,8	4,5
23,12	0,52	5,0	5,8	4,5
23,15	0,52	5,0	5,8	4,5
23,17	0,53	5,0	5,8	4,5
23,19	0,53	5,0	5,8	4,5
23,22	0,53	5,0	5,8	4,5
23,24	0,53	5,0	5,8	4,5
23,27	0,54	5,0	5,8	4,5
23,29	0,54	5,0	5,8	4,5
23,32	0,53	5,0	5,8	4,5
23,34	0,54	5,0	5,8	4,5
23,36	0,55	5,0	5,8	4,5
23,39	0,54	5,0	5,8	4,5
23,41	0,54	5,0	5,8	4,5
23,44	0,54	5,0	5,8	4,5
23,46	0,55	5,0	5,8	4,5
23,49	0,55	5,0	5,8	4,5
23,51	0,54	5,0	5,8	4,5
23,54	0,55	5,0	5,8	4,5
23,56	0,56	5,0	5,8	4,5
23,58	0,55	5,0	5,8	4,5
23,61	0,54	5,0	5,8	4,5
23,63	0,55	5,0	5,8	4,5
23,66	0,56	5,0	5,8	4,5
23,68	0,56	5,0	5,8	4,5
23,71	0,55	5,0	5,8	4,5
23,73	0,56	5,0	5,8	4,5
23,76	0,57	5,0	5,8	4,5
23,78	0,56	5,0	5,8	4,5
23,80	0,56	5,0	5,8	4,5
23,83	0,57	5,0	5,8	4,5
23,85	0,57	5,0	5,8	4,5
23,88	0,57	5,0	5,8	4,5
23,90	0,57	5,0	5,8	4,5
23,93	0,57	5,0	5,8	4,5
23,95	0,58	5,0	5,8	4,5
23,98	0,57	5,0	5,8	4,5
24,00	0,58	5,0	5,8	4,5
24,02	0,58	5,0	5,8	4,5
24,05	0,59	5,0	5,8	4,5
24,07	0,58	5,0	5,8	4,5
24,10	0,58	5,0	5,8	4,5
24,12	0,59	5,0	5,8	4,5
24,15	0,59	5,0	5,8	4,5
24,17	0,60	5,0	5,8	4,5
24,20	0,60	5,0	5,8	4,5
24,22	0,59	5,0	5,8	4,5
24,24	0,60	5,0	5,8	4,5
24,27	0,61	5,0	5,8	4,5
24,29	0,61	5,0	5,8	4,5
24,32	0,60	5,0	5,8	4,5
24,34	0,60	5,0	5,8	4,5
24,37	0,61	5,0	5,8	4,5
24,39	0,61	5,0	5,8	4,5
24,42	0,60	5,0	5,8	4,5
24,44	0,61	5,0	5,8	4,5
24,46	0,62	5,0	5,8	4,5
24,49	0,61	5,0	5,8	4,5
24,51	0,62	5,0	5,8	4,5
24,54	0,61	5,0	5,8	4,5
24,56	0,62	5,0	5,8	4,5
24,59	0,61	5,0	5,8	4,5
24,61	0,61	5,0	5,8	4,5
24,63	0,62	5,0	5,8	4,5
24,66	0,62	5,0	5,8	4,5
24,68	0,62	5,0	5,8	4,5
24,71	0,62	5,0	5,8	4,5
24,73	0,62	5,0	5,8	4,5
24,76	0,63	5,0	5,8	4,5
24,78	0,63	5,0	5,8	4,5
24,81	0,63	5,0	5,8	4,5
24,83	0,62	5,0	5,8	4,5
24,85	0,62	5,0	5,8	4,5
24,88	0,64	5,0	5,8	4,5
24,90	0,64	5,0	5,8	4,5
24,93	0,63	5,0	5,8	4,5
24,95	0,63	5,0	5,8	4,5
24,98	0,64	5,0	5,8	4,5
25,00	0,64	5,0	5,8	4,5
25,03	0,63	5,0	5,8	4,5
25,05	0,63	5,0	5,8	4,5
25,07	0,64	5,0	5,8	4,5
25,10	0,64	5,0	5,8	4,5
25,12	0,63	5,0	5,8	4,5
25,15	0,64	5,0	5,8	4,5
25,17	0,64	5,0	5,8	4,5
25,20	0,64	5,0	5,8	4,5
25,22	0,63	5,0	5,8	4,5
25,25	0,64	5,0	5,8	4,5
25,27	0,65	5,0	5,8	4,5
25,29	0,64	5,0	5,8	4,5
25,32	0,64	5,0	5,8	4,5
25,34	0,64	5,0	5,8	4,5
25,37	0,65	5,0	5,8	4,5
25,39	0,65	5,0	5,8	4,5
25,42	0,64	5,0	5,8	4,5
25,44	0,65	5,0	5,8	4,5
25,47	0,65	5,0	5,8	4,5
25,49	0,65	5,0	5,8	4,5
25,51	0,65	5,0	5,8	4,5
25,54	0,65	5,0	5,8	4,5
25,56	0,65	5,0	5,8	4,5
25,59	0,66	5,0	5,8	4,5
25,61	0,65	5,0	5,8	4,5
25,64	0,66	5,0	5,8	4,5
25,66	0,67	5,0	5,8	4,5
25,68	0,66	5,0	5,8	4,5
25,71	0,66	5,0	5,8	4,5
25,73	0,67	5,0	5,8	4,5
25,76	0,67	5,0	5,8	4,5
25,78	0,66	5,0	5,8	4,5
25,81	0,66	5,0	5,8	4,5
25,83	0,67	5,0	5,8	4,5
25,86	0,68	5,0	5,8	4,5
25,88	0,67	5,0	5,8	4,5
25,90	0,67	5,0	5,8	4,5
25,93	0,68	5,0	5,8	4,5
25,95	0,68	5,0	5,8	4,5
25,98	0,67	5,0	5,8	4,5
26,00	0,67	5,0	5,8	4,5
26,03	0,68	5,0	5,8	4,5
26,05	0,68	5,0	5,8	4,5
26,08	0,67	5,0	5,8	4,5
26,10	0,68	5,0	5,8	4,5
26,12	0,69	5,0	5,8	4,5
26,15	0,69	5,0	5,8	4,5
26,17	0,68	5,0	5,8	4,5
26,20	0,68	5,0	5,8	4,5
26,22	0,69	5,0	5,8	4,5
26,25	0,68	5,0	5,8	4,5
26,27	0,67	5,0	5,8	4,5
26,30	0,67	5,0	5,8	4,5
26,32	0,68	5,0	5,8	4,5
26,34	0,68	5,0	5,8	4,5
26,37	0,67	5,0	5,8	4,5
26,39	0,67	5,0	5,8	4,5
26,42	0,69	5,0	5,8	4,5
26,44	0,69	5,0	5,8	4,5
26,47	0,67	5,0	5,8	4,5
26,49	0,68	5,0	5,8	4,5
26,52	0,69	5,0	5,8	4,5
26,54	0,69	5,0	5,8	4,5
26,56	0,69	5,0	5,8	4,5
26,59	0,68	5,0	5,8	4,5
26,61	0,68	5,0	5,8	4,5
26,64	0,68	5,0	5,8	4,5
26,66	0,69	5,0	5,8	4,5
26,69	0,68	5,0	5,8	4,5
26,71	0,68	5,0	5,8	4,5
26,73	0,69	5,0	5,8	4,5
26,76	0,68	5,0	5,8	4,5
26,78	0,68	5,0	5,8	4,5
26,81	0,68	5,0	5,8	4,5
26,83	0,69	5,0	5,8	4,5
26,86	0,69	5,0	5,8	4,5
26,88	0,68	5,0	5,8	4,5
26,91	0,68	5,0	5,8	4,5
26,93	0,69	5,0	5,8	4,5
26,95	0,68	5,0	5,8	4,5
26,98	0,68	5,0	5,8	4,5
27,00	0,68	5,0	5,8	4,5
27,03	0,69	5,0	5,8	4,5
27,05	0,69	5,0	5,8	4,5
27,08	0,68	5,0	5,8	4,5
27,10	0,68	5,0	5,8	4,5
27,13	0,69	5,0	5,8	4,5
27,15	0,69	5,0	5,8	4,5
27,17	0,68	5,0	5,8	4,5
27,20	0,68	5,0	5,8	4,5
27,22	0,68	5,0	5,8	4,5
27,25	0,69	5,0	5,8	4,5
27,27	0,69	5,0	5,8	4,5
27,30	0,69	5,0	5,8	4,5
27,32	0,69	5,0	5,8	4,5
27,35	0,70	5,0	5,8	4,5
27,37	0,70	5,0	5,8	4,5
27,39	0,69	5,0	5,8	4,5
27,42	0,69	5,0	5,8	4,5
27,44	0,70	5,0	5,8	4,5
27,47	0,70	5,0	5,8	4,5
27,49	0,70	5,0	5,8	4,5
27,52	0,69	5,0	5,8	4,5
27,54	0,70	5,0	5,8	4,5
27,57	0,71	5,0	5,8	4,5
27,59	0,70	5,0	5,8	4,5
27,61	0,70	5,0	5,8	4,5
27,64	0,71	5,0	5,8	4,5
27,66	0,70	5,0	5,8	4,5
27,69	0,70	5,0	5,8	4,5
27,71	0,70	5,0	5,8	4,5
27,74	0,70	5,0	5,8	4,5
27,76	0,71	5,0	5,8	4,5
27,78	0,70	5,0	5,8	4,5
27,81	0,70	5,0	5,8	4,5
27,83	0,71	5,0	5,8	4,5
27,86	0,71	5,0	5,8	4,5
27,88	0,70	5,0	5,8	4,5
27,91	0,70	5,0	5,8	4,5
27,93	0,71	5,0	5,8	4,5
27,96	0,70	5,0	5,8	4,5
27,98	0,69	5,0	5,8	4,5
28,00	0,70	5,0	5,8	4,5
28,03	0,71	5,0	5,8	4,5
28,05	0,71	5,0	5,8	4,5
28,08	0,70	5,0	5,8	4,5
28,10	0,70	5,0	5,8	4,5
28,13	0,71	5,0	5,8	4,5
28,15	0,70	5,0	5,8	4,5
28,18	0,69	5,0	5,8	4,5
28,20	0,69	5,0	5,8	4,5
28,22	0,70	5,0	5,8	4,5
28,25	0,70	5,0	5,8	4,5
28,27	0,69	5,0	5,8	4,5
28,30	0,70	5,0	5,8	4,5
28,32	0,71	5,0	5,8	4,5
28,35	0,70	5,0	5,8	4,5
28,37	0,69	5,0	5,8	4,5
28,40	0,70	5,0	5,8	4,5
28,42	0,71	5,0	5,8	4,5
28,44	0,70	5,0	5,8	4,5
28,47	0,70	5,0	5,8	4,5
28,49	0,70	5,0	5,8	4,5
28,52	0,71	5,0	5,8	4,5
28,54	0,70	5,0	5,8	4,5
28,57	0,70	5,0	5,8	4,5
28,59	0,70	5,0	5,8	4,5
28,62	0,71	5,0	5,8	4,5
28,64	0,70	5,0	5,8	4,5
28,66	0,69	5,0	5,8	4,5
28,69	0,70	5,0	5,8	4,5
28,71	0,71	5,0	5,8	4,5
28,74	0,70	5,0	5,8	4,5
28,76	0,70	5,0	5,8	4,5
28,79	0,70	5,0	5,8	4,5
28,81	0,71	5,0	5,8	4,5
28,84	0,71	5,0	5,8	4,5
28,86	0,70	5,0	5,8	4,5
28,88	0,70	5,0	5,8	4,5
28,91	0,70	5,0	5,8	4,5
28,93	0,70	5,0	5,8	4,5
28,96	0,69	5,0	5,8	4,5
28,98	0,70	5,0	5,8	4,5
29,01	0,70	5,0	5,8	4,5
29,03	0,71	5,0	5,8	4,5
29,05	0,70	5,0	5,8	4,5
29,08	0,70	5,0	5,8	4,5
29,10	0,70	5,0	5,8	4,5
29,13	0,70	5,0	5,8	4,5
29,15	0,70	5,0	5,8	4,5
29,18	0,69	5,0	5,8	4,5
29,20	0,70	5,0	5,8	4,5
29,23	0,71	5,0	5,8	4,5
29,25	0,71	5,0	5,8	4,5
29,27	0,70	5,0	5,8	4,5
29,30	0,70	5,0	5,8	4,5
29,32	0,71	5,0	5,8	4,5
29,35	0,71	5,0	5,8	4,5
29,37	0,69	5,0	5,8	4,5
29,40	0,70	5,0	5,8	4,5
29,42	0,70	5,0	5,8	4,5
29,45	0,70	5,0	5,8	4,5
29,47	0,70	5,0	5,8	4,5
29,49	0,70	5,0	5,8	4,5
29,52	0,70	5,0	5,8	4,5
29,54	0,70	5,0	5,8	4,5
29,57	0,70	5,0	5,8	4,5
29,59	0,70	5,0	5,8	4,5
29,62	0,71	5,0	5,8	4,5
29,64	0,70	5,0	5,8	4,5
29,67	0,70	5,0	5,8	4,5
29,69	0,69	5,0	5,8	4,5
29,71	0,70	5,0	5,8	4,5
29,74	0,71	5,0	5,8	4,5
29,76	0,70	5,0	5,8	4,5
29,79	0,70	5,0	5,8	4,5
29,81	0,70	5,0	5,8	4,5
29,84	0,71	5,0	5,8	4,5
29,86	0,70	5,0	5,8	4,5
29,89	0,69	5,0	5,8	4,5
29,91	0,70	5,0	5,8	4,5
29,93	0,71	5,0	5,8	4,5
29,96	0,70	5,0	5,8	4,5
29,98	0,69	5,0	5,8	4,5
30,01	0,70	5,0	5,8	4,5
30,03	0,71	5,0	5,8	4,5
30,06	0,70	5,0	5,8	4,5
30,08	0,69	5,0	5,8	4,5
30,10	0,69	5,0	5,8	4,5
30,13	0,70	5,0	5,8	4,5
30,15	0,70	5,0	5,8	4,5
30,18	0,69	5,0	5,8	4,5
30,20	0,69	5,0	5,8	4,5
30,23	0,70	5,0	5,8	4,5
30,25	0,69	5,0	5,8	4,5
30,28	0,68	5,0	5,8	4,5
30,30	0,69	5,0	5,8	4,5
30,32	0,70	5,0	5,8	4,5
30,35	0,69	5,0	5,8	4,5
30,37	0,68	5,0	5,8	4,5
30,40	0,69	5,0	5,8	4,5
30,42	0,70	5,0	5,8	4,5
30,45	0,69	5,0	5,8	4,5
30,47	0,68	5,0	5,8	4,5
30,50	0,68	5,0	5,8	4,5
30,52	0,69	5,0	5,8	4,5
30,54	0,67	5,0	5,8	4,5
30,57	0,66	5,0	5,8	4,5
30,59	0,66	5,0	5,8	4,5
30,62	0,67	5,0	5,8	4,5
30,64	0,66	5,0	5,8	4,5
30,67	0,65	5,0	5,8	4,5
30,69	0,66	5,0	5,8	4,5
30,72	0,66	5,0	5,8	4,5
30,74	0,65	5,0	5,8	4,5
30,76	0,64	5,0	5,8	4,5
30,79	0,64	5,0	5,8	4,5
30,81	0,64	5,0	5,8	4,5
30,84	0,63	5,0	5,8	4,5
30,86	0,62	5,0	5,8	4,5
30,89	0,63	5,0	5,8	4,5
30,91	0,62	5,0	5,8	4,5
30,94	0,61	5,0	5,8	4,5
30,96	0,60	5,0	5,8	4,5
30,98	0,61	5,0	5,8	4,5
31,01	0,60	5,0	5,8	4,5
31,03	0,59	5,0	5,8	4,5
31,06	0,59	5,0	5,8	4,5
31,08	0,59	5,0	5,8	4,5
31,11	0,58	5,0	5,8	4,5
31,13	0,57	5,0	5,8	4,5
31,15	0,57	5,0	5,8	4,5
31,18	0,57	5,0	5,8	4,5
31,20	0,57	5,0	5,8	4,5
31,23	0,55	5,0	5,8	4,5
31,25	0,55	5,0	5,8	4,5
31,28	0,55	5,0	5,8	4,5
31,30	0,54	5,0	5,8	4,5
31,33	0,53	5,0	5,8	4,5
31,35	0,52	5,0	5,8	4,5
31,37	0,52	5,0	5,8	4,5
31,40	0,52	5,0	5,8	4,5
31,42	0,50	5,0	5,8	4,5
31,45	0,51	5,0	5,8	4,5
31,47	0,49	5,0	5,8	4,5
31,50	0,50	5,0	5,8	4,5
31,52	0,49	5,0	5,8	4,5
31,55	0,48	5,0	5,8	4,5
31,57	0,47	5,0	5,8	4,5
31,59	0,48	5,0	5,8	4,5
31,62	0,48	5,0	5,8	4,5
31,64	0,47	5,0	5,8	4,5
31,67	0,46	5,0	5,8	4,5
31,69	0,46	5,0	5,8	4,5
31,72	0,46	5,0	5,8	4,5
31,74	0,44	5,0	5,8	4,5
31,77	0,44	5,0	5,8	4,5
31,79	0,43	5,0	5,8	4,5
31,81	0,43	5,0	5,8	4,5
31,84	0,42	5,0	5,8	4,5
31,86	0,42	5,0	5,8	4,5
31,89	0,42	5,0	5,8	4,5
31,91	0,41	5,0	5,8	4,5
31,94	0,40	5,0	5,8	4,5
31,96	0,40	5,0	5,8	4,5
31,99	0,39	5,0	5,8	4,5
32,01	0,39	5,0	5,8	4,5
32,03	0,38	5,0	5,8	4,5
32,06	0,37	5,0	5,8	4,5
32,08	0,37	5,0	5,8	4,5
32,11	0,37	5,0	5,8	4,5
32,13	0,37	5,0	5,8	4,5
32,16	0,36	5,0	5,8	4,5
32,18	0,34	5,0	5,8	4,5
32,20	0,35	5,0	5,8	4,5
32,23	0,35	5,0	5,8	4,5
32,25	0,33	5,0	5,8	4,5
32,28	0,32	5,0	5,8	4,5
32,30	0,32	5,0	5,8	4,5
32,33	0,33	5,0	5,8	4,5
32,35	0,31	5,0	5,8	4,5
32,38	0,30	5,0	5,8	4,5
32,40	0,31	5,0	5,8	4,5
32,42	0,30	5,0	5,8	4,5
32,45	0,29	5,0	5,8	4,5
32,47	0,28	5,0	5,8	4,5
32,50	0,28	5,0	5,8	4,5
32,52	0,28	5,0	5,8	4,5
32,55	0,26	5,0	5,8	4,5
32,57	0,26	5,0	5,8	4,5
32,60	0,26	5,0	5,8	4,5
32,62	0,26	5,0	5,8	4,5
32,64	0,25	5,0	5,8	4,5
32,67	0,24	5,0	5,8	4,5
32,69	0,24	5,0	5,8	4,5
32,72	0,24	5,0	5,8	4,5
32,74	0,23	5,0	5,8	4,5
32,77	0,22	5,0	5,8	4,5
32,79	0,23	5,0	5,8	4,5
32,82	0,23	5,0	5,8	4,5
32,84	0,22	5,0	5,8	4,5
32,86	0,21	5,0	5,8	4,5
32,89	0,21	5,0	5,8	4,5
32,91	0,21	5,0	5,8	4,5
32,94	0,20	5,0	5,8	4,5
32,96	0,19	5,0	5,8	4,5
32,99	0,20	5,0	5,8	4,5
33,01	0,19	5,0	5,8	4,5
33,04	0,19	5,0	5,8	4,5
33,06	0,18	5,0	5,8	4,5
33,08	0,19	5,0	5,8	4,5
33,11	0,19	5,0	5,8	4,5
33,13	0,17	5,0	5,8	4,5
33,16	0,18	5,0	5,8	4,5
33,18	0,18	5,0	5,8	4,5
33,21	0,18	5,0	5,8	4,5
33,23	0,17	5,0	5,8	4,5
33,26	0,16	5,0	5,8	4,5
33,28	0,17	5,0	5,8	4,5
33,30	0,17	5,0	5,8	4,5
33,33	0,15	5,0	5,8	4,5
33,35	0,15	5,0	5,8	4,5
33,38	0,16	5,0	5,8	4,5
33,40	0,15	5,0	5,8	4,5
33,43	0,14	5,0	5,8	4,5
33,45	0,14	5,0	5,8	4,5
33,47	0,14	5,0	5,8	4,5
33,50	0,14	5,0	5,8	4,5
33,52	0,13	5,0	5,8	4,5
33,55	0,14	5,0	5,8	4,5
33,57	0,14	5,0	5,8	4,5
33,60	0,14	5,0	5,8	4,5
33,62	0,13	5,0	5,8	4,5
33,65	0,13	5,0	5,8	4,5
33,67	0,13	5,0	5,8	4,5
33,69	0,12	5,0	5,8	4,5
33,72	0,11	5,0	5,8	4,5
33,74	0,12	5,0	5,8	4,5
33,77	0,12	5,0	5,8	4,5
33,79	0,12	5,0	5,8	4,5
33,82	0,11	5,0	5,8	4,5
33,84	0,11	5,0	5,8	4,5
33,87	0,11	5,0	5,8	4,5
33,89	0,10	5,0	5,8	4,5
33,91	0,10	5,0	5,8	4,5
33,94	0,10	5,0	5,8	4,5
33,96	0,10	5,0	5,8	4,5
33,99	0,10	5,0	5,8	4,5
34,01	0,10	5,0	5,8	4,5
34,04	0,10	5,0	5,8	4,5
34,06	0,10	5,0	5,8	4,5
34,09	0,10	5,0	5,8	4,5
34,11	0,09	5,0	5,8	4,5
34,13	0,09	5,0	5,8	4,5
34,16	0,09	5,0	5,8	4,5
34,18	0,10	5,0	5,8	4,5
34,21	0,09	5,0	5,8	4,5
34,23	0,09	5,0	5,8	4,5
34,26	0,09	5,0	5,8	4,5
34,28	0,09	5,0	5,8	4,5
34,31	0,09	5,0	5,8	4,5
34,33	0,09	5,0	5,8	4,5
34,35	0,09	5,0	5,8	4,5
34,38	0,09	5,0	5,8	4,5
34,40	0,08	5,0	5,8	4,5
34,43	0,08	5,0	5,8	4,5
34,45	0,08	5,0	5,8	4,5
34,48	0,08	5,0	5,8	4,5
34,50	0,08	5,0	5,8	4,5
34,52	0,08	5,0	5,8	4,5
34,55	0,08	5,0	5,8	4,5
34,57	0,07	5,0	5,8	4,5
34,60	0,07	5,0	5,8	4,5
34,62	0,07	5,0	5,8	4,5
34,65	0,07	5,0	5,8	4,5
34,67	0,07	5,0	5,8	4,5
34,70	0,07	5,0	5,8	4,5
34,72	0,07	5,0	5,8	4,5
34,74	0,06	5,0	5,8	4,5
34,77	0,06	5,0	5,8	4,5
34,79	0,06	5,0	5,8	4,5
34,82	0,06	5,0	5,8	4,5
34,84	0,06	5,0	5,8	4,5
34,87	0,06	5,0	5,8	4,5
34,89	0,06	5,0	5,8	4,5
34,92	0,06	5,0	5,8	4,5
34,94	0,06	5,0	5,8	4,5
34,96	0,05	5,0	5,8	4,5
34,99	0,05	5,0	5,8	4,5
35,01	0,05	5,0	5,8	4,5
35,04	0,05	5,0	5,8	4,5
35,06	0,06	5,0	5,8	4,5
35,09	0,06	5,0	5,8	4,5
35,11	0,06	5,0	5,8	4,5
35,14	0,05	5,0	5,8	4,5
35,16	0,06	5,0	5,8	4,5
35,18	0,05	5,0	5,8	4,5
35,21	0,05	5,0	5,8	4,5
35,23	0,05	5,0	5,8	4,5
35,26	0,06	5,0	5,8	4,5
35,28	0,06	5,0	5,8	4,5
35,31	0,06	5,0	5,8	4,5
35,33	0,05	5,0	5,8	4,5
35,36	0,06	5,0	5,8	4,5
35,38	0,06	5,0	5,8	4,5
35,40	0,06	5,0	5,8	4,5
35,43	0,05	5,0	5,8	4,5
35,45	0,06	5,0	5,8	4,5
35,48	0,06	5,0	5,8	4,5
35,50	0,06	5,0	5,8	4,5
35,53	0,06	5,0	5,8	4,5
35,55	0,07	5,0	5,8	4,5
35,57	0,07	5,0	5,8	4,5
35,60	0,07	5,0	5,8	4,5
35,62	0,06	5,0	5,8	4,5
35,65	0,07	5,0	5,8	4,5
35,67	0,07	5,0	5,8	4,5
35,70	0,07	5,0	5,8	4,5
35,72	0,07	5,0	5,8	4,5
35,75	0,08	5,0	5,8	4,5
35,77	0,08	5,0	5,8	4,5
35,79	0,08	5,0	5,8	4,5
35,82	0,08	5,0	5,8	4,5
35,84	0,09	5,0	5,8	4,5
35,87	0,09	5,0	5,8	4,5
35,89	0,09	5,0	5,8	4,5
35,92	0,09	5,0	5,8	4,5
35,94	0,10	5,0	5,8	4,5
35,97	0,10	5,0	5,8	4,5
35,99	0,10	5,0	5,8	4,5
36,01	0,09	5,0	5,8	4,5
36,04	0,11	5,0	5,8	4,5
36,06	0,11	5,0	5,8	4,5
36,09	0,11	5,0	5,8	4,5
36,11	0,10	5,0	5,8	4,5
36,14	0,11	5,0	5,8	4,5
36,16	0,11	5,0	5,8	4,5
36,19	0,11	5,0	5,8	4,5
36,21	0,11	5,0	5,8	4,5
36,23	0,12	5,0	5,8	4,5
36,26	0,12	5,0	5,8	4,5
36,28	0,12	5,0	5,8	4,5
36,31	0,12	5,0	5,8	4,5
36,33	0,12	5,0	5,8	4,5
36,36	0,12	5,0	5,8	4,5
36,38	0,12	5,0	5,8	4,5
36,41	0,12	5,0	5,8	4,5
36,43	0,12	5,0	5,8	4,5
36,45	0,12	5,0	5,8	4,5
36,48	0,13	5,0	5,8	4,5
36,50	0,12	5,0	5,8	4,5
36,53	0,12	5,0	5,8	4,5
36,55	0,13	5,0	5,8	4,5
36,58	0,13	5,0	5,8	4,5
36,60	0,13	5,0	5,8	4,5
36,62	0,13	5,0	5,8	4,5
36,65	0,13	5,0	5,8	4,5
36,67	0,14	5,0	5,8	4,5
36,70	0,13	5,0	5,8	4,5
36,72	0,13	5,0	5,8	4,5
36,75	0,14	5,0	5,8	4,5
36,77	0,14	5,0	5,8	4,5
36,80	0,14	5,0	5,8	4,5
36,82	0,14	5,0	5,8	4,5
36,84	0,15	5,0	5,8	4,5
36,87	0,15	5,0	5,8	4,5
36,89	0,15	5,0	5,8	4,5
36,92	0,15	5,0	5,8	4,5
36,94	0,16	5,0	5,8	4,5
36,97	0,16	5,0	5,8	4,5
36,99	0,17	5,0	5,8	4,5
37,02	0,17	5,0	5,8	4,5
37,04	0,16	5,0	5,8	4,5
37,06	0,17	5,0	5,8	4,5
37,09	0,18	5,0	5,8	4,5
37,11	0,18	5,0	5,8	4,5
37,14	0,18	5,0	5,8	4,5
37,16	0,19	5,0	5,8	4,5
37,19	0,19	5,0	5,8	4,5
37,21	0,19	5,0	5,8	4,5
37,24	0,19	5,0	5,8	4,5
37,26	0,20	5,0	5,8	4,5
37,28	0,20	5,0	5,8	4,5
37,31	0,20	5,0	5,8	4,5
37,33	0,20	5,0	5,8	4,5
37,36	0,21	5,0	5,8	4,5
37,38	0,22	5,0	5,8	4,5
37,41	0,21	5,0	5,8	4,5
37,43	0,22	5,0	5,8	4,5
37,46	0,23	5,0	5,8	4,5
37,48	0,23	5,0	5,8	4,5
37,50	0,22	5,0	5,8	4,5
37,53	0,22	5,0	5,8	4,5
37,55	0,24	5,0	5,8	4,5
37,58	0,24	5,0	5,8	4,5
37,60	0,24	5,0	5,8	4,5
37,63	0,24	5,0	5,8	4,5
37,65	0,25	5,0	5,8	4,5
37,68	0,26	5,0	5,8	4,5
37,70	0,25	5,0	5,8	4,5
37,72	0,25	5,0	5,8	4,5
37,75	0,27	5,0	5,8	4,5
37,77	0,27	5,0	5,8	4,5
37,80	0,27	5,0	5,8	4,5
37,82	0,27	5,0	5,8	4,5
37,85	0,29	5,0	5,8	4,5
37,87	0,30	5,0	5,8	4,5
37,89	0,29	5,0	5,8	4,5
37,92	0,29	5,0	5,8	4,5
37,94	0,31	5,0	5,8	4,5
37,97	0,32	5,0	5,8	4,5
37,99	0,31	5,0	5,8	4,5
38,02	0,31	5,0	5,8	4,5
38,04	0,32	5,0	5,8	4,5
38,07	0,33	5,0	5,8	4,5
38,09	0,33	5,0	5,8	4,5
38,11	0,33	5,0	5,8	4,5
38,14	0,34	5,0	5,8	4,5
38,16	0,35	5,0	5,8	4,5
38,19	0,35	5,0	5,8	4,5
38,21	0,35	5,0	5,8	4,5
38,24	0,37	5,0	5,8	4,5
38,26	0,37	5,0	5,8	4,5
38,29	0,36	5,0	5,8	4,5
38,31	0,37	5,0	5,8	4,5
38,33	0,38	5,0	5,8	4,5
38,36	0,39	5,0	5,8	4,5
38,38	0,39	5,0	5,8	4,5
38,41	0,39	5,0	5,8	4,5
38,43	0,40	5,0	5,8	4,5
38,46	0,41	5,0	5,8	4,5
38,48	0,40	5,0	5,8	4,5
38,51	0,41	5,0	5,8	4,5
38,53	0,42	5,0	5,8	4,5
38,55	0,42	5,0	5,8	4,5
38,58	0,43	5,0	5,8	4,5
38,60	0,44	5,0	5,8	4,5
38,63	0,45	5,0	5,8	4,5
38,65	0,45	5,0	5,8	4,5
38,68	0,45	5,0	5,8	4,5
38,70	0,46	5,0	5,8	4,5
38,73	0,47	5,0	5,8	4,5
38,75	0,46	5,0	5,8	4,5
38,77	0,47	5,0	5,8	4,5
38,80	0,47	5,0	5,8	4,5
38,82	0,47	5,0	5,8	4,5
38,85	0,48	5,0	5,8	4,5
38,87	0,49	5,0	5,8	4,5
38,90	0,49	5,0	5,8	4,5
38,92	0,49	5,0	5,8	4,5
38,94	0,50	5,0	5,8	4,5
38,97	0,51	5,0	5,8	4,5
38,99	0,50	5,0	5,8	4,5
39,02	0,51	5,0	5,8	4,5
39,04	0,52	5,0	5,8	4,5
39,07	0,53	5,0	5,8	4,5
39,09	0,53	5,0	5,8	4,5
39,12	0,54	5,0	5,8	4,5
39,14	0,55	5,0	5,8	4,5
39,16	0,55	5,0	5,8	4,5
39,19	0,55	5,0	5,8	4,5
39,21	0,56	5,0	5,8	4,5
39,24	0,56	5,0	5,8	4,5
39,26	0,57	5,0	5,8	4,5
39,29	0,57	5,0	5,8	4,5
39,31	0,57	5,0	5,8	4,5
39,34	0,58	5,0	5,8	4,5
39,36	0,59	5,0	5,8	4,5
39,38	0,59	5,0	5,8	4,5
39,41	0,60	5,0	5,8	4,5
39,43	0,60	5,0	5,8	4,5
39,46	0,62	5,0	5,8	4,5
39,48	0,62	5,0	5,8	4,5
39,51	0,62	5,0	5,8	4,5
39,53	0,62	5,0	5,8	4,5
39,56	0,64	5,0	5,8	4,5
39,58	0,65	5,0	5,8	4,5
39,60	0,65	5,0	5,8	4,5
39,63	0,65	5,0	5,8	4,5
39,65	0,66	5,0	5,8	4,5
39,68	0,67	5,0	5,8	4,5
39,70	0,66	5,0	5,8	4,5
39,73	0,66	5,0	5,8	4,5
39,75	0,68	5,0	5,8	4,5
39,78	0,69	5,0	5,8	4,5
39,80	0,69	5,0	5,8	4,5
39,82	0,69	5,0	5,8	4,5
39,85	0,71	5,0	5,8	4,5
39,87	0,71	5,0	5,8	4,5
39,90	0,71	5,0	5,8	4,5
39,92	0,71	5,0	5,8	4,5
39,95	0,72	5,0	5,8	4,5
39,97	0,73	5,0	5,8	4,5
39,99	0,72	5,0	5,8	4,5
40,02	0,73	5,0	5,8	4,5
40,04	0,74	5,0	5,8	4,5
40,07	0,75	5,0	5,8	4,5
40,09	0,75	5,0	5,8	4,5
40,12	0,75	5,0	5,8	4,5
40,14	0,76	5,0	5,8	4,5
40,17	0,77	5,0	5,8	4,5
40,19	0,76	5,0	5,8	4,5
40,21	0,77	5,0	5,8	4,5
40,24	0,79	5,0	5,8	4,5
40,26	0,78	5,0	5,8	4,5
40,29	0,79	5,0	5,8	4,5
40,31	0,80	5,0	5,8	4,5
40,34	0,81	5,0	5,8	4,5
40,36	0,81	5,0	5,8	4,5
40,39	0,81	5,0	5,8	4,5
40,41	0,82	5,0	5,8	4,5
40,43	0,82	5,0	5,8	4,5
40,46	0,82	5,0	5,8	4,5
40,48	0,82	5,0	5,8	4,5
40,51	0,84	5,0	5,8	4,5
40,53	0,84	5,0	5,8	4,5
40,56	0,84	5,0	5,8	4,5
40,58	0,85	5,0	5,8	4,5
40,61	0,86	5,0	5,8	4,5
40,63	0,87	5,0	5,8	4,5
40,65	0,86	5,0	5,8	4,5
40,68	0,86	5,0	5,8	4,5
40,70	0,88	5,0	5,8	4,5
40,73	0,88	5,0	5,8	4,5
40,75	0,88	5,0	5,8	4,5
40,78	0,88	5,0	5,8	4,5
40,80	0,90	5,0	5,8	4,5
40,83	0,90	5,0	5,8	4,5
40,85	0,90	5,0	5,8	4,5
40,87	0,90	5,0	5,8	4,5
40,90	0,91	5,0	5,8	4,5
40,92	0,92	5,0	5,8	4,5
40,95	0,91	5,0	5,8	4,5
40,97	0,91	5,0	5,8	4,5
41,00	0,93	5,0	5,8	4,5
41,02	0,94	5,0	5,8	4,5
41,05	0,93	5,0	5,8	4,5
41,07	0,94	5,0	5,8	4,5
41,09	0,95	5,0	5,8	4,5
41,12	0,96	5,0	5,8	4,5
41,14	0,95	5,0	5,8	4,5
41,17	0,95	5,0	5,8	4,5
41,19	0,97	5,0	5,8	4,5
41,22	0,97	5,0	5,8	4,5
41,24	0,98	5,0	5,8	4,5
41,26	0,98	5,0	5,8	4,5
41,29	0,98	5,0	5,8	4,5
41,31	0,99	5,0	5,8	4,5
41,34	1,00	5,0	5,8	4,5
41,36	0,99	5,0	5,8	4,5
41,39	0,99	5,0	5,8	4,5
41,41	1,00	5,0	5,8	4,5
41,44	1,01	5,0	5,8	4,5
41,46	1,01	5,0	5,8	4,5
41,48	1,01	5,0	5,8	4,5
41,51	1,03	5,0	5,8	4,5
41,53	1,03	5,0	5,8	4,5
41,56	1,03	5,0	5,8	4,5
41,58	1,03	5,0	5,8	4,5
41,61	1,04	5,0	5,8	4,5
41,63	1,05	5,0	5,8	4,5
41,66	1,04	5,0	5,8	4,5
41,68	1,05	5,0	5,8	4,5
41,70	1,06	5,0	5,8	4,5
41,73	1,06	5,0	5,8	4,5
41,75	1,06	5,0	5,8	4,5
41,78	1,06	5,0	5,8	4,5
41,80	1,07	5,0	5,8	4,5
41,83	1,08	5,0	5,8	4,5
41,85	1,07	5,0	5,8	4,5
41,88	1,08	5,0	5,8	4,5
41,90	1,07	5,0	5,8	4,5
41,92	1,08	5,0	5,8	4,5
41,95	1,09	5,0	5,8	4,5
41,97	1,09	5,0	5,8	4,5
42,00	1,09	5,0	5,8	4,5
42,02	1,11	5,0	5,8	4,5
42,05	1,11	5,0	5,8	4,5
42,07	1,11	5,0	5,8	4,5
42,10	1,11	5,0	5,8	4,5
42,12	1,12	5,0	5,8	4,5
42,14	1,13	5,0	5,8	4,5
42,17	1,13	5,0	5,8	4,5
42,19	1,13	5,0	5,8	4,5
42,22	1,15	5,0	5,8	4,5
42,24	1,15	5,0	5,8	4,5
42,27	1,15	5,0	5,8	4,5
42,29	1,15	5,0	5,8	4,5
42,31	1,16	5,0	5,8	4,5
42,34	1,17	5,0	5,8	4,5
42,36	1,16	5,0	5,8	4,5
42,39	1,16	5,0	5,8	4,5
42,41	1,17	5,0	5,8	4,5
42,44	1,18	5,0	5,8	4,5
42,46	1,18	5,0	5,8	4,5
42,49	1,18	5,0	5,8	4,5
42,51	1,19	5,0	5,8	4,5
42,53	1,20	5,0	5,8	4,5
42,56	1,19	5,0	5,8	4,5
42,58	1,19	5,0	5,8	4,5
42,61	1,20	5,0	5,8	4,5
42,63	1,20	5,0	5,8	4,5
42,66	1,20	5,0	5,8	4,5
42,68	1,20	5,0	5,8	4,5
42,71	1,22	5,0	5,8	4,5
42,73	1,22	5,0	5,8	4,5
42,75	1,21	5,0	5,8	4,5
42,78	1,22	5,0	5,8	4,5
42,80	1,23	5,0	5,8	4,5
42,83	1,23	5,0	5,8	4,5
42,85	1,22	5,0	5,8	4,5
42,88	1,22	5,0	5,8	4,5
42,90	1,24	5,0	5,8	4,5
42,93	1,24	5,0	5,8	4,5
42,95	1,23	5,0	5,8	4,5
42,97	1,24	5,0	5,8	4,5
43,00	1,25	5,0	5,8	4,5
43,02	1,26	5,0	5,8	4,5
43,05	1,25	5,0	5,8	4,5
43,07	1,25	5,0	5,8	4,5
43,10	1,26	5,0	5,8	4,5
43,12	1,26	5,0	5,8	4,5
43,15	1,26	5,0	5,8	4,5
43,17	1,26	5,0	5,8	4,5
43,19	1,27	5,0	5,8	4,5
43,22	1,28	5,0	5,8	4,5
43,24	1,27	5,0	5,8	4,5
43,27	1,27	5,0	5,8	4,5
43,29	1,29	5,0	5,8	4,5
43,32	1,29	5,0	5,8	4,5
43,34	1,28	5,0	5,8	4,5
43,36	1,29	5,0	5,8	4,5
43,39	1,30	5,0	5,8	4,5
43,41	1,31	5,0	5,8	4,5
43,44	1,30	5,0	5,8	4,5
43,46	1,31	5,0	5,8	4,5
43,49	1,32	5,0	5,8	4,5
43,51	1,32	5,0	5,8	4,5
43,54	1,31	5,0	5,8	4,5
43,56	1,32	5,0	5,8	4,5
43,58	1,32	5,0	5,8	4,5
43,61	1,33	5,0	5,8	4,5
43,63	1,32	5,0	5,8	4,5
43,66	1,33	5,0	5,8	4,5
43,68	1,33	5,0	5,8	4,5
43,71	1,34	5,0	5,8	4,5
43,73	1,35	5,0	5,8	4,5
43,76	1,34	5,0	5,8	4,5
43,78	1,34	5,0	5,8	4,5
43,80	1,35	5,0	5,8	4,5
43,83	1,35	5,0	5,8	4,5
43,85	1,35	5,0	5,8	4,5
43,88	1,36	5,0	5,8	4,5
43,90	1,36	5,0	5,8	4,5
43,93	1,37	5,0	5,8	4,5
43,95	1,36	5,0	5,8	4,5
43,98	1,36	5,0	5,8	4,5
44,00	1,37	5,0	5,8	4,5
44,02	1,37	5,0	5,8	4,5
44,05	1,37	5,0	5,8	4,5
44,07	1,37	5,0	5,8	4,5
44,10	1,38	5,0	5,8	4,5
44,12	1,38	5,0	5,8	4,5
44,15	1,37	5,0	5,8	4,5
44,17	1,38	5,0	5,8	4,5
44,20	1,39	5,0	5,8	4,5
44,22	1,39	5,0	5,8	4,5
44,24	1,39	5,0	5,8	4,5
44,27	1,38	5,0	5,8	4,5
44,29	1,39	5,0	5,8	4,5
44,32	1,39	5,0	5,8	4,5
44,34	1,40	5,0	5,8	4,5
44,37	1,39	5,0	5,8	4,5
44,39	1,39	5,0	5,8	4,5
44,41	1,40	5,0	5,8	4,5
44,44	1,41	5,0	5,8	4,5
44,46	1,39	5,0	5,8	4,5
44,49	1,40	5,0	5,8	4,5
44,51	1,41	5,0	5,8	4,5
44,54	1,41	5,0	5,8	4,5
44,56	1,40	5,0	5,8	4,5
44,59	1,41	5,0	5,8	4,5
44,61	1,42	5,0	5,8	4,5
44,63	1,43	5,0	5,8	4,5
44,66	1,42	5,0	5,8	4,5
44,68	1,42	5,0	5,8	4,5
44,71	1,43	5,0	5,8	4,5
44,73	1,43	5,0	5,8	4,5
44,76	1,42	5,0	5,8	4,5
44,78	1,42	5,0	5,8	4,5
44,81	1,44	5,0	5,8	4,5
44,83	1,44	5,0	5,8	4,5
44,85	1,43	5,0	5,8	4,5
44,88	1,44	5,0	5,8	4,5
44,90	1,45	5,0	5,8	4,5
44,93	1,45	5,0	5,8	4,5
44,95	1,44	5,0	5,8	4,5
44,98	1,44	5,0	5,8	4,5
45,00	1,45	5,0	5,8	4,5
45,03	1,45	5,0	5,8	4,5
45,05	1,45	5,0	5,8	4,5
45,07	1,45	5,0	5,8	4,5
45,10	1,46	5,0	5,8	4,5
45,12	1,46	5,0	5,8	4,5
45,15	1,45	5,0	5,8	4,5
45,17	1,45	5,0	5,8	4,5
45,20	1,47	5,0	5,8	4,5
45,22	1,46	5,0	5,8	4,5
45,25	1,46	5,0	5,8	4,5
45,27	1,46	5,0	5,8	4,5
45,29	1,47	5,0	5,8	4,5
45,32	1,47	5,0	5,8	4,5
45,34	1,46	5,0	5,8	4,5
45,37	1,47	5,0	5,8	4,5
45,39	1,48	5,0	5,8	4,5
45,42	1,48	5,0	5,8	4,5
45,44	1,47	5,0	5,8	4,5
45,47	1,47	5,0	5,8	4,5
45,49	1,48	5,0	5,8	4,5
45,51	1,47	5,0	5,8	4,5
45,54	1,47	5,0	5,8	4,5
45,56	1,47	5,0	5,8	4,5
45,59	1,48	5,0	5,8	4,5
45,61	1,48	5,0	5,8	4,5
45,64	1,48	5,0	5,8	4,5
45,66	1,48	5,0	5,8	4,5
45,68	1,48	5,0	5,8	4,5
45,71	1,48	5,0	5,8	4,5
45,73	1,48	5,0	5,8	4,5
45,76	1,49	5,0	5,8	4,5
45,78	1,49	5,0	5,8	4,5
45,81	1,49	5,0	5,8	4,5
45,83	1,49	5,0	5,8	4,5
45,86	1,49	5,0	5,8	4,5
45,88	1,50	5,0	5,8	4,5
45,90	1,49	5,0	5,8	4,5
45,93	1,49	5,0	5,8	4,5
45,95	1,50	5,0	5,8	4,5
45,98	1,50	5,0	5,8	4,5
46,00	1,49	5,0	5,8	4,5
46,03	1,49	5,0	5,8	4,5
46,05	1,50	5,0	5,8	4,5
46,08	1,50	5,0	5,8	4,5
46,10	1,50	5,0	5,8	4,5
46,12	1,50	5,0	5,8	4,5
46,15	1,50	5,0	5,8	4,5
46,17	1,50	5,0	5,8	4,5
46,20	1,51	5,0	5,8	4,5
46,22	1,51	5,0	5,8	4,5
46,25	1,50	5,0	5,8	4,5
46,27	1,50	5,0	5,8	4,5
46,30	1,51	5,0	5,8	4,5
46,32	1,50	5,0	5,8	4,5
46,34	1,50	5,0	5,8	4,5
46,37	1,50	5,0	5,8	4,5
46,39	1,51	5,0	5,8	4,5
46,42	1,51	5,0	5,8	4,5
46,44	1,50	5,0	5,8	4,5
46,47	1,51	5,0	5,8	4,5
46,49	1,51	5,0	5,8	4,5
46,52	1,51	5,0	5,8	4,5
46,54	1,51	5,0	5,8	4,5
46,56	1,51	5,0	5,8	4,5
46,59	1,52	5,0	5,8	4,5
46,61	1,51	5,0	5,8	4,5
46,64	1,51	5,0	5,8	4,5
46,66	1,51	5,0	5,8	4,5
46,69	1,51	5,0	5,8	4,5
46,71	1,50	5,0	5,8	4,5
46,73	1,50	5,0	5,8	4,5
46,76	1,50	5,0	5,8	4,5
46,78	1,50	5,0	5,8	4,5
46,81	1,51	5,0	5,8	4,5
46,83	1,51	5,0	5,8	4,5
46,86	1,50	5,0	5,8	4,5
46,88	1,50	5,0	5,8	4,5
46,91	1,51	5,0	5,8	4,5
46,93	1,50	5,0	5,8	4,5
46,95	1,50	5,0	5,8	4,5
46,98	1,50	5,0	5,8	4,5
47,00	1,51	5,0	5,8	4,5
47,03	1,51	5,0	5,8	4,5
47,05	1,50	5,0	5,8	4,5
47,08	1,50	5,0	5,8	4,5
47,10	1,51	5,0	5,8	4,5
47,13	1,50	5,0	5,8	4,5
47,15	1,49	5,0	5,8	4,5
47,17	1,49	5,0	5,8	4,5
47,20	1,50	5,0	5,8	4,5
47,22	1,50	5,0	5,8	4,5
47,25	1,49	5,0	5,8	4,5
47,27	1,49	5,0	5,8	4,5
47,30	1,49	5,0	5,8	4,5
47,32	1,49	5,0	5,8	4,5
47,35	1,48	5,0	5,8	4,5
47,37	1,49	5,0	5,8	4,5
47,39	1,48	5,0	5,8	4,5
47,42	1,48	5,0	5,8	4,5
47,44	1,47	5,0	5,8	4,5
47,47	1,47	5,0	5,8	4,5
47,49	1,47	5,0	5,8	4,5
47,52	1,47	5,0	5,8	4,5
47,54	1,47	5,0	5,8	4,5
47,57	1,47	5,0	5,8	4,5
47,59	1,47	5,0	5,8	4,5
47,61	1,45	5,0	5,8	4,5
47,64	1,45	5,0	5,8	4,5
47,66	1,46	5,0	5,8	4,5
47,69	1,45	5,0	5,8	4,5
47,71	1,44	5,0	5,8	4,5
47,74	1,44	5,0	5,8	4,5
47,76	1,45	5,0	5,8	4,5
47,78	1,44	5,0	5,8	4,5
47,81	1,43	5,0	5,8	4,5
47,83	1,43	5,0	5,8	4,5
47,86	1,43	5,0	5,8	4,5
47,88	1,42	5,0	5,8	4,5
47,91	1,41	5,0	5,8	4,5
47,93	1,41	5,0	5,8	4,5
47,96	1,41	5,0	5,8	4,5
47,98	1,41	5,0	5,8	4,5
48,00	1,39	5,0	5,8	4,5
48,03	1,39	5,0	5,8	4,5
48,05	1,40	5,0	5,8	4,5
48,08	1,39	5,0	5,8	4,5
48,10	1,37	5,0	5,8	4,5
48,13	1,37	5,0	5,8	4,5
48,15	1,37	5,0	5,8	4,5
48,18	1,37	5,0	5,8	4,5
48,20	1,35	5,0	5,8	4,5
48,22	1,35	5,0	5,8	4,5
48,25	1,36	5,0	5,8	4,5
48,27	1,35	5,0	5,8	4,5
48,30	1,34	5,0	5,8	4,5
48,32	1,33	5,0	5,8	4,5
48,35	1,34	5,0	5,8	4,5
48,37	1,33	5,0	5,8	4,5
48,40	1,31	5,0	5,8	4,5
48,42	1,31	5,0	5,8	4,5
48,44	1,32	5,0	5,8	4,5
48,47	1,31	5,0	5,8	4,5
48,49	1,30	5,0	5,8	4,5
48,52	1,30	5,0	5,8	4,5
48,54	1,29	5,0	5,8	4,5
48,57	1,30	5,0	5,8	4,5
48,59	1,28	5,0	5,8	4,5
48,62	1,27	5,0	5,8	4,5
48,64	1,27	5,0	5,8	4,5
48,66	1,27	5,0	5,8	4,5
48,69	1,26	5,0	5,8	4,5
48,71	1,25	5,0	5,8	4,5
48,74	1,25	5,0	5,8	4,5
48,76	1,25	5,0	5,8	4,5
48,79	1,24	5,0	5,8	4,5
48,81	1,23	5,0	5,8	4,5
48,84	1,23	5,0	5,8	4,5
48,86	1,23	5,0	5,8	4,5
48,88	1,22	5,0	5,8	4,5
48,91	1,21	5,0	5,8	4,5
48,93	1,21	5,0	5,8	4,5
48,96	1,21	5,0	5,8	4,5
48,98	1,20	5,0	5,8	4,5
49,01	1,19	5,0	5,8	4,5
49,03	1,19	5,0	5,8	4,5
49,05	1,19	5,0	5,8	4,5
49,08	1,18	5,0	5,8	4,5
49,10	1,17	5,0	5,8	4,5
49,13	1,16	5,0	5,8	4,5
49,15	1,17	5,0	5,8	4,5
49,18	1,16	5,0	5,8	4,5
49,20	1,16	5,0	5,8	4,5
49,23	1,14	5,0	5,8	4,5
49,25	1,14	5,0	5,8	4,5
49,27	1,14	5,0	5,8	4,5
49,30	1,13	5,0	5,8	4,5
49,32	1,12	5,0	5,8	4,5
49,35	1,11	5,0	5,8	4,5
49,37	1,11	5,0	5,8	4,5
49,40	1,11	5,0	5,8	4,5
49,42	1,09	5,0	5,8	4,5
49,45	1,09	5,0	5,8	4,5
49,47	1,09	5,0	5,8	4,5
49,49	1,08	5,0	5,8	4,5
49,52	1,07	5,0	5,8	4,5
49,54	1,06	5,0	5,8	4,5
49,57	1,06	5,0	5,8	4,5
49,59	1,05	5,0	5,8	4,5
49,62	1,03	5,0	5,8	4,5
49,64	1,03	5,0	5,8	4,5
49,67	1,04	5,0	5,8	4,5
49,69	1,03	5,0	5,8	4,5
49,71	1,01	5,0	5,8	4,5
49,74	1,01	5,0	5,8	4,5
49,76	1,01	5,0	5,8	4,5
49,79	1,00	5,0	5,8	4,5
49,81	0,98	5,0	5,8	4,5
49,84	0,97	5,0	5,8	4,5
49,86	0,97	5,0	5,8	4,5
49,89	0,97	5,0	5,8	4,5
49,91	0,95	5,0	5,8	4,5
49,93	0,95	5,0	5,8	4,5
49,96	0,96	5,0	5,8	4,5
49,98	0,95	5,0	5,8	4,5
50,01	0,93	5,0	5,8	4,5
50,03	0,92	5,0	5,8	4,5
50,06	0,92	5,0	5,8	4,5
50,08	0,92	5,0	5,8	4,5
50,10	0,90	5,0	5,8	4,5
50,13	0,90	5,0	5,8	4,5
50,15	0,90	5,0	5,8	4,5
50,18	0,89	5,0	5,8	4,5
50,20	0,87	5,0	5,8	4,5
50,23	0,87	5,0	5,8	4,5
50,25	0,88	5,0	5,8	4,5
50,28	0,87	5,0	5,8	4,5
50,30	0,85	5,0	5,8	4,5
50,32	0,84	5,0	5,8	4,5
50,35	0,85	5,0	5,8	4,5
50,37	0,84	5,0	5,8	4,5
50,40	0,82	5,0	5,8	4,5
50,42	0,82	5,0	5,8	4,5
50,45	0,83	5,0	5,8	4,5
50,47	0,82	5,0	5,8	4,5
50,50	0,80	5,0	5,8	4,5
50,52	0,80	5,0	5,8	4,5
50,54	0,80	5,0	5,8	4,5
50,57	0,79	5,0	5,8	4,5
50,59	0,78	5,0	5,8	4,5
50,62	0,78	5,0	5,8	4,5
50,64	0,78	5,0	5,8	4,5
50,67	0,77	5,0	5,8	4,5
50,69	0,75	5,0	5,8	4,5
50,72	0,75	5,0	5,8	4,5
50,74	0,75	5,0	5,8	4,5
50,76	0,74	5,0	5,8	4,5
50,79	0,73	5,0	5,8	4,5
50,81	0,73	5,0	5,8	4,5
50,84	0,72	5,0	5,8	4,5
50,86	0,72	5,0	5,8	4,5
50,89	0,71	5,0	5,8	4,5
50,91	0,71	5,0	5,8	4,5
50,94	0,71	5,0	5,8	4,5
50,96	0,69	5,0	5,8	4,5
50,98	0,69	5,0	5,8	4,5
51,01	0,67	5,0	5,8	4,5
51,03	0,66	5,0	5,8	4,5
51,06	0,66	5,0	5,8	4,5
51,08	0,66	5,0	5,8	4,5
51,11	0,64	5,0	5,8	4,5
51,13	0,64	5,0	5,8	4,5
51,15	0,64	5,0	5,8	4,5
51,18	0,63	5,0	5,8	4,5
51,20	0,62	5,0	5,8	4,5
51,23	0,61	5,0	5,8	4,5
51,25	0,61	5,0	5,8	4,5
51,28	0,61	5,0	5,8	4,5
51,30	0,59	5,0	5,8	4,5
51,33	0,59	5,0	5,8	4,5
51,35	0,59	5,0	5,8	4,5
51,37	0,58	5,0	5,8	4,5
51,40	0,57	5,0	5,8	4,5
51,42	0,57	5,0	5,8	4,5
51,45	0,57	5,0	5,8	4,5
51,47	0,56	5,0	5,8	4,5
51,50	0,55	5,0	5,8	4,5
51,52	0,54	5,0	5,8	4,5
51,55	0,55	5,0	5,8	4,5
51,57	0,53	5,0	5,8	4,5
51,59	0,52	5,0	5,8	4,5
51,62	0,52	5,0	5,8	4,5
51,64	0,52	5,0	5,8	4,5
51,67	0,52	5,0	5,8	4,5
51,69	0,51	5,0	5,8	4,5
51,72	0,50	5,0	5,8	4,5
51,74	0,49	5,0	5,8	4,5
51,77	0,50	5,0	5,8	4,5
51,79	0,49	5,0	5,8	4,5
51,81	0,48	5,0	5,8	4,5
51,84	0,47	5,0	5,8	4,5
51,86	0,48	5,0	5,8	4,5
51,89	0,47	5,0	5,8	4,5
51,91	0,46	5,0	5,8	4,5
51,94	0,46	5,0	5,8	4,5
51,96	0,46	5,0	5,8	4,5
51,99	0,45	5,0	5,8	4,5
52,01	0,44	5,0	5,8	4,5
52,03	0,44	5,0	5,8	4,5
52,06	0,45	5,0	5,8	4,5
52,08	0,44	5,0	5,8	4,5
52,11	0,43	5,0	5,8	4,5
52,13	0,43	5,0	5,8	4,5
52,16	0,43	5,0	5,8	4,5
52,18	0,42	5,0	5,8	4,5
52,20	0,41	5,0	5,8	4,5
52,23	0,41	5,0	5,8	4,5
52,25	0,42	5,0	5,8	4,5
52,28	0,41	5,0	5,8	4,5
52,30	0,40	5,0	5,8	4,5
52,33	0,40	5,0	5,8	4,5
52,35	0,41	5,0	5,8	4,5
52,38	0,40	5,0	5,8	4,5
52,40	0,39	5,0	5,8	4,5
52,42	0,39	5,0	5,8	4,5
52,45	0,39	5,0	5,8	4,5
52,47	0,38	5,0	5,8	4,5
52,50	0,37	5,0	5,8	4,5
52,52	0,38	5,0	5,8	4,5
52,55	0,38	5,0	5,8	4,5
52,57	0,37	5,0	5,8	4,5
52,60	0,36	5,0	5,8	4,5
52,62	0,37	5,0	5,8	4,5
52,64	0,37	5,0	5,8	4,5
52,67	0,36	5,0	5,8	4,5
52,69	0,35	5,0	5,8	4,5
52,72	0,35	5,0	5,8	4,5
52,74	0,35	5,0	5,8	4,5
52,77	0,35	5,0	5,8	4,5
52,79	0,34	5,0	5,8	4,5
52,82	0,35	5,0	5,8	4,5
52,84	0,35	5,0	5,8	4,5
52,86	0,34	5,0	5,8	4,5
52,89	0,34	5,0	5,8	4,5
52,91	0,34	5,0	5,8	4,5
52,94	0,33	5,0	5,8	4,5
52,96	0,32	5,0	5,8	4,5
52,99	0,32	5,0	5,8	4,5
53,01	0,33	5,0	5,8	4,5
53,04	0,33	5,0	5,8	4,5
53,06	0,32	5,0	5,8	4,5
53,08	0,32	5,0	5,8	4,5
53,11	0,32	5,0	5,8	4,5
53,13	0,32	5,0	5,8	4,5
53,16	0,31	5,0	5,8	4,5
53,18	0,30	5,0	5,8	4,5
53,21	0,31	5,0	5,8	4,5
53,23	0,31	5,0	5,8	4,5
53,26	0,30	5,0	5,8	4,5
53,28	0,30	5,0	5,8	4,5
53,30	0,31	5,0	5,8	4,5
53,33	0,30	5,0	5,8	4,5
53,35	0,29	5,0	5,8	4,5
53,38	0,29	5,0	5,8	4,5
53,40	0,30	5,0	5,8	4,5
53,43	0,29	5,0	5,8	4,5
53,45	0,30	5,0	5,8	4,5
53,47	0,29	5,0	5,8	4,5
53,50	0,28	5,0	5,8	4,5
53,52	0,29	5,0	5,8	4,5
53,55	0,29	5,0	5,8	4,5
53,57	0,28	5,0	5,8	4,5
53,60	0,28	5,0	5,8	4,5
53,62	0,28	5,0	5,8	4,5
53,65	0,28	5,0	5,8	4,5
53,67	0,28	5,0	5,8	4,5
53,69	0,27	5,0	5,8	4,5
53,72	0,28	5,0	5,8	4,5
53,74	0,28	5,0	5,8	4,5
53,77	0,27	5,0	5,8	4,5
53,79	0,27	5,0	5,8	4,5
53,82	0,27	5,0	5,8	4,5
53,84	0,27	5,0	5,8	4,5
53,87	0,27	5,0	5,8	4,5
53,89	0,27	5,0	5,8	4,5
53,91	0,27	5,0	5,8	4,5
53,94	0,27	5,0	5,8	4,5
53,96	0,27	5,0	5,8	4,5
53,99	0,27	5,0	5,8	4,5
54,01	0,27	5,0	5,8	4,5
54,04	0,27	5,0	5,8	4,5
54,06	0,27	5,0	5,8	4,5
54,09	0,26	5,0	5,8	4,5
54,11	0,26	5,0	5,8	4,5
54,13	0,26	5,0	5,8	4,5
54,16	0,27	5,0	5,8	4,5
54,18	0,26	5,0	5,8	4,5
54,21	0,26	5,0	5,8	4,5
54,23	0,26	5,0	5,8	4,5
54,26	0,27	5,0	5,8	4,5
54,28	0,27	5,0	5,8	4,5
54,31	0,26	5,0	5,8	4,5
54,33	0,27	5,0	5,8	4,5
54,35	0,27	5,0	5,8	4,5
54,38	0,26	5,0	5,8	4,5
54,40	0,26	5,0	5,8	4,5
54,43	0,27	5,0	5,8	4,5
54,45	0,27	5,0	5,8	4,5
54,48	0,27	5,0	5,8	4,5
54,50	0,26	5,0	5,8	4,5
54,52	0,27	5,0	5,8	4,5
54,55	0,28	5,0	5,8	4,5
54,57	0,27	5,0	5,8	4,5
54,60	0,27	5,0	5,8	4,5
54,62	0,27	5,0	5,8	4,5
54,65	0,27	5,0	5,8	4,5
54,67	0,27	5,0	5,8	4,5
54,70	0,27	5,0	5,8	4,5
54,72	0,28	5,0	5,8	4,5
54,74	0,29	5,0	5,8	4,5
54,77	0,28	5,0	5,8	4,5
54,79	0,28	5,0	5,8	4,5
54,82	0,29	5,0	5,8	4,5
54,84	0,29	5,0	5,8	4,5
54,87	0,28	5,0	5,8	4,5
54,89	0,29	5,0	5,8	4,5
54,92	0,30	5,0	5,8	4,5
54,94	0,30	5,0	5,8	4,5
54,96	0,29	5,0	5,8	4,5
54,99	0,29	5,0	5,8	4,5
55,01	0,30	5,0	5,8	4,5
55,04	0,30	5,0	5,8	4,5
55,06	0,29	5,0	5,8	4,5
55,09	0,29	5,0	5,8	4,5
55,11	0,31	5,0	5,8	4,5
55,14	0,31	5,0	5,8	4,5
55,16	0,31	5,0	5,8	4,5
55,18	0,32	5,0	5,8	4,5
55,21	0,33	5,0	5,8	4,5
55,23	0,32	5,0	5,8	4,5
55,26	0,32	5,0	5,8	4,5
55,28	0,32	5,0	5,8	4,5
55,31	0,33	5,0	5,8	4,5
55,33	0,33	5,0	5,8	4,5
55,36	0,33	5,0	5,8	4,5
55,38	0,33	5,0	5,8	4,5
55,40	0,35	5,0	5,8	4,5
55,43	0,35	5,0	5,8	4,5
55,45	0,34	5,0	5,8	4,5
55,48	0,35	5,0	5,8	4,5
55,50	0,36	5,0	5,8	4,5
55,53	0,36	5,0	5,8	4,5
55,55	0,35	5,0	5,8	4,5
55,57	0,36	5,0	5,8	4,5
55,60	0,37	5,0	5,8	4,5
55,62	0,37	5,0	5,8	4,5
55,65	0,36	5,0	5,8	4,5
55,67	0,37	5,0	5,8	4,5
55,70	0,39	5,0	5,8	4,5
55,72	0,38	5,0	5,8	4,5
55,75	0,38	5,0	5,8	4,5
55,77	0,39	5,0	5,8	4,5
55,79	0,40	5,0	5,8	4,5
55,82	0,39	5,0	5,8	4,5
55,84	0,39	5,0	5,8	4,5
55,87	0,39	5,0	5,8	4,5
55,89	0,40	5,0	5,8	4,5
55,92	0,41	5,0	5,8	4,5
55,94	0,41	5,0	5,8	4,5
55,97	0,40	5,0	5,8	4,5
55,99	0,41	5,0	5,8	4,5
56,01	0,42	5,0	5,8	4,5
56,04	0,41	5,0	5,8	4,5
56,06	0,41	5,0	5,8	4,5
56,09	0,41	5,0	5,8	4,5
56,11	0,42	5,0	5,8	4,5
56,14	0,42	5,0	5,8	4,5
56,16	0,42	5,0	5,8	4,5
56,19	0,42	5,0	5,8	4,5
56,21	0,44	5,0	5,8	4,5
56,23	0,44	5,0	5,8	4,5
56,26	0,43	5,0	5,8	4,5
56,28	0,44	5,0	5,8	4,5
56,31	0,45	5,0	5,8	4,5
56,33	0,45	5,0	5,8	4,5
56,36	0,45	5,0	5,8	4,5
56,38	0,46	5,0	5,8	4,5
56,41	0,47	5,0	5,8	4,5
56,43	0,47	5,0	5,8	4,5
56,45	0,47	5,0	5,8	4,5
56,48	0,48	5,0	5,8	4,5
56,50	0,49	5,0	5,8	4,5
56,53	0,49	5,0	5,8	4,5
56,55	0,50	5,0	5,8	4,5
56,58	0,50	5,0	5,8	4,5
56,60	0,50	5,0	5,8	4,5
56,62	0,51	5,0	5,8	4,5
56,65	0,52	5,0	5,8	4,5
56,67	0,52	5,0	5,8	4,5
56,70	0,53	5,0	5,8	4,5
56,72	0,54	5,0	5,8	4,5
56,75	0,54	5,0	5,8	4,5
56,77	0,53	5,0	5,8	4,5
56,80	0,54	5,0	5,8	4,5
56,82	0,55	5,0	5,8	4,5
56,84	0,56	5,0	5,8	4,5
56,87	0,55	5,0	5,8	4,5
56,89	0,56	5,0	5,8	4,5
56,92	0,57	5,0	5,8	4,5
56,94	0,57	5,0	5,8	4,5
56,97	0,57	5,0	5,8	4,5
56,99	0,58	5,0	5,8	4,5
57,02	0,59	5,0	5,8	4,5
57,04	0,59	5,0	5,8	4,5
57,06	0,59	5,0	5,8	4,5
57,09	0,60	5,0	5,8	4,5
57,11	0,62	5,0	5,8	4,5
57,14	0,62	5,0	5,8	4,5
57,16	0,61	5,0	5,8	4,5
57,19	0,63	5,0	5,8	4,5
57,21	0,64	5,0	5,8	4,5
57,24	0,63	5,0	5,8	4,5
57,26	0,63	5,0	5,8	4,5
57,28	0,64	5,0	5,8	4,5
57,31	0,65	5,0	5,8	4,5
57,33	0,65	5,0	5,8	4,5
57,36	0,65	5,0	5,8	4,5
57,38	0,66	5,0	5,8	4,5
57,41	0,67	5,0	5,8	4,5
57,43	0,67	5,0	5,8	4,5
57,46	0,67	5,0	5,8	4,5
57,48	0,68	5,0	5,8	4,5
57,50	0,69	5,0	5,8	4,5
57,53	0,69	5,0	5,8	4,5
57,55	0,69	5,0	5,8	4,5
57,58	0,71	5,0	5,8	4,5
57,60	0,72	5,0	5,8	4,5
57,63	0,71	5,0	5,8	4,5
57,65	0,71	5,0	5,8	4,5
57,68	0,73	5,0	5,8	4,5
57,70	0,74	5,0	5,8	4,5
57,72	0,74	5,0	5,8	4,5
57,75	0,73	5,0	5,8	4,5
57,77	0,75	5,0	5,8	4,5
57,80	0,76	5,0	5,8	4,5
57,82	0,76	5,0	5,8	4,5
57,85	0,76	5,0	5,8	4,5
57,87	0,77	5,0	5,8	4,5
57,89	0,78	5,0	5,8	4,5
57,92	0,78	5,0	5,8	4,5
57,94	0,78	5,0	5,8	4,5
57,97	0,79	5,0	5,8	4,5
57,99	0,80	5,0	5,8	4,5
58,02	0,80	5,0	5,8	4,5
58,04	0,80	5,0	5,8	4,5
58,07	0,82	5,0	5,8	4,5
58,09	0,83	5,0	5,8	4,5
58,11	0,82	5,0	5,8	4,5
58,14	0,83	5,0	5,8	4,5
58,16	0,84	5,0	5,8	4,5
58,19	0,85	5,0	5,8	4,5
58,21	0,84	5,0	5,8	4,5
58,24	0,85	5,0	5,8	4,5
58,26	0,87	5,0	5,8	4,5
58,29	0,87	5,0	5,8	4,5
58,31	0,88	5,0	5,8	4,5
58,33	0,88	5,0	5,8	4,5
58,36	0,88	5,0	5,8	4,5
58,38	0,89	5,0	5,8	4,5
58,41	0,90	5,0	5,8	4,5
58,43	0,90	5,0	5,8	4,5
58,46	0,90	5,0	5,8	4,5
58,48	0,91	5,0	5,8	4,5
58,51	0,92	5,0	5,8	4,5
58,53	0,92	5,0	5,8	4,5
58,55	0,92	5,0	5,8	4,5
58,58	0,94	5,0	5,8	4,5
58,60	0,94	5,0	5,8	4,5
58,63	0,95	5,0	5,8	4,5
58,65	0,95	5,0	5,8	4,5
58,68	0,96	5,0	5,8	4,5
58,70	0,97	5,0	5,8	4,5
58,73	0,97	5,0	5,8	4,5
58,75	0,97	5,0	5,8	4,5
58,77	0,99	5,0	5,8	4,5
58,80	1,00	5,0	5,8	4,5
58,82	1,00	5,0	5,8	4,5
58,85	1,00	5,0	5,8	4,5
58,87	1,01	5,0	5,8	4,5
58,90	1,02	5,0	5,8	4,5
58,92	1,02	5,0	5,8	4,5
58,94	1,02	5,0	5,8	4,5
58,97	1,03	5,0	5,8	4,5
58,99	1,04	5,0	5,8	4,5
59,02	1,06	5,0	5,8	4,5
59,04	1,06	5,0	5,8	4,5
59,07	1,06	5,0	5,8	4,5
59,09	1,07	5,0	5,8	4,5
59,12	1,09	5,0	5,8	4,5
59,14	1,08	5,0	5,8	4,5
59,16	1,08	5,0	5,8	4,5
59,19	1,10	5,0	5,8	4,5
59,21	1,11	5,0	5,8	4,5
59,24	1,10	5,0	5,8	4,5
59,26	1,11	5,0	5,8	4,5
59,29	1,12	5,0	5,8	4,5
59,31	1,13	5,0	5,8	4,5
59,34	1,13	5,0	5,8	4,5
59,36	1,13	5,0	5,8	4,5
59,38	1,14	5,0	5,8	4,5
59,41	1,15	5,0	5,8	4,5
59,43	1,15	5,0	5,8	4,5
59,46	1,15	5,0	5,8	4,5
59,48	1,17	5,0	5,8	4,5
59,51	1,18	5,0	5,8	4,5
59,53	1,18	5,0	5,8	4,5
59,56	1,18	5,0	5,8	4,5
59,58	1,20	5,0	5,8	4,5
59,60	1,21	5,0	5,8	4,5
59,63	1,20	5,0	5,8	4,5
59,65	1,20	5,0	5,8	4,5
59,68	1,22	5,0	5,8	4,5
59,70	1,23	5,0	5,8	4,5
59,73	1,23	5,0	5,8	4,5
59,75	1,23	5,0	5,8	4,5
59,78	1,25	5,0	5,8	4,5
59,80	1,25	5,0	5,8	4,5
59,82	1,25	5,0	5,8	4,5
59,85	1,26	5,0	5,8	4,5
59,87	1,27	5,0	5,8	4,5
59,90	1,28	5,0	5,8	4,5
59,92	1,27	5,0	5,8	4,5
59,95	1,28	5,0	5,8	4,5
59,97	1,30	5,0	5,8	4,5
59,99	1,31	5,0	5,8	4,5
60,02	1,31	5,0	5,8	4,5
60,04	1,31	5,0	5,8	4,5
60,07	1,32	5,0	5,8	4,5
60,09	1,33	5,0	5,8	4,5
60,12	1,33	5,0	5,8	4,5
60,14	1,34	5,0	5,8	4,5
60,17	1,35	5,0	5,8	4,5
60,19	1,35	5,0	5,8	4,5
60,21	1,36	5,0	5,8	4,5
60,24	1,36	5,0	5,8	4,5
60,26	1,38	5,0	5,8	4,5
60,29	1,39	5,0	5,8	4,5
60,31	1,38	5,0	5,8	4,5
60,34	1,39	5,0	5,8	4,5
60,36	1,40	5,0	5,8	4,5
60,39	1,40	5,0	5,8	4,5
60,41	1,40	5,0	5,8	4,5
60,43	1,41	5,0	5,8	4,5
60,46	1,42	5,0	5,8	4,5
60,48	1,43	5,0	5,8	4,5
60,51	1,43	5,0	5,8	4,5
60,53	1,44	5,0	5,8	4,5
60,56	1,45	5,0	5,8	4,5
60,58	1,45	5,0	5,8	4,5
60,61	1,45	5,0	5,8	4,5
60,63	1,46	5,0	5,8	4,5
60,65	1,47	5,0	5,8	4,5
60,68	1,47	5,0	5,8	4,5
60,70	1,47	5,0	5,8	4,5
60,73	1,49	5,0	5,8	4,5
60,75	1,50	5,0	5,8	4,5
60,78	1,51	5,0	5,8	4,5
60,80	1,52	5,0	5,8	4,5
60,83	1,52	5,0	5,8	4,5
60,85	1,52	5,0	5,8	4,5
60,87	1,53	5,0	5,8	4,5
60,90	1,54	5,0	5,8	4,5
60,92	1,54	5,0	5,8	4,5
60,95	1,55	5,0	5,8	4,5
60,97	1,56	5,0	5,8	4,5
61,00	1,57	5,0	5,8	4,5
61,02	1,56	5,0	5,8	4,5
61,05	1,58	5,0	5,8	4,5
61,07	1,58	5,0	5,8	4,5
61,09	1,59	5,0	5,8	4,5
61,12	1,59	5,0	5,8	4,5
61,14	1,59	5,0	5,8	4,5
61,17	1,60	5,0	5,8	4,5
61,19	1,61	5,0	5,8	4,5
61,22	1,61	5,0	5,8	4,5
61,24	1,62	5,0	5,8	4,5
61,26	1,63	5,0	5,8	4,5
61,29	1,63	5,0	5,8	4,5
61,31	1,63	5,0	5,8	4,5
61,34	1,64	5,0	5,8	4,5
61,36	1,65	5,0	5,8	4,5
61,39	1,65	5,0	5,8	4,5
61,41	1,66	5,0	5,8	4,5
61,44	1,66	5,0	5,8	4,5
61,46	1,66	5,0	5,8	4,5
61,48	1,68	5,0	5,8	4,5
61,51	1,68	5,0	5,8	4,5
61,53	1,68	5,0	5,8	4,5
61,56	1,68	5,0	5,8	4,5
61,58	1,69	5,0	5,8	4,5
61,61	1,70	5,0	5,8	4,5
61,63	1,70	5,0	5,8	4,5
61,66	1,70	5,0	5,8	4,5
61,68	1,72	5,0	5,8	4,5
61,70	1,72	5,0	5,8	4,5
61,73	1,72	5,0	5,8	4,5
61,75	1,73	5,0	5,8	4,5
61,78	1,74	5,0	5,8	4,5
61,80	1,75	5,0	5,8	4,5
61,83	1,74	5,0	5,8	4,5
61,85	1,75	5,0	5,8	4,5
61,88	1,76	5,0	5,8	4,5
61,90	1,77	5,0	5,8	4,5
61,92	1,77	5,0	5,8	4,5
61,95	1,77	5,0	5,8	4,5
61,97	1,79	5,0	5,8	4,5
62,00	1,79	5,0	5,8	4,5
62,02	1,79	5,0	5,8	4,5
62,05	1,80	5,0	5,8	4,5
62,07	1,80	5,0	5,8	4,5
62,10	1,81	5,0	5,8	4,5
62,12	1,81	5,0	5,8	4,5
62,14	1,82	5,0	5,8	4,5
62,17	1,83	5,0	5,8	4,5
62,19	1,83	5,0	5,8	4,5
62,22	1,83	5,0	5,8	4,5
62,24	1,84	5,0	5,8	4,5
62,27	1,85	5,0	5,8	4,5
62,29	1,85	5,0	5,8	4,5
62,31	1,85	5,0	5,8	4,5
62,34	1,86	5,0	5,8	4,5
62,36	1,87	5,0	5,8	4,5
62,39	1,87	5,0	5,8	4,5
62,41	1,87	5,0	5,8	4,5
62,44	1,88	5,0	5,8	4,5
62,46	1,89	5,0	5,8	4,5
62,49	1,89	5,0	5,8	4,5
62,51	1,89	5,0	5,8	4,5
62,53	1,90	5,0	5,8	4,5
62,56	1,91	5,0	5,8	4,5
62,58	1,90	5,0	5,8	4,5
62,61	1,91	5,0	5,8	4,5
62,63	1,93	5,0	5,8	4,5
62,66	1,93	5,0	5,8	4,5
62,68	1,93	5,0	5,8	4,5
62,71	1,93	5,0	5,8	4,5
62,73	1,95	5,0	5,8	4,5
62,75	1,95	5,0	5,8	4,5
62,78	1,95	5,0	5,8	4,5
62,80	1,95	5,0	5,8	4,5
62,83	1,96	5,0	5,8	4,5
62,85	1,97	5,0	5,8	4,5
62,88	1,96	5,0	5,8	4,5
62,90	1,97	5,0	5,8	4,5
62,93	1,98	5,0	5,8	4,5
62,95	1,99	5,0	5,8	4,5
62,97	1,98	5,0	5,8	4,5
63,00	1,98	5,0	5,8	4,5
63,02	2,00	5,0	5,8	4,5
63,05	2,01	5,0	5,8	4,5
63,07	2,00	5,0	5,8	4,5
63,10	2,01	5,0	5,8	4,5
63,12	2,02	5,0	5,8	4,5
63,15	2,03	5,0	5,8	4,5
63,17	2,02	5,0	5,8	4,5
63,19	2,02	5,0	5,8	4,5
63,22	2,03	5,0	5,8	4,5
63,24	2,03	5,0	5,8	4,5
63,27	2,04	5,0	5,8	4,5
63,29	2,03	5,0	5,8	4,5
63,32	2,04	5,0	5,8	4,5
63,34	2,05	5,0	5,8	4,5
63,36	2,05	5,0	5,8	4,5
63,39	2,05	5,0	5,8	4,5
63,41	2,05	5,0	5,8	4,5
63,44	2,07	5,0	5,8	4,5
63,46	2,07	5,0	5,8	4,5
63,49	2,06	5,0	5,8	4,5
63,51	2,06	5,0	5,8	4,5
63,54	2,08	5,0	5,8	4,5
63,56	2,08	5,0	5,8	4,5
63,58	2,08	5,0	5,8	4,5
63,61	2,08	5,0	5,8	4,5
63,63	2,09	5,0	5,8	4,5
63,66	2,10	5,0	5,8	4,5
63,68	2,10	5,0	5,8	4,5
63,71	2,10	5,0	5,8	4,5
63,73	2,11	5,0	5,8	4,5
63,76	2,11	5,0	5,8	4,5
63,78	2,11	5,0	5,8	4,5
63,80	2,11	5,0	5,8	4,5
63,83	2,13	5,0	5,8	4,5
63,85	2,13	5,0	5,8	4,5
63,88	2,14	5,0	5,8	4,5
63,90	2,14	5,0	5,8	4,5
63,93	2,14	5,0	5,8	4,5
63,95	2,15	5,0	5,8	4,5
63,98	2,15	5,0	5,8	4,5
64,00	2,15	5,0	5,8	4,5
64,02	2,15	5,0	5,8	4,5
64,05	2,16	5,0	5,8	4,5
64,07	2,17	5,0	5,8	4,5
64,10	2,16	5,0	5,8	4,5
64,12	2,16	5,0	5,8	4,5
64,15	2,17	5,0	5,8	4,5
64,17	2,18	5,0	5,8	4,5
64,20	2,17	5,0	5,8	4,5
64,22	2,17	5,0	5,8	4,5
64,24	2,18	5,0	5,8	4,5
64,27	2,18	5,0	5,8	4,5
64,29	2,18	5,0	5,8	4,5
64,32	2,18	5,0	5,8	4,5
64,34	2,19	5,0	5,8	4,5
64,37	2,19	5,0	5,8	4,5
64,39	2,18	5,0	5,8	4,5
64,41	2,18	5,0	5,8	4,5
64,44	2,19	5,0	5,8	4,5
64,46	2,19	5,0	5,8	4,5
64,49	2,18	5,0	5,8	4,5
64,51	2,18	5,0	5,8	4,5
64,54	2,20	5,0	5,8	4,5
64,56	2,20	5,0	5,8	4,5
64,59	2,19	5,0	5,8	4,5
64,61	2,19	5,0	5,8	4,5
64,63	2,20	5,0	5,8	4,5
64,66	2,20	5,0	5,8	4,5
64,68	2,19	5,0	5,8	4,5
64,71	2,19	5,0	5,8	4,5
64,73	2,20	5,0	5,8	4,5
64,76	2,20	5,0	5,8	4,5
64,78	2,19	5,0	5,8	4,5
64,81	2,19	5,0	5,8	4,5
64,83	2,20	5,0	5,8	4,5
64,85	2,21	5,0	5,8	4,5
64,88	2,20	5,0	5,8	4,5
64,90	2,19	5,0	5,8	4,5
64,93	2,21	5,0	5,8	4,5
64,95	2,21	5,0	5,8	4,5
64,98	2,20	5,0	5,8	4,5
65,00	2,20	5,0	5,8	4,5
65,03	2,21	5,0	5,8	4,5
65,05	2,21	5,0	5,8	4,5
65,07	2,20	5,0	5,8	4,5
65,10	2,20	5,0	5,8	4,5
65,12	2,21	5,0	5,8	4,5
65,15	2,21	5,0	5,8	4,5
65,17	2,20	5,0	5,8	4,5
65,20	2,20	5,0	5,8	4,5
65,22	2,21	5,0	5,8	4,5
65,25	2,21	5,0	5,8	4,5
65,27	2,20	5,0	5,8	4,5
65,29	2,20	5,0	5,8	4,5
65,32	2,21	5,0	5,8	4,5
65,34	2,21	5,0	5,8	4,5
65,37	2,21	5,0	5,8	4,5
65,39	2,20	5,0	5,8	4,5
65,42	2,21	5,0	5,8	4,5
65,44	2,21	5,0	5,8	4,5
65,47	2,20	5,0	5,8	4,5
65,49	2,20	5,0	5,8	4,5
65,51	2,21	5,0	5,8	4,5
65,54	2,21	5,0	5,8	4,5
65,56	2,20	5,0	5,8	4,5
65,59	2,20	5,0	5,8	4,5
65,61	2,20	5,0	5,8	4,5
65,64	2,20	5,0	5,8	4,5
65,66	2,20	5,0	5,8	4,5
65,68	2,20	5,0	5,8	4,5
65,71	2,20	5,0	5,8	4,5
65,73	2,21	5,0	5,8	4,5
65,76	2,21	5,0	5,8	4,5
65,78	2,20	5,0	5,8	4,5
65,81	2,20	5,0	5,8	4,5
65,83	2,20	5,0	5,8	4,5
65,86	2,20	5,0	5,8	4,5
65,88	2,19	5,0	5,8	4,5
65,90	2,18	5,0	5,8	4,5
65,93	2,19	5,0	5,8	4,5
65,95	2,19	5,0	5,8	4,5
65,98	2,18	5,0	5,8	4,5
66,00	2,18	5,0	5,8	4,5
66,03	2,18	5,0	5,8	4,5
66,05	2,18	5,0	5,8	4,5
66,08	2,18	5,0	5,8	4,5
66,10	2,17	5,0	5,8	4,5
66,12	2,18	5,0	5,8	4,5
66,15	2,18	5,0	5,8	4,5
66,17	2,17	5,0	5,8	4,5
66,20	2,16	5,0	5,8	4,5
66,22	2,17	5,0	5,8	4,5
66,25	2,17	5,0	5,8	4,5
66,27	2,16	5,0	5,8	4,5
66,30	2,15	5,0	5,8	4,5
66,32	2,15	5,0	5,8	4,5
66,34	2,16	5,0	5,8	4,5
66,37	2,15	5,0	5,8	4,5
66,39	2,14	5,0	5,8	4,5
66,42	2,13	5,0	5,8	4,5
66,44	2,15	5,0	5,8	4,5
66,47	2,14	5,0	5,8	4,5
66,49	2,13	5,0	5,8	4,5
66,52	2,13	5,0	5,8	4,5
66,54	2,13	5,0	5,8	4,5
66,56	2,14	5,0	5,8	4,5
66,59	2,12	5,0	5,8	4,5
66,61	2,11	5,0	5,8	4,5
66,64	2,12	5,0	5,8	4,5
66,66	2,12	5,0	5,8	4,5
66,69	2,10	5,0	5,8	4,5
66,71	2,10	5,0	5,8	4,5
66,73	2,11	5,0	5,8	4,5
66,76	2,11	5,0	5,8	4,5
66,78	2,09	5,0	5,8	4,5
66,81	2,08	5,0	5,8	4,5
66,83	2,09	5,0	5,8	4,5
66,86	2,09	5,0	5,8	4,5
66,88	2,07	5,0	5,8	4,5
66,91	2,07	5,0	5,8	4,5
66,93	2,08	5,0	5,8	4,5
66,95	2,08	5,0	5,8	4,5
66,98	2,07	5,0	5,8	4,5
67,00	2,06	5,0	5,8	4,5
67,03	2,07	5,0	5,8	4,5
67,05	2,06	5,0	5,8	4,5
67,08	2,05	5,0	5,8	4,5
67,10	2,05	5,0	5,8	4,5
67,13	2,05	5,0	5,8	4,5
67,15	2,04	5,0	5,8	4,5
67,17	2,03	5,0	5,8	4,5
67,20	2,03	5,0	5,8	4,5
67,22	2,04	5,0	5,8	4,5
67,25	2,03	5,0	5,8	4,5
67,27	2,02	5,0	5,8	4,5
67,30	2,02	5,0	5,8	4,5
67,32	2,02	5,0	5,8	4,5
67,35	2,01	5,0	5,8	4,5
67,37	2,00	5,0	5,8	4,5
67,39	2,00	5,0	5,8	4,5
67,42	2,01	5,0	5,8	4,5
67,44	1,99	5,0	5,8	4,5
67,47	1,99	5,0	5,8	4,5
67,49	1,99	5,0	5,8	4,5
67,52	1,99	5,0	5,8	4,5
67,54	1,97	5,0	5,8	4,5
67,57	1,97	5,0	5,8	4,5
67,59	1,97	5,0	5,8	4,5
67,61	1,96	5,0	5,8	4,5
67,64	1,95	5,0	5,8	4,5
67,66	1,95	5,0	5,8	4,5
67,69	1,95	5,0	5,8	4,5
67,71	1,95	5,0	5,8	4,5
67,74	1,94	5,0	5,8	4,5
67,76	1,93	5,0	5,8	4,5
67,78	1,93	5,0	5,8	4,5
67,81	1,93	5,0	5,8	4,5
67,83	1,91	5,0	5,8	4,5
67,86	1,91	5,0	5,8	4,5
67,88	1,91	5,0	5,8	4,5
67,91	1,91	5,0	5,8	4,5
67,93	1,90	5,0	5,8	4,5
67,96	1,89	5,0	5,8	4,5
67,98	1,90	5,0	5,8	4,5
68,00	1,89	5,0	5,8	4,5
68,03	1,87	5,0	5,8	4,5
68,05	1,87	5,0	5,8	4,5
68,08	1,86	5,0	5,8	4,5
68,10	1,86	5,0	5,8	4,5
68,13	1,86	5,0	5,8	4,5
68,15	1,85	5,0	5,8	4,5
68,18	1,85	5,0	5,8	4,5
68,20	1,84	5,0	5,8	4,5
68,22	1,84	5,0	5,8	4,5
68,25	1,83	5,0	5,8	4,5
68,27	1,82	5,0	5,8	4,5
68,30	1,82	5,0	5,8	4,5
68,32	1,81	5,0	5,8	4,5
68,35	1,81	5,0	5,8	4,5
68,37	1,80	5,0	5,8	4,5
68,40	1,80	5,0	5,8	4,5
68,42	1,80	5,0	5,8	4,5
68,44	1,79	5,0	5,8	4,5
68,47	1,78	5,0	5,8	4,5
68,49	1,79	5,0	5,8	4,5
68,52	1,77	5,0	5,8	4,5
68,54	1,76	5,0	5,8	4,5
68,57	1,76	5,0	5,8	4,5
68,59	1,76	5,0	5,8	4,5
68,62	1,76	5,0	5,8	4,5
68,64	1,75	5,0	5,8	4,5
68,66	1,74	5,0	5,8	4,5
68,69	1,74	5,0	5,8	4,5
68,71	1,74	5,0	5,8	4,5
68,74	1,74	5,0	5,8	4,5
68,76	1,73	5,0	5,8	4,5
68,79	1,72	5,0	5,8	4,5
68,81	1,71	5,0	5,8	4,5
68,83	1,71	5,0	5,8	4,5
68,86	1,71	5,0	5,8	4,5
68,88	1,70	5,0	5,8	4,5
68,91	1,70	5,0	5,8	4,5
68,93	1,70	5,0	5,8	4,5
68,96	1,69	5,0	5,8	4,5
68,98	1,68	5,0	5,8	4,5
69,01	1,67	5,0	5,8	4,5
69,03	1,67	5,0	5,8	4,5
69,05	1,66	5,0	5,8	4,5
69,08	1,65	5,0	5,8	4,5
69,10	1,65	5,0	5,8	4,5
69,13	1,65	5,0	5,8	4,5
69,15	1,64	5,0	5,8	4,5
69,18	1,64	5,0	5,8	4,5
69,20	1,64	5,0	5,8	4,5
69,23	1,63	5,0	5,8	4,5
69,25	1,62	5,0	5,8	4,5
69,27	1,61	5,0	5,8	4,5
69,30	1,61	5,0	5,8	4,5
69,32	1,61	5,0	5,8	4,5
69,35	1,60	5,0	5,8	4,5
69,37	1,60	5,0	5,8	4,5
69,40	1,60	5,0	5,8	4,5
69,42	1,59	5,0	5,8	4,5
69,45	1,58	5,0	5,8	4,5
69,47	1,57	5,0	5,8	4,5
69,49	1,58	5,0	5,8	4,5
69,52	1,57	5,0	5,8	4,5
69,54	1,55	5,0	5,8	4,5
69,57	1,55	5,0	5,8	4,5
69,59	1,55	5,0	5,8	4,5
69,62	1,55	5,0	5,8	4,5
69,64	1,54	5,0	5,8	4,5
69,67	1,53	5,0	5,8	4,5
69,69	1,54	5,0	5,8	4,5
69,71	1,53	5,0	5,8	4,5
69,74	1,52	5,0	5,8	4,5
69,76	1,51	5,0	5,8	4,5
69,79	1,52	5,0	5,8	4,5
69,81	1,51	5,0	5,8	4,5
69,84	1,50	5,0	5,8	4,5
69,86	1,49	5,0	5,8	4,5
69,89	1,50	5,0	5,8	4,5
69,91	1,50	5,0	5,8	4,5
69,93	1,48	5,0	5,8	4,5
69,96	1,47	5,0	5,8	4,5
69,98	1,48	5,0	5,8	4,5
70,01	1,47	5,0	5,8	4,5
70,03	1,46	5,0	5,8	4,5
70,06	1,45	5,0	5,8	4,5
70,08	1,46	5,0	5,8	4,5
70,10	1,46	5,0	5,8	4,5
70,13	1,44	5,0	5,8	4,5
70,15	1,44	5,0	5,8	4,5
70,18	1,44	5,0	5,8	4,5
70,20	1,44	5,0	5,8	4,5
70,23	1,42	5,0	5,8	4,5
70,25	1,41	5,0	5,8	4,5
70,28	1,42	5,0	5,8	4,5
70,30	1,41	5,0	5,8	4,5
70,32	1,40	5,0	5,8	4,5
70,35	1,39	5,0	5,8	4,5
70,37	1,40	5,0	5,8	4,5
70,40	1,40	5,0	5,8	4,5
70,42	1,38	5,0	5,8	4,5
70,45	1,38	5,0	5,8	4,5
70,47	1,38	5,0	5,8	4,5
70,50	1,37	5,0	5,8	4,5
70,52	1,37	5,0	5,8	4,5
70,54	1,36	5,0	5,8	4,5
70,57	1,36	5,0	5,8	4,5
70,59	1,36	5,0	5,8	4,5
70,62	1,36	5,0	5,8	4,5
70,64	1,35	5,0	5,8	4,5
70,67	1,34	5,0	5,8	4,5
70,69	1,34	5,0	5,8	4,5
70,72	1,34	5,0	5,8	4,5
70,74	1,33	5,0	5,8	4,5
70,76	1,33	5,0	5,8	4,5
70,79	1,33	5,0	5,8	4,5
70,81	1,33	5,0	5,8	4,5
70,84	1,31	5,0	5,8	4,5
70,86	1,31	5,0	5,8	4,5
70,89	1,31	5,0	5,8	4,5
70,91	1,31	5,0	5,8	4,5
70,94	1,29	5,0	5,8	4,5
70,96	1,29	5,0	5,8	4,5
70,98	1,29	5,0	5,8	4,5
71,01	1,29	5,0	5,8	4,5
71,03	1,28	5,0	5,8	4,5
71,06	1,27	5,0	5,8	4,5
71,08	1,28	5,0	5,8	4,5
71,11	1,28	5,0	5,8	4,5
71,13	1,26	5,0	5,8	4,5
71,15	1,26	5,0	5,8	4,5
71,18	1,25	5,0	5,8	4,5
71,20	1,26	5,0	5,8	4,5
71,23	1,25	5,0	5,8	4,5
71,25	1,24	5,0	5,8	4,5
71,28	1,24	5,0	5,8	4,5
71,30	1,25	5,0	5,8	4,5
71,33	1,24	5,0	5,8	4,5
71,35	1,23	5,0	5,8	4,5
71,37	1,23	5,0	5,8	4,5
71,40	1,23	5,0	5,8	4,5
71,42	1,22	5,0	5,8	4,5
71,45	1,21	5,0	5,8	4,5
71,47	1,21	5,0	5,8	4,5
71,50	1,22	5,0	5,8	4,5
71,52	1,21	5,0	5,8	4,5
71,55	1,20	5,0	5,8	4,5
71,57	1,20	5,0	5,8	4,5
71,59	1,21	5,0	5,8	4,5
71,62	1,20	5,0	5,8	4,5
71,64	1,19	5,0	5,8	4,5
71,67	1,18	5,0	5,8	4,5
71,69	1,19	5,0	5,8	4,5
71,72	1,19	5,0	5,8	4,5
71,74	1,18	5,0	5,8	4,5
71,77	1,17	5,0	5,8	4,5
71,79	1,18	5,0	5,8	4,5
71,81	1,18	5,0	5,8	4,5
71,84	1,16	5,0	5,8	4,5
71,86	1,16	5,0	5,8	4,5
71,89	1,16	5,0	5,8	4,5
71,91	1,16	5,0	5,8	4,5
71,94	1,14	5,0	5,8	4,5
71,96	1,14	5,0	5,8	4,5
71,99	1,16	5,0	5,8	4,5
72,01	1,15	5,0	5,8	4,5
72,03	1,14	5,0	5,8	4,5
72,06	1,14	5,0	5,8	4,5
72,08	1,14	5,0	5,8	4,5
72,11	1,14	5,0	5,8	4,5
72,13	1,12	5,0	5,8	4,5
72,16	1,12	5,0	5,8	4,5
72,18	1,13	5,0	5,8	4,5
72,20	1,12	5,0	5,8	4,5
72,23	1,11	5,0	5,8	4,5
72,25	1,11	5,0	5,8	4,5
72,28	1,12	5,0	5,8	4,5
72,30	1,11	5,0	5,8	4,5
72,33	1,10	5,0	5,8	4,5
72,35	1,10	5,0	5,8	4,5
72,38	1,11	5,0	5,8	4,5
72,40	1,10	5,0	5,8	4,5
72,42	1,09	5,0	5,8	4,5
72,45	1,09	5,0	5,8	4,5
72,47	1,10	5,0	5,8	4,5
72,50	1,09	5,0	5,8	4,5
72,52	1,08	5,0	5,8	4,5
72,55	1,08	5,0	5,8	4,5
72,57	1,09	5,0	5,8	4,5
72,60	1,08	5,0	5,8	4,5
72,62	1,07	5,0	5,8	4,5
72,64	1,07	5,0	5,8	4,5
72,67	1,07	5,0	5,8	4,5
72,69	1,06	5,0	5,8	4,5
72,72	1,06	5,0	5,8	4,5
72,74	1,06	5,0	5,8	4,5
72,77	1,06	5,0	5,8	4,5
72,79	1,05	5,0	5,8	4,5
72,82	1,05	5,0	5,8	4,5
72,84	1,05	5,0	5,8	4,5
72,86	1,05	5,0	5,8	4,5
72,89	1,04	5,0	5,8	4,5
72,91	1,04	5,0	5,8	4,5
72,94	1,05	5,0	5,8	4,5
72,96	1,05	5,0	5,8	4,5
72,99	1,05	5,0	5,8	4,5
73,01	1,05	5,0	5,8	4,5
73,04	1,04	5,0	5,8	4,5
73,06	1,04	5,0	5,8	4,5
73,08	1,04	5,0	5,8	4,5
73,11	1,04	5,0	5,8	4,5
73,13	1,03	5,0	5,8	4,5
73,16	1,03	5,0	5,8	4,5
73,18	1,04	5,0	5,8	4,5
73,21	1,04	5,0	5,8	4,5
73,23	1,03	5,0	5,8	4,5
73,25	1,04	5,0	5,8	4,5
73,28	1,04	5,0	5,8	4,5
73,30	1,03	5,0	5,8	4,5
73,33	1,03	5,0	5,8	4,5
73,35	1,03	5,0	5,8	4,5
73,38	1,03	5,0	5,8	4,5
73,40	1,03	5,0	5,8	4,5
73,43	1,03	5,0	5,8	4,5
73,45	1,03	5,0	5,8	4,5
73,47	1,04	5,0	5,8	4,5
73,50	1,03	5,0	5,8	4,5
73,52	1,03	5,0	5,8	4,5
73,55	1,03	5,0	5,8	4,5
73,57	1,03	5,0	5,8	4,5
73,60	1,03	5,0	5,8	4,5
73,62	1,02	5,0	5,8	4,5
73,65	1,02	5,0	5,8	4,5
73,67	1,02	5,0	5,8	4,5
73,69	1,03	5,0	5,8	4,5
73,72	1,02	5,0	5,8	4,5
73,74	1,01	5,0	5,8	4,5
73,77	1,02	5,0	5,8	4,5
73,79	1,02	5,0	5,8	4,5
73,82	1,02	5,0	5,8	4,5
73,84	1,01	5,0	5,8	4,5
73,87	1,01	5,0	5,8	4,5
73,89	1,02	5,0	5,8	4,5
73,91	1,02	5,0	5,8	4,5
73,94	1,01	5,0	5,8	4,5
73,96	1,02	5,0	5,8	4,5
73,99	1,02	5,0	5,8	4,5
74,01	1,02	5,0	5,8	4,5
74,04	1,01	5,0	5,8	4,5
74,06	1,01	5,0	5,8	4,5
74,09	1,02	5,0	5,8	4,5
74,11	1,01	5,0	5,8	4,5
74,13	1,00	5,0	5,8	4,5
74,16	1,01	5,0	5,8	4,5
74,18	1,02	5,0	5,8	4,5
74,21	1,01	5,0	5,8	4,5
74,23	1,01	5,0	5,8	4,5
74,26	1,01	5,0	5,8	4,5
74,28	1,02	5,0	5,8	4,5
74,31	1,01	5,0	5,8	4,5
74,33	1,00	5,0	5,8	4,5
74,35	1,01	5,0	5,8	4,5
74,38	1,02	5,0	5,8	4,5
74,40	1,02	5,0	5,8	4,5
74,43	1,01	5,0	5,8	4,5
74,45	1,02	5,0	5,8	4,5
74,48	1,03	5,0	5,8	4,5
74,50	1,02	5,0	5,8	4,5
74,52	1,02	5,0	5,8	4,5
74,55	1,02	5,0	5,8	4,5
74,57	1,02	5,0	5,8	4,5
74,60	1,01	5,0	5,8	4,5
74,62	1,01	5,0	5,8	4,5
74,65	1,02	5,0	5,8	4,5
74,67	1,03	5,0	5,8	4,5
74,70	1,02	5,0	5,8	4,5
74,72	1,03	5,0	5,8	4,5
74,74	1,03	5,0	5,8	4,5
74,77	1,03	5,0	5,8	4,5
74,79	1,02	5,0	5,8	4,5
74,82	1,02	5,0	5,8	4,5
74,84	1,03	5,0	5,8	4,5
74,87	1,04	5,0	5,8	4,5
74,89	1,03	5,0	5,8	4,5
74,92	1,03	5,0	5,8	4,5
74,94	1,04	5,0	5,8	4,5
74,96	1,04	5,0	5,8	4,5
74,99	1,04	5,0	5,8	4,5
75,01	1,04	5,0	5,8	4,5
75,04	1,05	5,0	5,8	4,5
75,06	1,05	5,0	5,8	4,5
75,09	1,04	5,0	5,8	4,5
75,11	1,05	5,0	5,8	4,5
75,14	1,06	5,0	5,8	4,5
75,16	1,06	5,0	5,8	4,5
75,18	1,06	5,0	5,8	4,5
75,21	1,06	5,0	5,8	4,5
75,23	1,07	5,0	5,8	4,5
75,26	1,07	5,0	5,8	4,5
75,28	1,06	5,0	5,8	4,5
75,31	1,06	5,0	5,8	4,5
75,33	1,07	5,0	5,8	4,5
75,36	1,07	5,0	5,8	4,5
75,38	1,07	5,0	5,8	4,5
75,40	1,07	5,0	5,8	4,5
75,43	1,07	5,0	5,8	4,5
75,45	1,08	5,0	5,8	4,5
75,48	1,08	5,0	5,8	4,5
75,50	1,08	5,0	5,8	4,5
75,53	1,08	5,0	5,8	4,5
75,55	1,09	5,0	5,8	4,5
75,57	1,09	5,0	5,8	4,5
75,60	1,09	5,0	5,8	4,5
75,62	1,09	5,0	5,8	4,5
75,65	1,10	5,0	5,8	4,5
75,67	1,10	5,0	5,8	4,5
75,70	1,10	5,0	5,8	4,5
75,72	1,10	5,0	5,8	4,5
75,75	1,11	5,0	5,8	4,5
75,77	1,11	5,0	5,8	4,5
75,79	1,11	5,0	5,8	4,5
75,82	1,11	5,0	5,8	4,5
75,84	1,12	5,0	5,8	4,5
75,87	1,13	5,0	5,8	4,5
75,89	1,12	5,0	5,8	4,5
75,92	1,13	5,0	5,8	4,5
75,94	1,14	5,0	5,8	4,5
75,97	1,14	5,0	5,8	4,5
75,99	1,13	5,0	5,8	4,5
76,01	1,14	5,0	5,8	4,5
76,04	1,15	5,0	5,8	4,5
76,06	1,15	5,0	5,8	4,5
76,09	1,16	5,0	5,8	4,5
76,11	1,16	5,0	5,8	4,5
76,14	1,16	5,0	5,8	4,5
76,16	1,17	5,0	5,8	4,5
76,19	1,17	5,0	5,8	4,5
76,21	1,17	5,0	5,8	4,5
76,23	1,17	5,0	5,8	4,5
76,26	1,18	5,0	5,8	4,5
76,28	1,18	5,0	5,8	4,5
76,31	1,18	5,0	5,8	4,5
76,33	1,18	5,0	5,8	4,5
76,36	1,20	5,0	5,8	4,5
76,38	1,20	5,0	5,8	4,5
76,41	1,20	5,0	5,8	4,5
76,43	1,20	5,0	5,8	4,5
76,45	1,21	5,0	5,8	4,5
76,48	1,21	5,0	5,8	4,5
76,50	1,20	5,0	5,8	4,5
76,53	1,20	5,0	5,8	4,5
76,55	1,22	5,0	5,8	4,5
76,58	1,22	5,0	5,8	4,5
76,60	1,22	5,0	5,8	4,5
76,62	1,22	5,0	5,8	4,5
76,65	1,24	5,0	5,8	4,5
76,67	1,24	5,0	5,8	4,5
76,70	1,23	5,0	5,8	4,5
76,72	1,24	5,0	5,8	4,5
76,75	1,25	5,0	5,8	4,5
76,77	1,25	5,0	5,8	4,5
76,80	1,25	5,0	5,8	4,5
76,82	1,25	5,0	5,8	4,5
76,84	1,26	5,0	5,8	4,5
76,87	1,27	5,0	5,8	4,5
76,89	1,26	5,0	5,8	4,5
76,92	1,27	5,0	5,8	4,5
76,94	1,28	5,0	5,8	4,5
76,97	1,28	5,0	5,8	4,5
76,99	1,27	5,0	5,8	4,5
77,02	1,28	5,0	5,8	4,5
77,04	1,30	5,0	5,8	4,5
77,06	1,30	5,0	5,8	4,5
77,09	1,29	5,0	5,8	4,5
77,11	1,30	5,0	5,8	4,5
77,14	1,32	5,0	5,8	4,5
77,16	1,32	5,0	5,8	4,5
77,19	1,31	5,0	5,8	4,5
77,21	1,32	5,0	5,8	4,5
77,24	1,34	5,0	5,8	4,5
77,26	1,33	5,0	5,8	4,5
77,28	1,33	5,0	5,8	4,5
77,31	1,34	5,0	5,8	4,5
77,33	1,36	5,0	5,8	4,5
77,36	1,35	5,0	5,8	4,5
77,38	1,35	5,0	5,8	4,5
77,41	1,36	5,0	5,8	4,5
77,43	1,37	5,0	5,8	4,5
77,46	1,37	5,0	5,8	4,5
77,48	1,37	5,0	5,8	4,5
77,50	1,38	5,0	5,8	4,5
77,53	1,40	5,0	5,8	4,5
77,55	1,40	5,0	5,8	4,5
77,58	1,40	5,0	5,8	4,5
77,60	1,41	5,0	5,8	4,5
77,63	1,42	5,0	5,8	4,5
77,65	1,42	5,0	5,8	4,5
77,68	1,41	5,0	5,8	4,5
77,70	1,42	5,0	5,8	4,5
77,72	1,44	5,0	5,8	4,5
77,75	1,43	5,0	5,8	4,5
77,77	1,43	5,0	5,8	4,5
77,80	1,45	5,0	5,8	4,5
77,82	1,46	5,0	5,8	4,5
77,85	1,46	5,0	5,8	4,5
77,87	1,46	5,0	5,8	4,5
77,89	1,46	5,0	5,8	4,5
77,92	1,47	5,0	5,8	4,5
77,94	1,48	5,0	5,8	4,5
77,97	1,49	5,0	5,8	4,5
77,99	1,48	5,0	5,8	4,5
78,02	1,49	5,0	5,8	4,5
78,04	1,50	5,0	5,8	4,5
78,07	1,50	5,0	5,8	4,5
78,09	1,51	5,0	5,8	4,5
78,11	1,52	5,0	5,8	4,5
78,14	1,53	5,0	5,8	4,5
78,16	1,53	5,0	5,8	4,5
78,19	1,52	5,0	5,8	4,5
78,21	1,54	5,0	5,8	4,5
78,24	1,55	5,0	5,8	4,5
78,26	1,55	5,0	5,8	4,5
78,29	1,55	5,0	5,8	4,5
78,31	1,56	5,0	5,8	4,5
78,33	1,57	5,0	5,8	4,5
78,36	1,57	5,0	5,8	4,5
78,38	1,57	5,0	5,8	4,5
78,41	1,58	5,0	5,8	4,5
78,43	1,59	5,0	5,8	4,5
78,46	1,59	5,0	5,8	4,5
78,48	1,59	5,0	5,8	4,5
78,51	1,60	5,0	5,8	4,5
78,53	1,61	5,0	5,8	4,5
78,55	1,62	5,0	5,8	4,5
78,58	1,62	5,0	5,8	4,5
78,60	1,62	5,0	5,8	4,5
78,63	1,63	5,0	5,8	4,5
78,65	1,64	5,0	5,8	4,5
78,68	1,65	5,0	5,8	4,5
78,70	1,64	5,0	5,8	4,5
78,73	1,66	5,0	5,8	4,5
78,75	1,67	5,0	5,8	4,5
78,77	1,67	5,0	5,8	4,5
78,80	1,67	5,0	5,8	4,5
78,82	1,68	5,0	5,8	4,5
78,85	1,69	5,0	5,8	4,5
78,87	1,69	5,0	5,8	4,5
78,90	1,69	5,0	5,8	4,5
78,92	1,70	5,0	5,8	4,5
78,94	1,72	5,0	5,8	4,5
78,97	1,71	5,0	5,8	4,5
78,99	1,71	5,0	5,8	4,5
79,02	1,72	5,0	5,8	4,5
79,04	1,74	5,0	5,8	4,5
79,07	1,74	5,0	5,8	4,5
79,09	1,73	5,0	5,8	4,5
79,12	1,75	5,0	5,8	4,5
79,14	1,76	5,0	5,8	4,5
79,16	1,76	5,0	5,8	4,5
79,19	1,76	5,0	5,8	4,5
79,21	1,77	5,0	5,8	4,5
79,24	1,79	5,0	5,8	4,5
79,26	1,78	5,0	5,8	4,5
79,29	1,78	5,0	5,8	4,5
79,31	1,80	5,0	5,8	4,5
79,34	1,81	5,0	5,8	4,5
79,36	1,81	5,0	5,8	4,5
79,38	1,81	5,0	5,8	4,5
79,41	1,82	5,0	5,8	4,5
79,43	1,84	5,0	5,8	4,5
79,46	1,83	5,0	5,8	4,5
79,48	1,83	5,0	5,8	4,5
79,51	1,85	5,0	5,8	4,5
79,53	1,86	5,0	5,8	4,5
79,56	1,86	5,0	5,8	4,5
79,58	1,86	5,0	5,8	4,5
79,60	1,87	5,0	5,8	4,5
79,63	1,88	5,0	5,8	4,5
79,65	1,88	5,0	5,8	4,5
79,68	1,88	5,0	5,8	4,5
79,70	1,90	5,0	5,8	4,5
79,73	1,90	5,0	5,8	4,5
79,75	1,91	5,0	5,8	4,5
79,78	1,91	5,0	5,8	4,5
79,80	1,92	5,0	5,8	4,5
79,82	1,93	5,0	5,8	4,5
79,85	1,93	5,0	5,8	4,5
79,87	1,93	5,0	5,8	4,5
79,90	1,95	5,0	5,8	4,5
79,92	1,96	5,0	5,8	4,5
79,95	1,96	5,0	5,8	4,5
79,97	1,96	5,0	5,8	4,5
79,99	1,98	5,0	5,8	4,5
80,02	1,98	5,0	5,8	4,5
80,04	1,98	5,0	5,8	4,5
80,07	1,98	5,0	5,8	4,5
80,09	2,00	5,0	5,8	4,5
80,12	2,00	5,0	5,8	4,5
80,14	2,00	5,0	5,8	4,5
80,17	2,01	5,0	5,8	4,5
80,19	2,03	5,0	5,8	4,5
80,21	2,03	5,0	5,8	4,5
80,24	2,03	5,0	5,8	4,5
80,26	2,04	5,0	5,8	4,5
80,29	2,05	5,0	5,8	4,5
80,31	2,06	5,0	5,8	4,5
80,34	2,07	5,0	5,8	4,5
80,36	2,07	5,0	5,8	4,5
80,39	2,08	5,0	5,8	4,5
80,41	2,09	5,0	5,8	4,5
80,43	2,09	5,0	5,8	4,5
80,46	2,10	5,0	5,8	4,5
80,48	2,10	5,0	5,8	4,5
80,51	2,11	5,0	5,8	4,5
80,53	2,12	5,0	5,8	4,5
80,56	2,12	5,0	5,8	4,5
80,58	2,13	5,0	5,8	4,5
80,61	2,13	5,0	5,8	4,5
80,63	2,15	5,0	5,8	4,5
80,65	2,15	5,0	5,8	4,5
80,68	2,15	5,0	5,8	4,5
80,70	2,17	5,0	5,8	4,5
80,73	2,18	5,0	5,8	4,5
80,75	2,17	5,0	5,8	4,5
80,78	2,18	5,0	5,8	4,5
80,80	2,18	5,0	5,8	4,5
80,83	2,19	5,0	5,8	4,5
80,85	2,19	5,0	5,8	4,5
80,87	2,19	5,0	5,8	4,5
80,90	2,21	5,0	5,8	4,5
80,92	2,21	5,0	5,8	4,5
80,95	2,22	5,0	5,8	4,5
80,97	2,21	5,0	5,8	4,5
81,00	2,21	5,0	5,8	4,5
81,02	2,23	5,0	5,8	4,5
81,04	2,24	5,0	5,8	4,5
81,07	2,23	5,0	5,8	4,5
81,09	2,24	5,0	5,8	4,5
81,12	2,25	5,0	5,8	4,5
81,14	2,26	5,0	5,8	4,5
81,17	2,26	5,0	5,8	4,5
81,19	2,26	5,0	5,8	4,5
81,22	2,27	5,0	5,8	4,5
81,24	2,28	5,0	5,8	4,5
81,26	2,28	5,0	5,8	4,5
81,29	2,27	5,0	5,8	4,5
81,31	2,29	5,0	5,8	4,5
81,34	2,30	5,0	5,8	4,5
81,36	2,29	5,0	5,8	4,5
81,39	2,30	5,0	5,8	4,5
81,41	2,31	5,0	5,8	4,5
81,44	2,32	5,0	5,8	4,5
81,46	2,32	5,0	5,8	4,5
81,48	2,32	5,0	5,8	4,5
81,51	2,33	5,0	5,8	4,5
81,53	2,34	5,0	5,8	4,5
81,56	2,34	5,0	5,8	4,5
81,58	2,34	5,0	5,8	4,5
81,61	2,35	5,0	5,8	4,5
81,63	2,36	5,0	5,8	4,5
81,66	2,36	5,0	5,8	4,5
81,68	2,36	5,0	5,8	4,5
81,70	2,37	5,0	5,8	4,5
81,73	2,38	5,0	5,8	4,5
81,75	2,38	5,0	5,8	4,5
81,78	2,38	5,0	5,8	4,5
81,80	2,40	5,0	5,8	4,5
81,83	2,40	5,0	5,8	4,5
81,85	2,40	5,0	5,8	4,5
81,88	2,41	5,0	5,8	4,5
81,90	2,42	5,0	5,8	4,5
81,92	2,43	5,0	5,8	4,5
81,95	2,42	5,0	5,8	4,5
81,97	2,43	5,0	5,8	4,5
82,00	2,44	5,0	5,8	4,5
82,02	2,44	5,0	5,8	4,5
82,05	2,44	5,0	5,8	4,5
82,07	2,45	5,0	5,8	4,5
82,10	2,46	5,0	5,8	4,5
82,12	2,46	5,0	5,8	4,5
82,14	2,46	5,0	5,8	4,5
82,17	2,47	5,0	5,8	4,5
82,19	2,49	5,0	5,8	4,5
82,22	2,48	5,0	5,8	4,5
82,24	2,48	5,0	5,8	4,5
82,27	2,49	5,0	5,8	4,5
82,29	2,50	5,0	5,8	4,5
82,31	2,50	5,0	5,8	4,5
82,34	2,50	5,0	5,8	4,5
82,36	2,51	5,0	5,8	4,5
82,39	2,52	5,0	5,8	4,5
82,41	2,52	5,0	5,8	4,5
82,44	2,52	5,0	5,8	4,5
82,46	2,53	5,0	5,8	4,5
82,49	2,54	5,0	5,8	4,5
82,51	2,53	5,0	5,8	4,5
82,53	2,53	5,0	5,8	4,5
82,56	2,55	5,0	5,8	4,5
82,58	2,56	5,0	5,8	4,5
82,61	2,56	5,0	5,8	4,5
82,63	2,56	5,0	5,8	4,5
82,66	2,57	5,0	5,8	4,5
82,68	2,58	5,0	5,8	4,5
82,71	2,57	5,0	5,8	4,5
82,73	2,58	5,0	5,8	4,5
82,75	2,57	5,0	5,8	4,5
82,78	2,58	5,0	5,8	4,5
82,80	2,59	5,0	5,8	4,5
82,83	2,59	5,0	5,8	4,5
82,85	2,59	5,0	5,8	4,5
82,88	2,60	5,0	5,8	4,5
82,90	2,60	5,0	5,8	4,5
82,93	2,61	5,0	5,8	4,5
82,95	2,61	5,0	5,8	4,5
82,97	2,61	5,0	5,8	4,5
83,00	2,62	5,0	5,8	4,5
83,02	2,62	5,0	5,8	4,5
83,05	2,62	5,0	5,8	4,5
83,07	2,63	5,0	5,8	4,5
83,10	2,64	5,0	5,8	4,5
83,12	2,64	5,0	5,8	4,5
83,15	2,63	5,0	5,8	4,5
83,17	2,64	5,0	5,8	4,5
83,19	2,65	5,0	5,8	4,5
83,22	2,64	5,0	5,8	4,5
83,24	2,65	5,0	5,8	4,5
83,27	2,66	5,0	5,8	4,5
83,29	2,66	5,0	5,8	4,5
83,32	2,66	5,0	5,8	4,5
83,34	2,66	5,0	5,8	4,5
83,36	2,67	5,0	5,8	4,5
83,39	2,67	5,0	5,8	4,5
83,41	2,68	5,0	5,8	4,5
83,44	2,69	5,0	5,8	4,5
83,46	2,68	5,0	5,8	4,5
83,49	2,68	5,0	5,8	4,5
83,51	2,69	5,0	5,8	4,5
83,54	2,70	5,0	5,8	4,5
83,56	2,69	5,0	5,8	4,5
83,58	2,70	5,0	5,8	4,5
83,61	2,71	5,0	5,8	4,5
83,63	2,71	5,0	5,8	4,5
83,66	2,70	5,0	5,8	4,5
83,68	2,71	5,0	5,8	4,5
83,71	2,71	5,0	5,8	4,5
83,73	2,71	5,0	5,8	4,5
83,76	2,71	5,0	5,8	4,5
83,78	2,72	5,0	5,8	4,5
83,80	2,73	5,0	5,8	4,5
83,83	2,73	5,0	5,8	4,5
83,85	2,72	5,0	5,8	4,5
83,88	2,73	5,0	5,8	4,5
83,90	2,74	5,0	5,8	4,5
83,93	2,73	5,0	5,8	4,5
83,95	2,73	5,0	5,8	4,5
83,98	2,73	5,0	5,8	4,5
84,00	2,74	5,0	5,8	4,5
84,02	2,74	5,0	5,8	4,5
84,05	2,73	5,0	5,8	4,5
84,07	2,75	5,0	5,8	4,5
84,10	2,75	5,0	5,8	4,5
84,12	2,74	5,0	5,8	4,5
84,15	2,74	5,0	5,8	4,5
84,17	2,75	5,0	5,8	4,5
84,20	2,76	5,0	5,8	4,5
84,22	2,75	5,0	5,8	4,5
84,24	2,75	5,0	5,8	4,5
84,27	2,76	5,0	5,8	4,5
84,29	2,76	5,0	5,8	4,5
84,32	2,76	5,0	5,8	4,5
84,34	2,75	5,0	5,8	4,5
84,37	2,77	5,0	5,8	4,5
84,39	2,77	5,0	5,8	4,5
84,41	2,76	5,0	5,8	4,5
84,44	2,76	5,0	5,8	4,5
84,46	2,77	5,0	5,8	4,5
84,49	2,78	5,0	5,8	4,5
84,51	2,77	5,0	5,8	4,5
84,54	2,77	5,0	5,8	4,5
84,56	2,78	5,0	5,8	4,5
84,59	2,79	5,0	5,8	4,5
84,61	2,77	5,0	5,8	4,5
84,63	2,77	5,0	5,8	4,5
84,66	2,79	5,0	5,8	4,5
84,68	2,79	5,0	5,8	4,5
84,71	2,78	5,0	5,8	4,5
84,73	2,77	5,0	5,8	4,5
84,76	2,79	5,0	5,8	4,5
84,78	2,79	5,0	5,8	4,5
84,81	2,78	5,0	5,8	4,5
84,83	2,78	5,0	5,8	4,5
84,85	2,79	5,0	5,8	4,5
84,88	2,79	5,0	5,8	4,5
84,90	2,78	5,0	5,8	4,5
84,93	2,78	5,0	5,8	4,5
84,95	2,79	5,0	5,8	4,5
84,98	2,80	5,0	5,8	4,5
85,00	2,79	5,0	5,8	4,5
85,03	2,79	5,0	5,8	4,5
85,05	2,80	5,0	5,8	4,5
85,07	2,80	5,0	5,8	4,5
85,10	2,80	5,0	5,8	4,5
85,12	2,79	5,0	5,8	4,5
85,15	2,80	5,0	5,8	4,5
85,17	2,80	5,0	5,8	4,5
85,20	2,80	5,0	5,8	4,5
85,22	2,79	5,0	5,8	4,5
85,25	2,79	5,0	5,8	4,5
85,27	2,80	5,0	5,8	4,5
85,29	2,81	5,0	5,8	4,5
85,32	2,79	5,0	5,8	4,5
85,34	2,79	5,0	5,8	4,5
85,37	2,80	5,0	5,8	4,5
85,39	2,80	5,0	5,8	4,5
85,42	2,79	5,0	5,8	4,5
85,44	2,80	5,0	5,8	4,5
85,47	2,80	5,0	5,8	4,5
85,49	2,80	5,0	5,8	4,5
85,51	2,79	5,0	5,8	4,5
85,54	2,79	5,0	5,8	4,5
85,56	2,80	5,0	5,8	4,5
85,59	2,80	5,0	5,8	4,5
85,61	2,80	5,0	5,8	4,5
85,64	2,79	5,0	5,8	4,5
85,66	2,80	5,0	5,8	4,5
85,68	2,80	5,0	5,8	4,5
85,71	2,79	5,0	5,8	4,5
85,73	2,79	5,0	5,8	4,5
85,76	2,80	5,0	5,8	4,5
85,78	2,80	5,0	5,8	4,5
85,81	2,79	5,0	5,8	4,5
85,83	2,79	5,0	5,8	4,5
85,86	2,79	5,0	5,8	4,5
85,88	2,80	5,0	5,8	4,5
85,90	2,80	5,0	5,8	4,5
85,93	2,79	5,0	5,8	4,5
85,95	2,78	5,0	5,8	4,5
85,98	2,80	5,0	5,8	4,5
86,00	2,80	5,0	5,8	4,5
86,03	2,79	5,0	5,8	4,5
86,05	2,79	5,0	5,8	4,5
86,08	2,79	5,0	5,8	4,5
86,10	2,79	5,0	5,8	4,5
86,12	2,79	5,0	5,8	4,5
86,15	2,78	5,0	5,8	4,5
86,17	2,80	5,0	5,8	4,5
86,20	2,80	5,0	5,8	4,5
86,22	2,79	5,0	5,8	4,5
86,25	2,79	5,0	5,8	4,5
86,27	2,80	5,0	5,8	4,5
86,30	2,80	5,0	5,8	4,5
86,32	2,78	5,0	5,8	4,5
86,34	2,78	5,0	5,8	4,5
86,37	2,79	5,0	5,8	4,5
86,39	2,79	5,0	5,8	4,5
86,42	2,78	5,0	5,8	4,5
86,44	2,78	5,0	5,8	4,5
86,47	2,79	5,0	5,8	4,5
86,49	2,79	5,0	5,8	4,5
86,52	2,78	5,0	5,8	4,5
86,54	2,77	5,0	5,8	4,5
86,56	2,78	5,0	5,8	4,5
86,59	2,79	5,0	5,8	4,5
86,61	2,77	5,0	5,8	4,5
86,64	2,77	5,0	5,8	4,5
86,66	2,78	5,0	5,8	4,5
86,69	2,78	5,0	5,8	4,5
86,71	2,77	5,0	5,8	4,5
86,73	2,77	5,0	5,8	4,5
86,76	2,78	5,0	5,8	4,5
86,78	2,78	5,0	5,8	4,5
86,81	2,76	5,0	5,8	4,5
86,83	2,76	5,0	5,8	4,5
86,86	2,77	5,0	5,8	4,5
86,88	2,77	5,0	5,8	4,5
86,91	2,76	5,0	5,8	4,5
86,93	2,76	5,0	5,8	4,5
86,95	2,77	5,0	5,8	4,5
86,98	2,76	5,0	5,8	4,5
87,00	2,75	5,0	5,8	4,5
87,03	2,75	5,0	5,8	4,5
87,05	2,75	5,0	5,8	4,5
87,08	2,75	5,0	5,8	4,5
87,10	2,74	5,0	5,8	4,5
87,13	2,74	5,0	5,8	4,5
87,15	2,75	5,0	5,8	4,5
87,17	2,74	5,0	5,8	4,5
87,20	2,74	5,0	5,8	4,5
87,22	2,74	5,0	5,8	4,5
87,25	2,74	5,0	5,8	4,5
87,27	2,73	5,0	5,8	4,5
87,30	2,72	5,0	5,8	4,5
87,32	2,73	5,0	5,8	4,5
87,35	2,73	5,0	5,8	4,5
87,37	2,72	5,0	5,8	4,5
87,39	2,72	5,0	5,8	4,5
87,42	2,72	5,0	5,8	4,5
87,44	2,72	5,0	5,8	4,5
87,47	2,71	5,0	5,8	4,5
87,49	2,71	5,0	5,8	4,5
87,52	2,72	5,0	5,8	4,5
87,54	2,71	5,0	5,8	4,5
87,57	2,70	5,0	5,8	4,5
87,59	2,70	5,0	5,8	4,5
87,61	2,70	5,0	5,8	4,5
87,64	2,69	5,0	5,8	4,5
87,66	2,70	5,0	5,8	4,5
87,69	2,70	5,0	5,8	4,5
87,71	2,70	5,0	5,8	4,5
87,74	2,69	5,0	5,8	4,5
87,76	2,69	5,0	5,8	4,5
87,78	2,69	5,0	5,8	4,5
87,81	2,68	5,0	5,8	4,5
87,83	2,68	5,0	5,8	4,5
87,86	2,69	5,0	5,8	4,5
87,88	2,68	5,0	5,8	4,5
87,91	2,68	5,0	5,8	4,5
87,93	2,68	5,0	5,8	4,5
87,96	2,68	5,0	5,8	4,5
87,98	2,68	5,0	5,8	4,5
88,00	2,67	5,0	5,8	4,5
88,03	2,67	5,0	5,8	4,5
88,05	2,67	5,0	5,8	4,5
88,08	2,67	5,0	5,8	4,5
88,10	2,67	5,0	5,8	4,5
88,13	2,67	5,0	5,8	4,5
88,15	2,67	5,0	5,8	4,5
88,18	2,67	5,0	5,8	4,5
88,20	2,66	5,0	5,8	4,5
88,22	2,67	5,0	5,8	4,5
88,25	2,66	5,0	5,8	4,5
88,27	2,66	5,0	5,8	4,5
88,30	2,66	5,0	5,8	4,5
88,32	2,65	5,0	5,8	4,5
88,35	2,64	5,0	5,8	4,5
88,37	2,65	5,0	5,8	4,5
88,40	2,65	5,0	5,8	4,5
88,42	2,64	5,0	5,8	4,5
88,44	2,63	5,0	5,8	4,5
88,47	2,64	5,0	5,8	4,5
88,49	2,63	5,0	5,8	4,5
88,52	2,62	5,0	5,8	4,5
88,54	2,62	5,0	5,8	4,5
88,57	2,63	5,0	5,8	4,5
88,59	2,63	5,0	5,8	4,5
88,62	2,61	5,0	5,8	4,5
88,64	2,61	5,0	5,8	4,5
88,66	2,62	5,0	5,8	4,5
88,69	2,61	5,0	5,8	4,5
88,71	2,60	5,0	5,8	4,5
88,74	2,60	5,0	5,8	4,5
88,76	2,60	5,0	5,8	4,5
88,79	2,60	5,0	5,8	4,5
88,81	2,59	5,0	5,8	4,5
88,83	2,59	5,0	5,8	4,5
88,86	2,59	5,0	5,8	4,5
88,88	2,58	5,0	5,8	4,5
88,91	2,58	5,0	5,8	4,5
88,93	2,58	5,0	5,8	4,5
88,96	2,58	5,0	5,8	4,5
88,98	2,57	5,0	5,8	4,5
89,01	2,56	5,0	5,8	4,5
89,03	2,57	5,0	5,8	4,5
89,05	2,57	5,0	5,8	4,5
89,08	2,56	5,0	5,8	4,5
89,10	2,56	5,0	5,8	4,5
89,13	2,56	5,0	5,8	4,5
89,15	2,56	5,0	5,8	4,5
89,18	2,55	5,0	5,8	4,5
89,20	2,54	5,0	5,8	4,5
89,23	2,55	5,0	5,8	4,5
89,25	2,55	5,0	5,8	4,5
89,27	2,54	5,0	5,8	4,5
89,30	2,54	5,0	5,8	4,5
89,32	2,55	5,0	5,8	4,5
89,35	2,54	5,0	5,8	4,5
89,37	2,53	5,0	5,8	4,5
89,40	2,53	5,0	5,8	4,5
89,42	2,54	5,0	5,8	4,5
89,45	2,53	5,0	5,8	4,5
89,47	2,52	5,0	5,8	4,5
89,49	2,52	5,0	5,8	4,5
89,52	2,52	5,0	5,8	4,5
89,54	2,52	5,0	5,8	4,5
89,57	2,51	5,0	5,8	4,5
89,59	2,50	5,0	5,8	4,5
89,62	2,52	5,0	5,8	4,5
89,64	2,51	5,0	5,8	4,5
89,67	2,50	5,0	5,8	4,5
89,69	2,50	5,0	5,8	4,5
89,71	2,50	5,0	5,8	4,5
89,74	2,50	5,0	5,8	4,5
89,76	2,49	5,0	5,8	4,5
89,79	2,49	5,0	5,8	4,5
89,81	2,49	5,0	5,8	4,5
89,84	2,49	5,0	5,8	4,5
89,86	2,48	5,0	5,8	4,5
89,89	2,48	5,0	5,8	4,5
89,91	2,48	5,0	5,8	4,5
89,93	2,48	5,0	5,8	4,5
89,96	2,46	5,0	5,8	4,5
89,98	2,46	5,0	5,8	4,5
90,01	2,47	5,0	5,8	4,5
90,03	2,47	5,0	5,8	4,5
90,06	2,47	5,0	5,8	4,5
90,08	2,46	5,0	5,8	4,5
90,10	2,45	5,0	5,8	4,5
90,13	2,46	5,0	5,8	4,5
90,15	2,45	5,0	5,8	4,5
90,18	2,44	5,0	5,8	4,5
90,20	2,44	5,0	5,8	4,5
90,23	2,44	5,0	5,8	4,5
90,25	2,44	5,0	5,8	4,5
90,28	2,43	5,0	5,8	4,5
90,30	2,43	5,0	5,8	4,5
90,32	2,43	5,0	5,8	4,5
90,35	2,43	5,0	5,8	4,5
90,37	2,42	5,0	5,8	4,5
90,40	2,42	5,0	5,8	4,5
90,42	2,42	5,0	5,8	4,5
90,45	2,42	5,0	5,8	4,5
90,47	2,41	5,0	5,8	4,5
90,50	2,41	5,0	5,8	4,5
90,52	2,42	5,0	5,8	4,5
90,54	2,42	5,0	5,8	4,5
90,57	2,41	5,0	5,8	4,5
90,59	2,40	5,0	5,8	4,5
90,62	2,41	5,0	5,8	4,5
90,64	2,41	5,0	5,8	4,5
90,67	2,39	5,0	5,8	4,5
90,69	2,39	5,0	5,8	4,5
90,72	2,39	5,0	5,8	4,5
90,74	2,40	5,0	5,8	4,5
90,76	2,40	5,0	5,8	4,5
90,79	2,39	5,0	5,8	4,5
90,81	2,39	5,0	5,8	4,5
90,84	2,39	5,0	5,8	4,5
90,86	2,39	5,0	5,8	4,5
90,89	2,38	5,0	5,8	4,5
90,91	2,38	5,0	5,8	4,5
90,94	2,38	5,0	5,8	4,5
90,96	2,38	5,0	5,8	4,5
90,98	2,37	5,0	5,8	4,5
91,01	2,37	5,0	5,8	4,5
91,03	2,38	5,0	5,8	4,5
91,06	2,38	5,0	5,8	4,5
91,08	2,37	5,0	5,8	4,5
91,11	2,36	5,0	5,8	4,5
91,13	2,37	5,0	5,8	4,5
91,15	2,37	5,0	5,8	4,5
91,18	2,36	5,0	5,8	4,5
91,20	2,36	5,0	5,8	4,5
91,23	2,37	5,0	5,8	4,5
91,25	2,36	5,0	5,8	4,5
91,28	2,35	5,0	5,8	4,5
91,30	2,35	5,0	5,8	4,5
91,33	2,36	5,0	5,8	4,5
91,35	2,35	5,0	5,8	4,5
91,37	2,33	5,0	5,8	4,5
91,40	2,33	5,0	5,8	4,5
91,42	2,34	5,0	5,8	4,5
91,45	2,34	5,0	5,8	4,5
91,47	2,33	5,0	5,8	4,5
91,50	2,32	5,0	5,8	4,5
91,52	2,34	5,0	5,8	4,5
91,55	2,33	5,0	5,8	4,5
91,57	2,32	5,0	5,8	4,5
91,59	2,32	5,0	5,8	4,5
91,62	2,33	5,0	5,8	4,5
91,64	2,32	5,0	5,8	4,5
91,67	2,31	5,0	5,8	4,5
91,69	2,31	5,0	5,8	4,5
91,72	2,32	5,0	5,8	4,5
91,74	2,32	5,0	5,8	4,5
91,77	2,31	5,0	5,8	4,5
91,79	2,31	5,0	5,8	4,5
91,81	2,31	5,0	5,8	4,5
91,84	2,31	5,0	5,8	4,5
91,86	2,29	5,0	5,8	4,5
91,89	2,29	5,0	5,8	4,5
91,91	2,31	5,0	5,8	4,5
91,94	2,30	5,0	5,8	4,5
91,96	2,29	5,0	5,8	4,5
91,99	2,29	5,0	5,8	4,5
92,01	2,30	5,0	5,8	4,5
92,03	2,30	5,0	5,8	4,5
92,06	2,28	5,0	5,8	4,5
92,08	2,29	5,0	5,8	4,5
92,11	2,30	5,0	5,8	4,5
92,13	2,29	5,0	5,8	4,5
92,16	2,28	5,0	5,8	4,5
92,18	2,29	5,0	5,8	4,5
92,20	2,29	5,0	5,8	4,5
92,23	2,28	5,0	5,8	4,5
92,25	2,27	5,0	5,8	4,5
92,28	2,27	5,0	5,8	4,5
92,30	2,28	5,0	5,8	4,5
92,33	2,27	5,0	5,8	4,5
92,35	2,26	5,0	5,8	4,5
92,38	2,27	5,0	5,8	4,5
92,40	2,27	5,0	5,8	4,5
92,42	2,27	5,0	5,8	4,5
92,45	2,26	5,0	5,8	4,5
92,47	2,27	5,0	5,8	4,5
92,50	2,27	5,0	5,8	4,5
92,52	2,28	5,0	5,8	4,5
92,55	2,28	5,0	5,8	4,5
92,57	2,26	5,0	5,8	4,5
92,60	2,26	5,0	5,8	4,5
92,62	2,27	5,0	5,8	4,5
92,64	2,27	5,0	5,8	4,5
92,67	2,26	5,0	5,8	4,5
92,69	2,26	5,0	5,8	4,5
92,72	2,27	5,0	5,8	4,5
92,74	2,27	5,0	5,8	4,5
92,77	2,25	5,0	5,8	4,5
92,79	2,26	5,0	5,8	4,5
92,82	2,26	5,0	5,8	4,5
92,84	2,26	5,0	5,8	4,5
92,86	2,26	5,0	5,8	4,5
92,89	2,26	5,0	5,8	4,5
92,91	2,27	5,0	5,8	4,5
92,94	2,26	5,0	5,8	4,5
92,96	2,26	5,0	5,8	4,5
92,99	2,26	5,0	5,8	4,5
93,01	2,27	5,0	5,8	4,5
93,04	2,26	5,0	5,8	4,5
93,06	2,26	5,0	5,8	4,5
93,08	2,25	5,0	5,8	4,5
93,11	2,26	5,0	5,8	4,5
93,13	2,26	5,0	5,8	4,5
93,16	2,26	5,0	5,8	4,5
93,18	2,25	5,0	5,8	4,5
93,21	2,25	5,0	5,8	4,5
93,23	2,26	5,0	5,8	4,5
93,25	2,26	5,0	5,8	4,5
93,28	2,24	5,0	5,8	4,5
93,30	2,25	5,0	5,8	4,5
93,33	2,26	5,0	5,8	4,5
93,35	2,26	5,0	5,8	4,5
93,38	2,25	5,0	5,8	4,5
93,40	2,25	5,0	5,8	4,5
93,43	2,26	5,0	5,8	4,5
93,45	2,26	5,0	5,8	4,5
93,47	2,24	5,0	5,8	4,5
93,50	2,25	5,0	5,8	4,5
93,52	2,26	5,0	5,8	4,5
93,55	2,25	5,0	5,8	4,5
93,57	2,24	5,0	5,8	4,5
93,60	2,25	5,0	5,8	4,5
93,62	2,26	5,0	5,8	4,5
93,65	2,26	5,0	5,8	4,5
93,67	2,25	5,0	5,8	4,5
93,69	2,25	5,0	5,8	4,5
93,72	2,26	5,0	5,8	4,5
93,74	2,26	5,0	5,8	4,5
93,77	2,25	5,0	5,8	4,5
93,79	2,25	5,0	5,8	4,5
93,82	2,26	5,0	5,8	4,5
93,84	2,25	5,0	5,8	4,5
93,87	2,25	5,0	5,8	4,5
93,89	2,25	5,0	5,8	4,5
93,91	2,26	5,0	5,8	4,5
93,94	2,26	5,0	5,8	4,5
93,96	2,25	5,0	5,8	4,5
93,99	2,25	5,0	5,8	4,5
94,01	2,26	5,0	5,8	4,5
94,04	2,25	5,0	5,8	4,5
94,06	2,25	5,0	5,8	4,5
94,09	2,26	5,0	5,8	4,5
94,11	2,26	5,0	5,8	4,5
94,13	2,26	5,0	5,8	4,5
94,16	2,25	5,0	5,8	4,5
94,18	2,26	5,0	5,8	4,5
94,21	2,27	5,0	5,8	4,5
94,23	2,26	5,0	5,8	4,5
94,26	2,26	5,0	5,8	4,5
94,28	2,26	5,0	5,8	4,5
94,31	2,27	5,0	5,8	4,5
94,33	2,26	5,0	5,8	4,5
94,35	2,26	5,0	5,8	4,5
94,38	2,27	5,0	5,8	4,5
94,40	2,27	5,0	5,8	4,5
94,43	2,26	5,0	5,8	4,5
94,45	2,26	5,0	5,8	4,5
94,48	2,27	5,0	5,8	4,5
94,50	2,27	5,0	5,8	4,5
94,52	2,27	5,0	5,8	4,5
94,55	2,27	5,0	5,8	4,5
94,57	2,28	5,0	5,8	4,5
94,60	2,28	5,0	5,8	4,5
94,62	2,27	5,0	5,8	4,5
94,65	2,27	5,0	5,8	4,5
94,67	2,28	5,0	5,8	4,5
94,70	2,28	5,0	5,8	4,5
94,72	2,28	5,0	5,8	4,5
94,74	2,28	5,0	5,8	4,5
94,77	2,29	5,0	5,8	4,5
94,79	2,29	5,0	5,8	4,5
94,82	2,28	5,0	5,8	4,5
94,84	2,28	5,0	5,8	4,5
94,87	2,29	5,0	5,8	4,5
94,89	2,30	5,0	5,8	4,5
94,92	2,29	5,0	5,8	4,5
94,94	2,29	5,0	5,8	4,5
94,96	2,28	5,0	5,8	4,5
94,99	2,29	5,0	5,8	4,5
95,01	2,30	5,0	5,8	4,5
95,04	2,29	5,0	5,8	4,5
95,06	2,29	5,0	5,8	4,5
95,09	2,30	5,0	5,8	4,5
95,11	2,31	5,0	5,8	4,5
95,14	2,30	5,0	5,8	4,5
95,16	2,31	5,0	5,8	4,5
95,18	2,31	5,0	5,8	4,5
95,21	2,31	5,0	5,8	4,5
95,23	2,31	5,0	5,8	4,5
95,26	2,31	5,0	5,8	4,5
95,28	2,32	5,0	5,8	4,5
95,31	2,32	5,0	5,8	4,5
95,33	2,32	5,0	5,8	4,5
95,36	2,32	5,0	5,8	4,5
95,38	2,33	5,0	5,8	4,5
95,40	2,33	5,0	5,8	4,5
95,43	2,33	5,0	5,8	4,5
95,45	2,33	5,0	5,8	4,5
95,48	2,34	5,0	5,8	4,5
95,50	2,34	5,0	5,8	4,5
95,53	2,34	5,0	5,8	4,5
95,55	2,34	5,0	5,8	4,5
95,57	2,35	5,0	5,8	4,5
95,60	2,36	5,0	5,8	4,5
95,62	2,37	5,0	5,8	4,5
95,65	2,36	5,0	5,8	4,5
95,67	2,36	5,0	5,8	4,5
95,70	2,36	5,0	5,8	4,5
95,72	2,37	5,0	5,8	4,5
95,75	2,37	5,0	5,8	4,5
95,77	2,37	5,0	5,8	4,5
95,79	2,38	5,0	5,8	4,5
95,82	2,38	5,0	5,8	4,5
95,84	2,38	5,0	5,8	4,5
95,87	2,38	5,0	5,8	4,5
95,89	2,39	5,0	5,8	4,5
95,92	2,40	5,0	5,8	4,5
95,94	2,39	5,0	5,8	4,5
95,97	2,39	5,0	5,8	4,5
95,99	2,40	5,0	5,8	4,5
96,01	2,41	5,0	5,8	4,5
96,04	2,40	5,0	5,8	4,5
96,06	2,40	5,0	5,8	4,5
96,09	2,41	5,0	5,8	4,5
96,11	2,42	5,0	5,8	4,5
96,14	2,41	5,0	5,8	4,5
96,16	2,41	5,0	5,8	4,5
96,19	2,42	5,0	5,8	4,5
96,21	2,43	5,0	5,8	4,5
96,23	2,42	5,0	5,8	4,5
96,26	2,43	5,0	5,8	4,5
96,28	2,44	5,0	5,8	4,5
96,31	2,44	5,0	5,8	4,5
96,33	2,44	5,0	5,8	4,5
96,36	2,44	5,0	5,8	4,5
96,38	2,45	5,0	5,8	4,5
96,41	2,45	5,0	5,8	4,5
96,43	2,45	5,0	5,8	4,5
96,45	2,45	5,0	5,8	4,5
96,48	2,46	5,0	5,8	4,5
96,50	2,47	5,0	5,8	4,5
96,53	2,46	5,0	5,8	4,5
96,55	2,47	5,0	5,8	4,5
96,58	2,48	5,0	5,8	4,5
96,60	2,48	5,0	5,8	4,5
96,62	2,47	5,0	5,8	4,5
96,65	2,48	5,0	5,8	4,5
96,67	2,49	5,0	5,8	4,5
96,70	2,49	5,0	5,8	4,5
96,72	2,49	5,0	5,8	4,5
96,75	2,50	5,0	5,8	4,5
96,77	2,51	5,0	5,8	4,5
96,80	2,51	5,0	5,8	4,5
96,82	2,51	5,0	5,8	4,5
96,84	2,52	5,0	5,8	4,5
96,87	2,53	5,0	5,8	4,5
96,89	2,52	5,0	5,8	4,5
96,92	2,51	5,0	5,8	4,5
96,94	2,53	5,0	5,8	4,5
96,97	2,54	5,0	5,8	4,5
96,99	2,54	5,0	5,8	4,5
97,02	2,53	5,0	5,8	4,5
97,04	2,54	5,0	5,8	4,5
97,06	2,56	5,0	5,8	4,5
97,09	2,56	5,0	5,8	4,5
97,11	2,55	5,0	5,8	4,5
97,14	2,56	5,0	5,8	4,5
97,16	2,57	5,0	5,8	4,5
97,19	2,57	5,0	5,8	4,5
97,21	2,57	5,0	5,8	4,5
97,24	2,58	5,0	5,8	4,5
97,26	2,59	5,0	5,8	4,5
97,28	2,59	5,0	5,8	4,5
97,31	2,58	5,0	5,8	4,5
97,33	2,60	5,0	5,8	4,5
97,36	2,61	5,0	5,8	4,5
97,38	2,61	5,0	5,8	4,5
97,41	2,61	5,0	5,8	4,5
97,43	2,61	5,0	5,8	4,5
97,46	2,62	5,0	5,8	4,5
97,48	2,63	5,0	5,8	4,5
97,50	2,63	5,0	5,8	4,5
97,53	2,63	5,0	5,8	4,5
97,55	2,63	5,0	5,8	4,5
97,58	2,65	5,0	5,8	4,5
97,60	2,65	5,0	5,8	4,5
97,63	2,65	5,0	5,8	4,5
97,65	2,65	5,0	5,8	4,5
97,68	2,66	5,0	5,8	4,5
97,70	2,67	5,0	5,8	4,5
97,72	2,66	5,0	5,8	4,5
97,75	2,67	5,0	5,8	4,5
97,77	2,68	5,0	5,8	4,5
97,80	2,68	5,0	5,8	4,5
97,82	2,68	5,0	5,8	4,5
97,85	2,69	5,0	5,8	4,5
97,87	2,70	5,0	5,8	4,5
97,89	2,70	5,0	5,8	4,5
97,92	2,70	5,0	5,8	4,5
97,94	2,72	5,0	5,8	4,5
97,97	2,73	5,0	5,8	4,5
97,99	2,73	5,0	5,8	4,5
98,02	2,73	5,0	5,8	4,5
98,04	2,73	5,0	5,8	4,5
98,07	2,73	5,0	5,8	4,5
98,09	2,74	5,0	5,8	4,5
98,11	2,75	5,0	5,8	4,5
98,14	2,75	5,0	5,8	4,5
98,16	2,75	5,0	5,8	4,5
98,19	2,77	5,0	5,8	4,5
98,21	2,77	5,0	5,8	4,5
98,24	2,77	5,0	5,8	4,5
98,26	2,78	5,0	5,8	4,5
98,29	2,79	5,0	5,8	4,5
98,31	2,79	5,0	5,8	4,5
98,33	2,78	5,0	5,8	4,5
98,36	2,79	5,0	5,8	4,5
98,38	2,81	5,0	5,8	4,5
98,41	2,81	5,0	5,8	4,5
98,43	2,80	5,0	5,8	4,5
98,46	2,81	5,0	5,8	4,5
98,48	2,83	5,0	5,8	4,5
98,51	2,82	5,0	5,8	4,5
98,53	2,82	5,0	5,8	4,5
98,55	2,83	5,0	5,8	4,5
98,58	2,85	5,0	5,8	4,5
98,60	2,84	5,0	5,8	4,5
98,63	2,84	5,0	5,8	4,5
98,65	2,86	5,0	5,8	4,5
98,68	2,87	5,0	5,8	4,5
98,70	2,88	5,0	5,8	4,5
98,73	2,87	5,0	5,8	4,5
98,75	2,87	5,0	5,8	4,5
98,77	2,88	5,0	5,8	4,5
98,80	2,88	5,0	5,8	4,5
98,82	2,88	5,0	5,8	4,5
98,85	2,88	5,0	5,8	4,5
98,87	2,89	5,0	5,8	4,5
98,90	2,89	5,0	5,8	4,5
98,92	2,88	5,0	5,8	4,5
98,94	2,88	5,0	5,8	4,5
98,97	2,90	5,0	5,8	4,5
98,99	2,90	5,0	5,8	4,5
