Voltage U1	Corriente IA	Voltage U2	Voltage U3	Voltage UH
U1/V	IA/nA	U2/V	U3/V	UH/V

0,02	0,20	5,0	5,9	5,0
0,04	0,19	5,0	5,9	5,0
0,07	0,19	5,0	5,9	5,0
0,09	0,19	5,0	5,9	5,0
0,12	0,18	5,0	5,9	5,0
0,14	0,17	5,0	5,9	5,0
0,17	0,16	5,0	5,9	5,0
0,19	0,16	5,0	5,9	5,0
0,21	0,15	5,0	5,9	5,0
0,24	0,14	5,0	5,9	5,0
0,26	0,14	5,0	5,9	5,0
0,29	0,14	5,0	5,9	5,0
0,31	0,13	5,0	5,9	5,0
0,34	0,12	5,0	5,9	5,0
0,36	0,12	5,0	5,9	5,0
0,39	0,12	5,0	5,9	5,0
0,41	0,12	5,0	5,9	5,0
0,43	0,12	5,0	5,9	5,0
0,46	0,12	5,0	5,9	5,0
0,48	0,12	5,0	5,9	5,0
0,51	0,12	5,0	5,9	5,0
0,53	0,12	5,0	5,9	5,0
0,56	0,12	5,0	5,9	5,0
0,58	0,13	5,0	5,9	5,0
0,61	0,13	5,0	5,9	5,0
0,63	0,12	5,0	5,9	5,0
0,65	0,13	5,0	5,9	5,0
0,68	0,13	5,0	5,9	5,0
0,70	0,13	5,0	5,9	5,0
0,73	0,13	5,0	5,9	5,0
0,75	0,13	5,0	5,9	5,0
0,78	0,14	5,0	5,9	5,0
0,80	0,14	5,0	5,9	5,0
0,83	0,13	5,0	5,9	5,0
0,85	0,14	5,0	5,9	5,0
0,87	0,14	5,0	5,9	5,0
0,90	0,14	5,0	5,9	5,0
0,92	0,14	5,0	5,9	5,0
0,95	0,14	5,0	5,9	5,0
0,97	0,15	5,0	5,9	5,0
1,00	0,15	5,0	5,9	5,0
1,02	0,15	5,0	5,9	5,0
1,05	0,16	5,0	5,9	5,0
1,07	0,17	5,0	5,9	5,0
1,09	0,17	5,0	5,9	5,0
1,12	0,17	5,0	5,9	5,0
1,14	0,17	5,0	5,9	5,0
1,17	0,18	5,0	5,9	5,0
1,19	0,18	5,0	5,9	5,0
1,22	0,18	5,0	5,9	5,0
1,24	0,20	5,0	5,9	5,0
1,26	0,20	5,0	5,9	5,0
1,29	0,20	5,0	5,9	5,0
1,31	0,20	5,0	5,9	5,0
1,34	0,21	5,0	5,9	5,0
1,36	0,22	5,0	5,9	5,0
1,39	0,22	5,0	5,9	5,0
1,41	0,22	5,0	5,9	5,0
1,44	0,23	5,0	5,9	5,0
1,46	0,24	5,0	5,9	5,0
1,48	0,25	5,0	5,9	5,0
1,51	0,25	5,0	5,9	5,0
1,53	0,26	5,0	5,9	5,0
1,56	0,27	5,0	5,9	5,0
1,58	0,27	5,0	5,9	5,0
1,61	0,27	5,0	5,9	5,0
1,63	0,28	5,0	5,9	5,0
1,66	0,29	5,0	5,9	5,0
1,68	0,29	5,0	5,9	5,0
1,70	0,29	5,0	5,9	5,0
1,73	0,30	5,0	5,9	5,0
1,75	0,31	5,0	5,9	5,0
1,78	0,31	5,0	5,9	5,0
1,80	0,31	5,0	5,9	5,0
1,83	0,32	5,0	5,9	5,0
1,85	0,33	5,0	5,9	5,0
1,88	0,33	5,0	5,9	5,0
1,90	0,33	5,0	5,9	5,0
1,92	0,34	5,0	5,9	5,0
1,95	0,35	5,0	5,9	5,0
1,97	0,35	5,0	5,9	5,0
2,00	0,35	5,0	5,9	5,0
2,02	0,36	5,0	5,9	5,0
2,05	0,37	5,0	5,9	5,0
2,07	0,37	5,0	5,9	5,0
2,10	0,37	5,0	5,9	5,0
2,12	0,38	5,0	5,9	5,0
2,14	0,38	5,0	5,9	5,0
2,17	0,39	5,0	5,9	5,0
2,19	0,39	5,0	5,9	5,0
2,22	0,39	5,0	5,9	5,0
2,24	0,40	5,0	5,9	5,0
2,27	0,41	5,0	5,9	5,0
2,29	0,41	5,0	5,9	5,0
2,31	0,41	5,0	5,9	5,0
2,34	0,42	5,0	5,9	5,0
2,36	0,43	5,0	5,9	5,0
2,39	0,43	5,0	5,9	5,0
2,41	0,42	5,0	5,9	5,0
2,44	0,43	5,0	5,9	5,0
2,46	0,44	5,0	5,9	5,0
2,49	0,43	5,0	5,9	5,0
2,51	0,43	5,0	5,9	5,0
2,53	0,44	5,0	5,9	5,0
2,56	0,45	5,0	5,9	5,0
2,58	0,45	5,0	5,9	5,0
2,61	0,45	5,0	5,9	5,0
2,63	0,46	5,0	5,9	5,0
2,66	0,46	5,0	5,9	5,0
2,68	0,46	5,0	5,9	5,0
2,71	0,46	5,0	5,9	5,0
2,73	0,47	5,0	5,9	5,0
2,75	0,48	5,0	5,9	5,0
2,78	0,48	5,0	5,9	5,0
2,80	0,48	5,0	5,9	5,0
2,83	0,48	5,0	5,9	5,0
2,85	0,48	5,0	5,9	5,0
2,88	0,49	5,0	5,9	5,0
2,90	0,49	5,0	5,9	5,0
2,93	0,49	5,0	5,9	5,0
2,95	0,50	5,0	5,9	5,0
2,97	0,51	5,0	5,9	5,0
3,00	0,51	5,0	5,9	5,0
3,02	0,51	5,0	5,9	5,0
3,05	0,52	5,0	5,9	5,0
3,07	0,53	5,0	5,9	5,0
3,10	0,52	5,0	5,9	5,0
3,12	0,51	5,0	5,9	5,0
3,15	0,53	5,0	5,9	5,0
3,17	0,53	5,0	5,9	5,0
3,19	0,53	5,0	5,9	5,0
3,22	0,53	5,0	5,9	5,0
3,24	0,54	5,0	5,9	5,0
3,27	0,55	5,0	5,9	5,0
3,29	0,54	5,0	5,9	5,0
3,32	0,54	5,0	5,9	5,0
3,34	0,55	5,0	5,9	5,0
3,36	0,55	5,0	5,9	5,0
3,39	0,55	5,0	5,9	5,0
3,41	0,55	5,0	5,9	5,0
3,44	0,56	5,0	5,9	5,0
3,46	0,57	5,0	5,9	5,0
3,49	0,57	5,0	5,9	5,0
3,51	0,57	5,0	5,9	5,0
3,54	0,58	5,0	5,9	5,0
3,56	0,58	5,0	5,9	5,0
3,58	0,58	5,0	5,9	5,0
3,61	0,57	5,0	5,9	5,0
3,63	0,59	5,0	5,9	5,0
3,66	0,60	5,0	5,9	5,0
3,68	0,59	5,0	5,9	5,0
3,71	0,59	5,0	5,9	5,0
3,73	0,60	5,0	5,9	5,0
3,76	0,61	5,0	5,9	5,0
3,78	0,61	5,0	5,9	5,0
3,80	0,61	5,0	5,9	5,0
3,83	0,62	5,0	5,9	5,0
3,85	0,62	5,0	5,9	5,0
3,88	0,62	5,0	5,9	5,0
3,90	0,62	5,0	5,9	5,0
3,93	0,63	5,0	5,9	5,0
3,95	0,64	5,0	5,9	5,0
3,98	0,63	5,0	5,9	5,0
4,00	0,64	5,0	5,9	5,0
4,02	0,65	5,0	5,9	5,0
4,05	0,65	5,0	5,9	5,0
4,07	0,64	5,0	5,9	5,0
4,10	0,64	5,0	5,9	5,0
4,12	0,65	5,0	5,9	5,0
4,15	0,65	5,0	5,9	5,0
4,17	0,65	5,0	5,9	5,0
4,20	0,66	5,0	5,9	5,0
4,22	0,67	5,0	5,9	5,0
4,24	0,67	5,0	5,9	5,0
4,27	0,66	5,0	5,9	5,0
4,29	0,67	5,0	5,9	5,0
4,32	0,68	5,0	5,9	5,0
4,34	0,67	5,0	5,9	5,0
4,37	0,67	5,0	5,9	5,0
4,39	0,68	5,0	5,9	5,0
4,42	0,69	5,0	5,9	5,0
4,44	0,69	5,0	5,9	5,0
4,46	0,68	5,0	5,9	5,0
4,49	0,69	5,0	5,9	5,0
4,51	0,70	5,0	5,9	5,0
4,54	0,70	5,0	5,9	5,0
4,56	0,69	5,0	5,9	5,0
4,59	0,69	5,0	5,9	5,0
4,61	0,69	5,0	5,9	5,0
4,63	0,70	5,0	5,9	5,0
4,66	0,71	5,0	5,9	5,0
4,68	0,71	5,0	5,9	5,0
4,71	0,71	5,0	5,9	5,0
4,73	0,72	5,0	5,9	5,0
4,76	0,72	5,0	5,9	5,0
4,78	0,72	5,0	5,9	5,0
4,81	0,72	5,0	5,9	5,0
4,83	0,72	5,0	5,9	5,0
4,85	0,73	5,0	5,9	5,0
4,88	0,72	5,0	5,9	5,0
4,90	0,73	5,0	5,9	5,0
4,93	0,73	5,0	5,9	5,0
4,95	0,74	5,0	5,9	5,0
4,98	0,73	5,0	5,9	5,0
5,00	0,74	5,0	5,9	5,0
5,03	0,74	5,0	5,9	5,0
5,05	0,74	5,0	5,9	5,0
5,07	0,74	5,0	5,9	5,0
5,10	0,74	5,0	5,9	5,0
5,12	0,75	5,0	5,9	5,0
5,15	0,75	5,0	5,9	5,0
5,17	0,75	5,0	5,9	5,0
5,20	0,75	5,0	5,9	5,0
5,22	0,76	5,0	5,9	5,0
5,25	0,77	5,0	5,9	5,0
5,27	0,77	5,0	5,9	5,0
5,29	0,77	5,0	5,9	5,0
5,32	0,76	5,0	5,9	5,0
5,34	0,77	5,0	5,9	5,0
5,37	0,78	5,0	5,9	5,0
5,39	0,78	5,0	5,9	5,0
5,42	0,77	5,0	5,9	5,0
5,44	0,79	5,0	5,9	5,0
5,47	0,79	5,0	5,9	5,0
5,49	0,78	5,0	5,9	5,0
5,51	0,78	5,0	5,9	5,0
5,54	0,79	5,0	5,9	5,0
5,56	0,79	5,0	5,9	5,0
5,59	0,78	5,0	5,9	5,0
5,61	0,79	5,0	5,9	5,0
5,64	0,80	5,0	5,9	5,0
5,66	0,80	5,0	5,9	5,0
5,68	0,80	5,0	5,9	5,0
5,71	0,80	5,0	5,9	5,0
5,73	0,81	5,0	5,9	5,0
5,76	0,81	5,0	5,9	5,0
5,78	0,80	5,0	5,9	5,0
5,81	0,80	5,0	5,9	5,0
5,83	0,81	5,0	5,9	5,0
5,86	0,82	5,0	5,9	5,0
5,88	0,81	5,0	5,9	5,0
5,90	0,81	5,0	5,9	5,0
5,93	0,82	5,0	5,9	5,0
5,95	0,82	5,0	5,9	5,0
5,98	0,82	5,0	5,9	5,0
6,00	0,82	5,0	5,9	5,0
6,03	0,83	5,0	5,9	5,0
6,05	0,83	5,0	5,9	5,0
6,08	0,83	5,0	5,9	5,0
6,10	0,83	5,0	5,9	5,0
6,12	0,85	5,0	5,9	5,0
6,15	0,85	5,0	5,9	5,0
6,17	0,84	5,0	5,9	5,0
6,20	0,85	5,0	5,9	5,0
6,22	0,86	5,0	5,9	5,0
6,25	0,85	5,0	5,9	5,0
6,27	0,85	5,0	5,9	5,0
6,30	0,86	5,0	5,9	5,0
6,32	0,86	5,0	5,9	5,0
6,34	0,86	5,0	5,9	5,0
6,37	0,86	5,0	5,9	5,0
6,39	0,87	5,0	5,9	5,0
6,42	0,88	5,0	5,9	5,0
6,44	0,87	5,0	5,9	5,0
6,47	0,87	5,0	5,9	5,0
6,49	0,88	5,0	5,9	5,0
6,52	0,88	5,0	5,9	5,0
6,54	0,88	5,0	5,9	5,0
6,56	0,88	5,0	5,9	5,0
6,59	0,89	5,0	5,9	5,0
6,61	0,90	5,0	5,9	5,0
6,64	0,89	5,0	5,9	5,0
6,66	0,89	5,0	5,9	5,0
6,69	0,90	5,0	5,9	5,0
6,71	0,91	5,0	5,9	5,0
6,73	0,90	5,0	5,9	5,0
6,76	0,89	5,0	5,9	5,0
6,78	0,90	5,0	5,9	5,0
6,81	0,91	5,0	5,9	5,0
6,83	0,90	5,0	5,9	5,0
6,86	0,90	5,0	5,9	5,0
6,88	0,91	5,0	5,9	5,0
6,91	0,92	5,0	5,9	5,0
6,93	0,91	5,0	5,9	5,0
6,95	0,91	5,0	5,9	5,0
6,98	0,92	5,0	5,9	5,0
7,00	0,92	5,0	5,9	5,0
7,03	0,93	5,0	5,9	5,0
7,05	0,93	5,0	5,9	5,0
7,08	0,92	5,0	5,9	5,0
7,10	0,93	5,0	5,9	5,0
7,13	0,93	5,0	5,9	5,0
7,15	0,94	5,0	5,9	5,0
7,17	0,93	5,0	5,9	5,0
7,20	0,94	5,0	5,9	5,0
7,22	0,95	5,0	5,9	5,0
7,25	0,94	5,0	5,9	5,0
7,27	0,94	5,0	5,9	5,0
7,30	0,95	5,0	5,9	5,0
7,32	0,95	5,0	5,9	5,0
7,35	0,95	5,0	5,9	5,0
7,37	0,95	5,0	5,9	5,0
7,39	0,96	5,0	5,9	5,0
7,42	0,96	5,0	5,9	5,0
7,44	0,95	5,0	5,9	5,0
7,47	0,95	5,0	5,9	5,0
7,49	0,96	5,0	5,9	5,0
7,52	0,97	5,0	5,9	5,0
7,54	0,96	5,0	5,9	5,0
7,57	0,96	5,0	5,9	5,0
7,59	0,97	5,0	5,9	5,0
7,61	0,97	5,0	5,9	5,0
7,64	0,97	5,0	5,9	5,0
7,66	0,97	5,0	5,9	5,0
7,69	0,96	5,0	5,9	5,0
7,71	0,97	5,0	5,9	5,0
7,74	0,98	5,0	5,9	5,0
7,76	0,98	5,0	5,9	5,0
7,78	0,98	5,0	5,9	5,0
7,81	0,98	5,0	5,9	5,0
7,83	0,99	5,0	5,9	5,0
7,86	0,99	5,0	5,9	5,0
7,88	0,98	5,0	5,9	5,0
7,91	0,99	5,0	5,9	5,0
7,93	0,99	5,0	5,9	5,0
7,96	0,99	5,0	5,9	5,0
7,98	0,98	5,0	5,9	5,0
8,00	0,99	5,0	5,9	5,0
8,03	1,00	5,0	5,9	5,0
8,05	1,00	5,0	5,9	5,0
8,08	0,99	5,0	5,9	5,0
8,10	1,00	5,0	5,9	5,0
8,13	1,01	5,0	5,9	5,0
8,15	1,00	5,0	5,9	5,0
8,18	1,00	5,0	5,9	5,0
8,20	1,01	5,0	5,9	5,0
8,22	1,01	5,0	5,9	5,0
8,25	1,01	5,0	5,9	5,0
8,27	1,01	5,0	5,9	5,0
8,30	1,02	5,0	5,9	5,0
8,32	1,02	5,0	5,9	5,0
8,35	1,02	5,0	5,9	5,0
8,37	1,02	5,0	5,9	5,0
8,40	1,03	5,0	5,9	5,0
8,42	1,03	5,0	5,9	5,0
8,44	1,02	5,0	5,9	5,0
8,47	1,02	5,0	5,9	5,0
8,49	1,03	5,0	5,9	5,0
8,52	1,04	5,0	5,9	5,0
8,54	1,03	5,0	5,9	5,0
8,57	1,03	5,0	5,9	5,0
8,59	1,04	5,0	5,9	5,0
8,62	1,04	5,0	5,9	5,0
8,64	1,03	5,0	5,9	5,0
8,66	1,03	5,0	5,9	5,0
8,69	1,04	5,0	5,9	5,0
8,71	1,04	5,0	5,9	5,0
8,74	1,03	5,0	5,9	5,0
8,76	1,04	5,0	5,9	5,0
8,79	1,05	5,0	5,9	5,0
8,81	1,05	5,0	5,9	5,0
8,84	1,04	5,0	5,9	5,0
8,86	1,04	5,0	5,9	5,0
8,88	1,05	5,0	5,9	5,0
8,91	1,05	5,0	5,9	5,0
8,93	1,04	5,0	5,9	5,0
8,96	1,05	5,0	5,9	5,0
8,98	1,06	5,0	5,9	5,0
9,01	1,06	5,0	5,9	5,0
9,03	1,05	5,0	5,9	5,0
9,05	1,05	5,0	5,9	5,0
9,08	1,07	5,0	5,9	5,0
9,10	1,07	5,0	5,9	5,0
9,13	1,06	5,0	5,9	5,0
9,15	1,06	5,0	5,9	5,0
9,18	1,07	5,0	5,9	5,0
9,20	1,07	5,0	5,9	5,0
9,23	1,06	5,0	5,9	5,0
9,25	1,07	5,0	5,9	5,0
9,27	1,08	5,0	5,9	5,0
9,30	1,08	5,0	5,9	5,0
9,32	1,07	5,0	5,9	5,0
9,35	1,07	5,0	5,9	5,0
9,37	1,08	5,0	5,9	5,0
9,40	1,08	5,0	5,9	5,0
9,42	1,07	5,0	5,9	5,0
9,45	1,08	5,0	5,9	5,0
9,47	1,08	5,0	5,9	5,0
9,49	1,09	5,0	5,9	5,0
9,52	1,09	5,0	5,9	5,0
9,54	1,08	5,0	5,9	5,0
9,57	1,09	5,0	5,9	5,0
9,59	1,10	5,0	5,9	5,0
9,62	1,10	5,0	5,9	5,0
9,64	1,09	5,0	5,9	5,0
9,67	1,09	5,0	5,9	5,0
9,69	1,11	5,0	5,9	5,0
9,71	1,11	5,0	5,9	5,0
9,74	1,10	5,0	5,9	5,0
9,76	1,11	5,0	5,9	5,0
9,79	1,11	5,0	5,9	5,0
9,81	1,11	5,0	5,9	5,0
9,84	1,11	5,0	5,9	5,0
9,86	1,10	5,0	5,9	5,0
9,89	1,11	5,0	5,9	5,0
9,91	1,12	5,0	5,9	5,0
9,93	1,11	5,0	5,9	5,0
9,96	1,11	5,0	5,9	5,0
9,98	1,12	5,0	5,9	5,0
10,01	1,12	5,0	5,9	5,0
10,03	1,11	5,0	5,9	5,0
10,06	1,11	5,0	5,9	5,0
10,08	1,12	5,0	5,9	5,0
10,10	1,12	5,0	5,9	5,0
10,13	1,12	5,0	5,9	5,0
10,15	1,12	5,0	5,9	5,0
10,18	1,11	5,0	5,9	5,0
10,20	1,13	5,0	5,9	5,0
10,23	1,13	5,0	5,9	5,0
10,25	1,12	5,0	5,9	5,0
10,28	1,12	5,0	5,9	5,0
10,30	1,13	5,0	5,9	5,0
10,32	1,13	5,0	5,9	5,0
10,35	1,12	5,0	5,9	5,0
10,37	1,12	5,0	5,9	5,0
10,40	1,13	5,0	5,9	5,0
10,42	1,14	5,0	5,9	5,0
10,45	1,13	5,0	5,9	5,0
10,47	1,13	5,0	5,9	5,0
10,50	1,14	5,0	5,9	5,0
10,52	1,14	5,0	5,9	5,0
10,54	1,13	5,0	5,9	5,0
10,57	1,13	5,0	5,9	5,0
10,59	1,14	5,0	5,9	5,0
10,62	1,14	5,0	5,9	5,0
10,64	1,13	5,0	5,9	5,0
10,67	1,14	5,0	5,9	5,0
10,69	1,15	5,0	5,9	5,0
10,72	1,15	5,0	5,9	5,0
10,74	1,14	5,0	5,9	5,0
10,76	1,14	5,0	5,9	5,0
10,79	1,15	5,0	5,9	5,0
10,81	1,15	5,0	5,9	5,0
10,84	1,14	5,0	5,9	5,0
10,86	1,15	5,0	5,9	5,0
10,89	1,16	5,0	5,9	5,0
10,91	1,17	5,0	5,9	5,0
10,94	1,16	5,0	5,9	5,0
10,96	1,16	5,0	5,9	5,0
10,98	1,17	5,0	5,9	5,0
11,01	1,16	5,0	5,9	5,0
11,03	1,15	5,0	5,9	5,0
11,06	1,15	5,0	5,9	5,0
11,08	1,16	5,0	5,9	5,0
11,11	1,16	5,0	5,9	5,0
11,13	1,15	5,0	5,9	5,0
11,15	1,16	5,0	5,9	5,0
11,18	1,16	5,0	5,9	5,0
11,20	1,16	5,0	5,9	5,0
11,23	1,16	5,0	5,9	5,0
11,25	1,17	5,0	5,9	5,0
11,28	1,17	5,0	5,9	5,0
11,30	1,17	5,0	5,9	5,0
11,33	1,16	5,0	5,9	5,0
11,35	1,17	5,0	5,9	5,0
11,37	1,18	5,0	5,9	5,0
11,40	1,17	5,0	5,9	5,0
11,42	1,17	5,0	5,9	5,0
11,45	1,17	5,0	5,9	5,0
11,47	1,18	5,0	5,9	5,0
11,50	1,17	5,0	5,9	5,0
11,52	1,17	5,0	5,9	5,0
11,55	1,18	5,0	5,9	5,0
11,57	1,18	5,0	5,9	5,0
11,59	1,17	5,0	5,9	5,0
11,62	1,17	5,0	5,9	5,0
11,64	1,18	5,0	5,9	5,0
11,67	1,19	5,0	5,9	5,0
11,69	1,18	5,0	5,9	5,0
11,72	1,18	5,0	5,9	5,0
11,74	1,19	5,0	5,9	5,0
11,77	1,19	5,0	5,9	5,0
11,79	1,18	5,0	5,9	5,0
11,81	1,18	5,0	5,9	5,0
11,84	1,19	5,0	5,9	5,0
11,86	1,19	5,0	5,9	5,0
11,89	1,18	5,0	5,9	5,0
11,91	1,18	5,0	5,9	5,0
11,94	1,18	5,0	5,9	5,0
11,96	1,18	5,0	5,9	5,0
11,99	1,19	5,0	5,9	5,0
12,01	1,19	5,0	5,9	5,0
12,03	1,18	5,0	5,9	5,0
12,06	1,19	5,0	5,9	5,0
12,08	1,19	5,0	5,9	5,0
12,11	1,19	5,0	5,9	5,0
12,13	1,19	5,0	5,9	5,0
12,16	1,20	5,0	5,9	5,0
12,18	1,20	5,0	5,9	5,0
12,21	1,19	5,0	5,9	5,0
12,23	1,19	5,0	5,9	5,0
12,25	1,20	5,0	5,9	5,0
12,28	1,19	5,0	5,9	5,0
12,30	1,19	5,0	5,9	5,0
12,33	1,19	5,0	5,9	5,0
12,35	1,20	5,0	5,9	5,0
12,38	1,20	5,0	5,9	5,0
12,40	1,20	5,0	5,9	5,0
12,42	1,19	5,0	5,9	5,0
12,45	1,20	5,0	5,9	5,0
12,47	1,20	5,0	5,9	5,0
12,50	1,20	5,0	5,9	5,0
12,52	1,20	5,0	5,9	5,0
12,55	1,20	5,0	5,9	5,0
12,57	1,21	5,0	5,9	5,0
12,60	1,21	5,0	5,9	5,0
12,62	1,21	5,0	5,9	5,0
12,64	1,20	5,0	5,9	5,0
12,67	1,20	5,0	5,9	5,0
12,69	1,22	5,0	5,9	5,0
12,72	1,21	5,0	5,9	5,0
12,74	1,20	5,0	5,9	5,0
12,77	1,21	5,0	5,9	5,0
12,79	1,21	5,0	5,9	5,0
12,82	1,21	5,0	5,9	5,0
12,84	1,21	5,0	5,9	5,0
12,86	1,21	5,0	5,9	5,0
12,89	1,22	5,0	5,9	5,0
12,91	1,21	5,0	5,9	5,0
12,94	1,20	5,0	5,9	5,0
12,96	1,21	5,0	5,9	5,0
12,99	1,21	5,0	5,9	5,0
13,01	1,20	5,0	5,9	5,0
13,04	1,19	5,0	5,9	5,0
13,06	1,20	5,0	5,9	5,0
13,08	1,20	5,0	5,9	5,0
13,11	1,20	5,0	5,9	5,0
13,13	1,19	5,0	5,9	5,0
13,16	1,19	5,0	5,9	5,0
13,18	1,19	5,0	5,9	5,0
13,21	1,18	5,0	5,9	5,0
13,23	1,18	5,0	5,9	5,0
13,26	1,18	5,0	5,9	5,0
13,28	1,18	5,0	5,9	5,0
13,30	1,17	5,0	5,9	5,0
13,33	1,16	5,0	5,9	5,0
13,35	1,16	5,0	5,9	5,0
13,38	1,16	5,0	5,9	5,0
13,40	1,14	5,0	5,9	5,0
13,43	1,14	5,0	5,9	5,0
13,45	1,14	5,0	5,9	5,0
13,47	1,13	5,0	5,9	5,0
13,50	1,11	5,0	5,9	5,0
13,52	1,10	5,0	5,9	5,0
13,55	1,10	5,0	5,9	5,0
13,57	1,09	5,0	5,9	5,0
13,60	1,08	5,0	5,9	5,0
13,62	1,07	5,0	5,9	5,0
13,65	1,07	5,0	5,9	5,0
13,67	1,06	5,0	5,9	5,0
13,69	1,04	5,0	5,9	5,0
13,72	1,03	5,0	5,9	5,0
13,74	1,03	5,0	5,9	5,0
13,77	1,01	5,0	5,9	5,0
13,79	0,99	5,0	5,9	5,0
13,82	0,99	5,0	5,9	5,0
13,84	0,99	5,0	5,9	5,0
13,87	0,97	5,0	5,9	5,0
13,89	0,95	5,0	5,9	5,0
13,91	0,94	5,0	5,9	5,0
13,94	0,94	5,0	5,9	5,0
13,96	0,93	5,0	5,9	5,0
13,99	0,91	5,0	5,9	5,0
14,01	0,90	5,0	5,9	5,0
14,04	0,90	5,0	5,9	5,0
14,06	0,89	5,0	5,9	5,0
14,09	0,87	5,0	5,9	5,0
14,11	0,86	5,0	5,9	5,0
14,13	0,86	5,0	5,9	5,0
14,16	0,85	5,0	5,9	5,0
14,18	0,82	5,0	5,9	5,0
14,21	0,81	5,0	5,9	5,0
14,23	0,81	5,0	5,9	5,0
14,26	0,80	5,0	5,9	5,0
14,28	0,78	5,0	5,9	5,0
14,31	0,77	5,0	5,9	5,0
14,33	0,76	5,0	5,9	5,0
14,35	0,76	5,0	5,9	5,0
14,38	0,74	5,0	5,9	5,0
14,40	0,73	5,0	5,9	5,0
14,43	0,72	5,0	5,9	5,0
14,45	0,71	5,0	5,9	5,0
14,48	0,70	5,0	5,9	5,0
14,50	0,68	5,0	5,9	5,0
14,52	0,67	5,0	5,9	5,0
14,55	0,66	5,0	5,9	5,0
14,57	0,65	5,0	5,9	5,0
14,60	0,63	5,0	5,9	5,0
14,62	0,62	5,0	5,9	5,0
14,65	0,61	5,0	5,9	5,0
14,67	0,59	5,0	5,9	5,0
14,70	0,57	5,0	5,9	5,0
14,72	0,56	5,0	5,9	5,0
14,74	0,56	5,0	5,9	5,0
14,77	0,54	5,0	5,9	5,0
14,79	0,52	5,0	5,9	5,0
14,82	0,51	5,0	5,9	5,0
14,84	0,50	5,0	5,9	5,0
14,87	0,49	5,0	5,9	5,0
14,89	0,46	5,0	5,9	5,0
14,92	0,46	5,0	5,9	5,0
14,94	0,45	5,0	5,9	5,0
14,96	0,43	5,0	5,9	5,0
14,99	0,41	5,0	5,9	5,0
15,01	0,40	5,0	5,9	5,0
15,04	0,39	5,0	5,9	5,0
15,06	0,38	5,0	5,9	5,0
15,09	0,37	5,0	5,9	5,0
15,11	0,35	5,0	5,9	5,0
15,14	0,34	5,0	5,9	5,0
15,16	0,34	5,0	5,9	5,0
15,18	0,33	5,0	5,9	5,0
15,21	0,30	5,0	5,9	5,0
15,23	0,29	5,0	5,9	5,0
15,26	0,29	5,0	5,9	5,0
15,28	0,28	5,0	5,9	5,0
15,31	0,27	5,0	5,9	5,0
15,33	0,26	5,0	5,9	5,0
15,36	0,25	5,0	5,9	5,0
15,38	0,24	5,0	5,9	5,0
15,40	0,22	5,0	5,9	5,0
15,43	0,22	5,0	5,9	5,0
15,45	0,22	5,0	5,9	5,0
15,48	0,21	5,0	5,9	5,0
15,50	0,20	5,0	5,9	5,0
15,53	0,19	5,0	5,9	5,0
15,55	0,19	5,0	5,9	5,0
15,57	0,19	5,0	5,9	5,0
15,60	0,17	5,0	5,9	5,0
15,62	0,17	5,0	5,9	5,0
15,65	0,17	5,0	5,9	5,0
15,67	0,17	5,0	5,9	5,0
15,70	0,15	5,0	5,9	5,0
15,72	0,15	5,0	5,9	5,0
15,75	0,15	5,0	5,9	5,0
15,77	0,14	5,0	5,9	5,0
15,79	0,13	5,0	5,9	5,0
15,82	0,13	5,0	5,9	5,0
15,84	0,13	5,0	5,9	5,0
15,87	0,13	5,0	5,9	5,0
15,89	0,11	5,0	5,9	5,0
15,92	0,11	5,0	5,9	5,0
15,94	0,11	5,0	5,9	5,0
15,97	0,11	5,0	5,9	5,0
15,99	0,10	5,0	5,9	5,0
16,01	0,10	5,0	5,9	5,0
16,04	0,10	5,0	5,9	5,0
16,06	0,10	5,0	5,9	5,0
16,09	0,09	5,0	5,9	5,0
16,11	0,08	5,0	5,9	5,0
16,14	0,08	5,0	5,9	5,0
16,16	0,08	5,0	5,9	5,0
16,19	0,07	5,0	5,9	5,0
16,21	0,07	5,0	5,9	5,0
16,23	0,07	5,0	5,9	5,0
16,26	0,07	5,0	5,9	5,0
16,28	0,06	5,0	5,9	5,0
16,31	0,06	5,0	5,9	5,0
16,33	0,06	5,0	5,9	5,0
16,36	0,06	5,0	5,9	5,0
16,38	0,05	5,0	5,9	5,0
16,41	0,05	5,0	5,9	5,0
16,43	0,05	5,0	5,9	5,0
16,45	0,05	5,0	5,9	5,0
16,48	0,05	5,0	5,9	5,0
16,50	0,05	5,0	5,9	5,0
16,53	0,05	5,0	5,9	5,0
16,55	0,05	5,0	5,9	5,0
16,58	0,04	5,0	5,9	5,0
16,60	0,04	5,0	5,9	5,0
16,63	0,04	5,0	5,9	5,0
16,65	0,04	5,0	5,9	5,0
16,67	0,04	5,0	5,9	5,0
16,70	0,04	5,0	5,9	5,0
16,72	0,04	5,0	5,9	5,0
16,75	0,04	5,0	5,9	5,0
16,77	0,04	5,0	5,9	5,0
16,80	0,04	5,0	5,9	5,0
16,82	0,04	5,0	5,9	5,0
16,84	0,05	5,0	5,9	5,0
16,87	0,04	5,0	5,9	5,0
16,89	0,04	5,0	5,9	5,0
16,92	0,04	5,0	5,9	5,0
16,94	0,05	5,0	5,9	5,0
16,97	0,05	5,0	5,9	5,0
16,99	0,05	5,0	5,9	5,0
17,02	0,05	5,0	5,9	5,0
17,04	0,05	5,0	5,9	5,0
17,06	0,05	5,0	5,9	5,0
17,09	0,05	5,0	5,9	5,0
17,11	0,05	5,0	5,9	5,0
17,14	0,05	5,0	5,9	5,0
17,16	0,05	5,0	5,9	5,0
17,19	0,05	5,0	5,9	5,0
17,21	0,05	5,0	5,9	5,0
17,24	0,06	5,0	5,9	5,0
17,26	0,05	5,0	5,9	5,0
17,28	0,05	5,0	5,9	5,0
17,31	0,05	5,0	5,9	5,0
17,33	0,06	5,0	5,9	5,0
17,36	0,05	5,0	5,9	5,0
17,38	0,05	5,0	5,9	5,0
17,41	0,05	5,0	5,9	5,0
17,43	0,06	5,0	5,9	5,0
17,46	0,06	5,0	5,9	5,0
17,48	0,06	5,0	5,9	5,0
17,50	0,05	5,0	5,9	5,0
17,53	0,06	5,0	5,9	5,0
17,55	0,06	5,0	5,9	5,0
17,58	0,06	5,0	5,9	5,0
17,60	0,06	5,0	5,9	5,0
17,63	0,07	5,0	5,9	5,0
17,65	0,07	5,0	5,9	5,0
17,68	0,07	5,0	5,9	5,0
17,70	0,06	5,0	5,9	5,0
17,72	0,07	5,0	5,9	5,0
17,75	0,08	5,0	5,9	5,0
17,77	0,08	5,0	5,9	5,0
17,80	0,07	5,0	5,9	5,0
17,82	0,09	5,0	5,9	5,0
17,85	0,09	5,0	5,9	5,0
17,87	0,09	5,0	5,9	5,0
17,89	0,09	5,0	5,9	5,0
17,92	0,11	5,0	5,9	5,0
17,94	0,11	5,0	5,9	5,0
17,97	0,11	5,0	5,9	5,0
17,99	0,12	5,0	5,9	5,0
18,02	0,13	5,0	5,9	5,0
18,04	0,14	5,0	5,9	5,0
18,07	0,14	5,0	5,9	5,0
18,09	0,15	5,0	5,9	5,0
18,11	0,17	5,0	5,9	5,0
18,14	0,18	5,0	5,9	5,0
18,16	0,19	5,0	5,9	5,0
18,19	0,20	5,0	5,9	5,0
18,21	0,22	5,0	5,9	5,0
18,24	0,24	5,0	5,9	5,0
18,26	0,25	5,0	5,9	5,0
18,29	0,26	5,0	5,9	5,0
18,31	0,29	5,0	5,9	5,0
18,33	0,30	5,0	5,9	5,0
18,36	0,32	5,0	5,9	5,0
18,38	0,34	5,0	5,9	5,0
18,41	0,36	5,0	5,9	5,0
18,43	0,38	5,0	5,9	5,0
18,46	0,39	5,0	5,9	5,0
18,48	0,41	5,0	5,9	5,0
18,51	0,44	5,0	5,9	5,0
18,53	0,45	5,0	5,9	5,0
18,55	0,47	5,0	5,9	5,0
18,58	0,49	5,0	5,9	5,0
18,60	0,52	5,0	5,9	5,0
18,63	0,54	5,0	5,9	5,0
18,65	0,56	5,0	5,9	5,0
18,68	0,58	5,0	5,9	5,0
18,70	0,61	5,0	5,9	5,0
18,73	0,63	5,0	5,9	5,0
18,75	0,65	5,0	5,9	5,0
18,77	0,67	5,0	5,9	5,0
18,80	0,70	5,0	5,9	5,0
18,82	0,72	5,0	5,9	5,0
18,85	0,73	5,0	5,9	5,0
18,87	0,75	5,0	5,9	5,0
18,90	0,78	5,0	5,9	5,0
18,92	0,80	5,0	5,9	5,0
18,94	0,81	5,0	5,9	5,0
18,97	0,84	5,0	5,9	5,0
18,99	0,86	5,0	5,9	5,0
19,02	0,88	5,0	5,9	5,0
19,04	0,89	5,0	5,9	5,0
19,07	0,91	5,0	5,9	5,0
19,09	0,94	5,0	5,9	5,0
19,12	0,96	5,0	5,9	5,0
19,14	0,97	5,0	5,9	5,0
19,16	0,99	5,0	5,9	5,0
19,19	1,03	5,0	5,9	5,0
19,21	1,04	5,0	5,9	5,0
19,24	1,06	5,0	5,9	5,0
19,26	1,07	5,0	5,9	5,0
19,29	1,09	5,0	5,9	5,0
19,31	1,11	5,0	5,9	5,0
19,34	1,13	5,0	5,9	5,0
19,36	1,14	5,0	5,9	5,0
19,38	1,17	5,0	5,9	5,0
19,41	1,18	5,0	5,9	5,0
19,43	1,20	5,0	5,9	5,0
19,46	1,21	5,0	5,9	5,0
19,48	1,23	5,0	5,9	5,0
19,51	1,26	5,0	5,9	5,0
19,53	1,28	5,0	5,9	5,0
19,56	1,29	5,0	5,9	5,0
19,58	1,31	5,0	5,9	5,0
19,60	1,33	5,0	5,9	5,0
19,63	1,35	5,0	5,9	5,0
19,65	1,36	5,0	5,9	5,0
19,68	1,38	5,0	5,9	5,0
19,70	1,41	5,0	5,9	5,0
19,73	1,42	5,0	5,9	5,0
19,75	1,43	5,0	5,9	5,0
19,78	1,45	5,0	5,9	5,0
19,80	1,47	5,0	5,9	5,0
19,82	1,49	5,0	5,9	5,0
19,85	1,50	5,0	5,9	5,0
19,87	1,52	5,0	5,9	5,0
19,90	1,54	5,0	5,9	5,0
19,92	1,56	5,0	5,9	5,0
19,95	1,58	5,0	5,9	5,0
19,97	1,58	5,0	5,9	5,0
19,99	1,60	5,0	5,9	5,0
20,02	1,63	5,0	5,9	5,0
20,04	1,65	5,0	5,9	5,0
20,07	1,66	5,0	5,9	5,0
20,09	1,67	5,0	5,9	5,0
20,12	1,70	5,0	5,9	5,0
20,14	1,72	5,0	5,9	5,0
20,17	1,72	5,0	5,9	5,0
20,19	1,74	5,0	5,9	5,0
20,21	1,76	5,0	5,9	5,0
20,24	1,78	5,0	5,9	5,0
20,26	1,80	5,0	5,9	5,0
20,29	1,81	5,0	5,9	5,0
20,31	1,84	5,0	5,9	5,0
20,34	1,86	5,0	5,9	5,0
20,36	1,87	5,0	5,9	5,0
20,39	1,88	5,0	5,9	5,0
20,41	1,91	5,0	5,9	5,0
20,43	1,92	5,0	5,9	5,0
20,46	1,93	5,0	5,9	5,0
20,48	1,95	5,0	5,9	5,0
20,51	1,98	5,0	5,9	5,0
20,53	1,99	5,0	5,9	5,0
20,56	2,00	5,0	5,9	5,0
20,58	2,02	5,0	5,9	5,0
20,61	2,05	5,0	5,9	5,0
20,63	2,06	5,0	5,9	5,0
20,65	2,07	5,0	5,9	5,0
20,68	2,09	5,0	5,9	5,0
20,70	2,11	5,0	5,9	5,0
20,73	2,12	5,0	5,9	5,0
20,75	2,13	5,0	5,9	5,0
20,78	2,16	5,0	5,9	5,0
20,80	2,18	5,0	5,9	5,0
20,83	2,19	5,0	5,9	5,0
20,85	2,20	5,0	5,9	5,0
20,87	2,22	5,0	5,9	5,0
20,90	2,24	5,0	5,9	5,0
20,92	2,25	5,0	5,9	5,0
20,95	2,26	5,0	5,9	5,0
20,97	2,28	5,0	5,9	5,0
21,00	2,30	5,0	5,9	5,0
21,02	2,31	5,0	5,9	5,0
21,05	2,32	5,0	5,9	5,0
21,07	2,34	5,0	5,9	5,0
21,09	2,37	5,0	5,9	5,0
21,12	2,38	5,0	5,9	5,0
21,14	2,38	5,0	5,9	5,0
21,17	2,41	5,0	5,9	5,0
21,19	2,43	5,0	5,9	5,0
21,22	2,43	5,0	5,9	5,0
21,24	2,44	5,0	5,9	5,0
21,26	2,47	5,0	5,9	5,0
21,29	2,49	5,0	5,9	5,0
21,31	2,49	5,0	5,9	5,0
21,34	2,50	5,0	5,9	5,0
21,36	2,53	5,0	5,9	5,0
21,39	2,54	5,0	5,9	5,0
21,41	2,55	5,0	5,9	5,0
21,44	2,56	5,0	5,9	5,0
21,46	2,58	5,0	5,9	5,0
21,48	2,60	5,0	5,9	5,0
21,51	2,61	5,0	5,9	5,0
21,53	2,62	5,0	5,9	5,0
21,56	2,64	5,0	5,9	5,0
21,58	2,66	5,0	5,9	5,0
21,61	2,66	5,0	5,9	5,0
21,63	2,67	5,0	5,9	5,0
21,66	2,69	5,0	5,9	5,0
21,68	2,71	5,0	5,9	5,0
21,70	2,72	5,0	5,9	5,0
21,73	2,73	5,0	5,9	5,0
21,75	2,74	5,0	5,9	5,0
21,78	2,76	5,0	5,9	5,0
21,80	2,78	5,0	5,9	5,0
21,83	2,78	5,0	5,9	5,0
21,85	2,79	5,0	5,9	5,0
21,88	2,81	5,0	5,9	5,0
21,90	2,83	5,0	5,9	5,0
21,92	2,84	5,0	5,9	5,0
21,95	2,85	5,0	5,9	5,0
21,97	2,87	5,0	5,9	5,0
22,00	2,88	5,0	5,9	5,0
22,02	2,89	5,0	5,9	5,0
22,05	2,90	5,0	5,9	5,0
22,07	2,92	5,0	5,9	5,0
22,10	2,93	5,0	5,9	5,0
22,12	2,94	5,0	5,9	5,0
22,14	2,95	5,0	5,9	5,0
22,17	2,97	5,0	5,9	5,0
22,19	2,98	5,0	5,9	5,0
22,22	2,99	5,0	5,9	5,0
22,24	3,00	5,0	5,9	5,0
22,27	3,02	5,0	5,9	5,0
22,29	3,03	5,0	5,9	5,0
22,31	3,04	5,0	5,9	5,0
22,34	3,05	5,0	5,9	5,0
22,36	3,05	5,0	5,9	5,0
22,39	3,07	5,0	5,9	5,0
22,41	3,09	5,0	5,9	5,0
22,44	3,10	5,0	5,9	5,0
22,46	3,10	5,0	5,9	5,0
22,49	3,12	5,0	5,9	5,0
22,51	3,14	5,0	5,9	5,0
22,53	3,14	5,0	5,9	5,0
22,56	3,14	5,0	5,9	5,0
22,58	3,16	5,0	5,9	5,0
22,61	3,18	5,0	5,9	5,0
22,63	3,18	5,0	5,9	5,0
22,66	3,19	5,0	5,9	5,0
22,68	3,21	5,0	5,9	5,0
22,71	3,23	5,0	5,9	5,0
22,73	3,23	5,0	5,9	5,0
22,75	3,24	5,0	5,9	5,0
22,78	3,25	5,0	5,9	5,0
22,80	3,27	5,0	5,9	5,0
22,83	3,27	5,0	5,9	5,0
22,85	3,27	5,0	5,9	5,0
22,88	3,30	5,0	5,9	5,0
22,90	3,31	5,0	5,9	5,0
22,93	3,31	5,0	5,9	5,0
22,95	3,32	5,0	5,9	5,0
22,97	3,34	5,0	5,9	5,0
23,00	3,35	5,0	5,9	5,0
23,02	3,36	5,0	5,9	5,0
23,05	3,36	5,0	5,9	5,0
23,07	3,38	5,0	5,9	5,0
23,10	3,39	5,0	5,9	5,0
23,12	3,39	5,0	5,9	5,0
23,15	3,40	5,0	5,9	5,0
23,17	3,42	5,0	5,9	5,0
23,19	3,43	5,0	5,9	5,0
23,22	3,43	5,0	5,9	5,0
23,24	3,44	5,0	5,9	5,0
23,27	3,46	5,0	5,9	5,0
23,29	3,47	5,0	5,9	5,0
23,32	3,47	5,0	5,9	5,0
23,34	3,48	5,0	5,9	5,0
23,36	3,49	5,0	5,9	5,0
23,39	3,51	5,0	5,9	5,0
23,41	3,51	5,0	5,9	5,0
23,44	3,52	5,0	5,9	5,0
23,46	3,53	5,0	5,9	5,0
23,49	3,54	5,0	5,9	5,0
23,51	3,54	5,0	5,9	5,0
23,54	3,55	5,0	5,9	5,0
23,56	3,56	5,0	5,9	5,0
23,58	3,58	5,0	5,9	5,0
23,61	3,57	5,0	5,9	5,0
23,63	3,58	5,0	5,9	5,0
23,66	3,60	5,0	5,9	5,0
23,68	3,61	5,0	5,9	5,0
23,71	3,61	5,0	5,9	5,0
23,73	3,62	5,0	5,9	5,0
23,76	3,63	5,0	5,9	5,0
23,78	3,64	5,0	5,9	5,0
23,80	3,64	5,0	5,9	5,0
23,83	3,65	5,0	5,9	5,0
23,85	3,67	5,0	5,9	5,0
23,88	3,68	5,0	5,9	5,0
23,90	3,68	5,0	5,9	5,0
23,93	3,69	5,0	5,9	5,0
23,95	3,71	5,0	5,9	5,0
23,98	3,71	5,0	5,9	5,0
24,00	3,72	5,0	5,9	5,0
24,02	3,73	5,0	5,9	5,0
24,05	3,74	5,0	5,9	5,0
24,07	3,74	5,0	5,9	5,0
24,10	3,75	5,0	5,9	5,0
24,12	3,76	5,0	5,9	5,0
24,15	3,77	5,0	5,9	5,0
24,17	3,78	5,0	5,9	5,0
24,20	3,79	5,0	5,9	5,0
24,22	3,80	5,0	5,9	5,0
24,24	3,80	5,0	5,9	5,0
24,27	3,81	5,0	5,9	5,0
24,29	3,82	5,0	5,9	5,0
24,32	3,82	5,0	5,9	5,0
24,34	3,83	5,0	5,9	5,0
24,37	3,84	5,0	5,9	5,0
24,39	3,85	5,0	5,9	5,0
24,42	3,85	5,0	5,9	5,0
24,44	3,86	5,0	5,9	5,0
24,46	3,87	5,0	5,9	5,0
24,49	3,88	5,0	5,9	5,0
24,51	3,88	5,0	5,9	5,0
24,54	3,89	5,0	5,9	5,0
24,56	3,89	5,0	5,9	5,0
24,59	3,90	5,0	5,9	5,0
24,61	3,90	5,0	5,9	5,0
24,63	3,91	5,0	5,9	5,0
24,66	3,92	5,0	5,9	5,0
24,68	3,93	5,0	5,9	5,0
24,71	3,93	5,0	5,9	5,0
24,73	3,93	5,0	5,9	5,0
24,76	3,94	5,0	5,9	5,0
24,78	3,95	5,0	5,9	5,0
24,81	3,96	5,0	5,9	5,0
24,83	3,95	5,0	5,9	5,0
24,85	3,96	5,0	5,9	5,0
24,88	3,97	5,0	5,9	5,0
24,90	3,98	5,0	5,9	5,0
24,93	3,98	5,0	5,9	5,0
24,95	3,98	5,0	5,9	5,0
24,98	4,00	5,0	5,9	5,0
25,00	4,01	5,0	5,9	5,0
25,03	4,00	5,0	5,9	5,0
25,05	4,01	5,0	5,9	5,0
25,07	4,02	5,0	5,9	5,0
25,10	4,03	5,0	5,9	5,0
25,12	4,03	5,0	5,9	5,0
25,15	4,04	5,0	5,9	5,0
25,17	4,05	5,0	5,9	5,0
25,20	4,06	5,0	5,9	5,0
25,22	4,05	5,0	5,9	5,0
25,25	4,06	5,0	5,9	5,0
25,27	4,07	5,0	5,9	5,0
25,29	4,08	5,0	5,9	5,0
25,32	4,07	5,0	5,9	5,0
25,34	4,08	5,0	5,9	5,0
25,37	4,09	5,0	5,9	5,0
25,39	4,10	5,0	5,9	5,0
25,42	4,10	5,0	5,9	5,0
25,44	4,10	5,0	5,9	5,0
25,47	4,11	5,0	5,9	5,0
25,49	4,11	5,0	5,9	5,0
25,51	4,11	5,0	5,9	5,0
25,54	4,12	5,0	5,9	5,0
25,56	4,13	5,0	5,9	5,0
25,59	4,13	5,0	5,9	5,0
25,61	4,13	5,0	5,9	5,0
25,64	4,14	5,0	5,9	5,0
25,66	4,15	5,0	5,9	5,0
25,68	4,15	5,0	5,9	5,0
25,71	4,14	5,0	5,9	5,0
25,73	4,15	5,0	5,9	5,0
25,76	4,16	5,0	5,9	5,0
25,78	4,16	5,0	5,9	5,0
25,81	4,16	5,0	5,9	5,0
25,83	4,17	5,0	5,9	5,0
25,86	4,18	5,0	5,9	5,0
25,88	4,18	5,0	5,9	5,0
25,90	4,17	5,0	5,9	5,0
25,93	4,18	5,0	5,9	5,0
25,95	4,19	5,0	5,9	5,0
25,98	4,18	5,0	5,9	5,0
26,00	4,18	5,0	5,9	5,0
26,03	4,19	5,0	5,9	5,0
26,05	4,20	5,0	5,9	5,0
26,08	4,20	5,0	5,9	5,0
26,10	4,20	5,0	5,9	5,0
26,12	4,21	5,0	5,9	5,0
26,15	4,22	5,0	5,9	5,0
26,17	4,21	5,0	5,9	5,0
26,20	4,21	5,0	5,9	5,0
26,22	4,22	5,0	5,9	5,0
26,25	4,23	5,0	5,9	5,0
26,27	4,22	5,0	5,9	5,0
26,30	4,22	5,0	5,9	5,0
26,32	4,24	5,0	5,9	5,0
26,34	4,25	5,0	5,9	5,0
26,37	4,24	5,0	5,9	5,0
26,39	4,24	5,0	5,9	5,0
26,42	4,25	5,0	5,9	5,0
26,44	4,26	5,0	5,9	5,0
26,47	4,25	5,0	5,9	5,0
26,49	4,25	5,0	5,9	5,0
26,52	4,26	5,0	5,9	5,0
26,54	4,27	5,0	5,9	5,0
26,56	4,27	5,0	5,9	5,0
26,59	4,27	5,0	5,9	5,0
26,61	4,27	5,0	5,9	5,0
26,64	4,28	5,0	5,9	5,0
26,66	4,28	5,0	5,9	5,0
26,69	4,28	5,0	5,9	5,0
26,71	4,28	5,0	5,9	5,0
26,73	4,28	5,0	5,9	5,0
26,76	4,29	5,0	5,9	5,0
26,78	4,28	5,0	5,9	5,0
26,81	4,28	5,0	5,9	5,0
26,83	4,29	5,0	5,9	5,0
26,86	4,29	5,0	5,9	5,0
26,88	4,29	5,0	5,9	5,0
26,91	4,29	5,0	5,9	5,0
26,93	4,30	5,0	5,9	5,0
26,95	4,30	5,0	5,9	5,0
26,98	4,29	5,0	5,9	5,0
27,00	4,30	5,0	5,9	5,0
27,03	4,31	5,0	5,9	5,0
27,05	4,31	5,0	5,9	5,0
27,08	4,31	5,0	5,9	5,0
27,10	4,31	5,0	5,9	5,0
27,13	4,31	5,0	5,9	5,0
27,15	4,32	5,0	5,9	5,0
27,17	4,30	5,0	5,9	5,0
27,20	4,31	5,0	5,9	5,0
27,22	4,31	5,0	5,9	5,0
27,25	4,31	5,0	5,9	5,0
27,27	4,32	5,0	5,9	5,0
27,30	4,32	5,0	5,9	5,0
27,32	4,32	5,0	5,9	5,0
27,35	4,32	5,0	5,9	5,0
27,37	4,33	5,0	5,9	5,0
27,39	4,33	5,0	5,9	5,0
27,42	4,32	5,0	5,9	5,0
27,44	4,33	5,0	5,9	5,0
27,47	4,34	5,0	5,9	5,0
27,49	4,33	5,0	5,9	5,0
27,52	4,33	5,0	5,9	5,0
27,54	4,34	5,0	5,9	5,0
27,57	4,35	5,0	5,9	5,0
27,59	4,34	5,0	5,9	5,0
27,61	4,34	5,0	5,9	5,0
27,64	4,35	5,0	5,9	5,0
27,66	4,35	5,0	5,9	5,0
27,69	4,34	5,0	5,9	5,0
27,71	4,34	5,0	5,9	5,0
27,74	4,35	5,0	5,9	5,0
27,76	4,35	5,0	5,9	5,0
27,78	4,35	5,0	5,9	5,0
27,81	4,34	5,0	5,9	5,0
27,83	4,36	5,0	5,9	5,0
27,86	4,36	5,0	5,9	5,0
27,88	4,34	5,0	5,9	5,0
27,91	4,34	5,0	5,9	5,0
27,93	4,35	5,0	5,9	5,0
27,96	4,35	5,0	5,9	5,0
27,98	4,34	5,0	5,9	5,0
28,00	4,34	5,0	5,9	5,0
28,03	4,36	5,0	5,9	5,0
28,05	4,36	5,0	5,9	5,0
28,08	4,35	5,0	5,9	5,0
28,10	4,35	5,0	5,9	5,0
28,13	4,36	5,0	5,9	5,0
28,15	4,36	5,0	5,9	5,0
28,18	4,34	5,0	5,9	5,0
28,20	4,34	5,0	5,9	5,0
28,22	4,36	5,0	5,9	5,0
28,25	4,36	5,0	5,9	5,0
28,27	4,35	5,0	5,9	5,0
28,30	4,35	5,0	5,9	5,0
28,32	4,36	5,0	5,9	5,0
28,35	4,35	5,0	5,9	5,0
28,37	4,34	5,0	5,9	5,0
28,40	4,34	5,0	5,9	5,0
28,42	4,35	5,0	5,9	5,0
28,44	4,35	5,0	5,9	5,0
28,47	4,34	5,0	5,9	5,0
28,49	4,34	5,0	5,9	5,0
28,52	4,35	5,0	5,9	5,0
28,54	4,36	5,0	5,9	5,0
28,57	4,35	5,0	5,9	5,0
28,59	4,34	5,0	5,9	5,0
28,62	4,35	5,0	5,9	5,0
28,64	4,35	5,0	5,9	5,0
28,66	4,34	5,0	5,9	5,0
28,69	4,34	5,0	5,9	5,0
28,71	4,35	5,0	5,9	5,0
28,74	4,35	5,0	5,9	5,0
28,76	4,34	5,0	5,9	5,0
28,79	4,34	5,0	5,9	5,0
28,81	4,35	5,0	5,9	5,0
28,84	4,35	5,0	5,9	5,0
28,86	4,34	5,0	5,9	5,0
28,88	4,34	5,0	5,9	5,0
28,91	4,34	5,0	5,9	5,0
28,93	4,34	5,0	5,9	5,0
28,96	4,34	5,0	5,9	5,0
28,98	4,34	5,0	5,9	5,0
29,01	4,34	5,0	5,9	5,0
29,03	4,34	5,0	5,9	5,0
29,05	4,35	5,0	5,9	5,0
29,08	4,33	5,0	5,9	5,0
29,10	4,34	5,0	5,9	5,0
29,13	4,34	5,0	5,9	5,0
29,15	4,34	5,0	5,9	5,0
29,18	4,33	5,0	5,9	5,0
29,20	4,33	5,0	5,9	5,0
29,23	4,33	5,0	5,9	5,0
29,25	4,34	5,0	5,9	5,0
29,27	4,32	5,0	5,9	5,0
29,30	4,32	5,0	5,9	5,0
29,32	4,33	5,0	5,9	5,0
29,35	4,33	5,0	5,9	5,0
29,37	4,32	5,0	5,9	5,0
29,40	4,32	5,0	5,9	5,0
29,42	4,32	5,0	5,9	5,0
29,45	4,32	5,0	5,9	5,0
29,47	4,31	5,0	5,9	5,0
29,49	4,31	5,0	5,9	5,0
29,52	4,31	5,0	5,9	5,0
29,54	4,31	5,0	5,9	5,0
29,57	4,30	5,0	5,9	5,0
29,59	4,29	5,0	5,9	5,0
29,62	4,30	5,0	5,9	5,0
29,64	4,29	5,0	5,9	5,0
29,67	4,29	5,0	5,9	5,0
29,69	4,28	5,0	5,9	5,0
29,71	4,27	5,0	5,9	5,0
29,74	4,28	5,0	5,9	5,0
29,76	4,27	5,0	5,9	5,0
29,79	4,26	5,0	5,9	5,0
29,81	4,25	5,0	5,9	5,0
29,84	4,26	5,0	5,9	5,0
29,86	4,25	5,0	5,9	5,0
29,89	4,23	5,0	5,9	5,0
29,91	4,23	5,0	5,9	5,0
29,93	4,23	5,0	5,9	5,0
29,96	4,22	5,0	5,9	5,0
29,98	4,20	5,0	5,9	5,0
30,01	4,19	5,0	5,9	5,0
30,03	4,19	5,0	5,9	5,0
30,06	4,18	5,0	5,9	5,0
30,08	4,16	5,0	5,9	5,0
30,10	4,15	5,0	5,9	5,0
30,13	4,15	5,0	5,9	5,0
30,15	4,13	5,0	5,9	5,0
30,18	4,11	5,0	5,9	5,0
30,20	4,09	5,0	5,9	5,0
30,23	4,09	5,0	5,9	5,0
30,25	4,07	5,0	5,9	5,0
30,28	4,04	5,0	5,9	5,0
30,30	4,02	5,0	5,9	5,0
30,32	4,01	5,0	5,9	5,0
30,35	3,99	5,0	5,9	5,0
30,37	3,95	5,0	5,9	5,0
30,40	3,93	5,0	5,9	5,0
30,42	3,92	5,0	5,9	5,0
30,45	3,90	5,0	5,9	5,0
30,47	3,86	5,0	5,9	5,0
30,50	3,84	5,0	5,9	5,0
30,52	3,82	5,0	5,9	5,0
30,54	3,79	5,0	5,9	5,0
30,57	3,75	5,0	5,9	5,0
30,59	3,73	5,0	5,9	5,0
30,62	3,71	5,0	5,9	5,0
30,64	3,68	5,0	5,9	5,0
30,67	3,64	5,0	5,9	5,0
30,69	3,61	5,0	5,9	5,0
30,72	3,59	5,0	5,9	5,0
30,74	3,56	5,0	5,9	5,0
30,76	3,52	5,0	5,9	5,0
30,79	3,49	5,0	5,9	5,0
30,81	3,46	5,0	5,9	5,0
30,84	3,43	5,0	5,9	5,0
30,86	3,39	5,0	5,9	5,0
30,89	3,37	5,0	5,9	5,0
30,91	3,34	5,0	5,9	5,0
30,94	3,30	5,0	5,9	5,0
30,96	3,26	5,0	5,9	5,0
30,98	3,24	5,0	5,9	5,0
31,01	3,20	5,0	5,9	5,0
31,03	3,17	5,0	5,9	5,0
31,06	3,13	5,0	5,9	5,0
31,08	3,10	5,0	5,9	5,0
31,11	3,07	5,0	5,9	5,0
31,13	3,03	5,0	5,9	5,0
31,15	3,00	5,0	5,9	5,0
31,18	2,97	5,0	5,9	5,0
31,20	2,94	5,0	5,9	5,0
31,23	2,90	5,0	5,9	5,0
31,25	2,86	5,0	5,9	5,0
31,28	2,84	5,0	5,9	5,0
31,30	2,81	5,0	5,9	5,0
31,33	2,77	5,0	5,9	5,0
31,35	2,74	5,0	5,9	5,0
31,37	2,71	5,0	5,9	5,0
31,40	2,68	5,0	5,9	5,0
31,42	2,64	5,0	5,9	5,0
31,45	2,60	5,0	5,9	5,0
31,47	2,56	5,0	5,9	5,0
31,50	2,53	5,0	5,9	5,0
31,52	2,50	5,0	5,9	5,0
31,55	2,47	5,0	5,9	5,0
31,57	2,43	5,0	5,9	5,0
31,59	2,40	5,0	5,9	5,0
31,62	2,37	5,0	5,9	5,0
31,64	2,33	5,0	5,9	5,0
31,67	2,30	5,0	5,9	5,0
31,69	2,27	5,0	5,9	5,0
31,72	2,24	5,0	5,9	5,0
31,74	2,20	5,0	5,9	5,0
31,77	2,17	5,0	5,9	5,0
31,79	2,14	5,0	5,9	5,0
31,81	2,11	5,0	5,9	5,0
31,84	2,07	5,0	5,9	5,0
31,86	2,04	5,0	5,9	5,0
31,89	2,01	5,0	5,9	5,0
31,91	1,98	5,0	5,9	5,0
31,94	1,93	5,0	5,9	5,0
31,96	1,90	5,0	5,9	5,0
31,99	1,87	5,0	5,9	5,0
32,01	1,84	5,0	5,9	5,0
32,03	1,80	5,0	5,9	5,0
32,06	1,77	5,0	5,9	5,0
32,08	1,74	5,0	5,9	5,0
32,11	1,71	5,0	5,9	5,0
32,13	1,69	5,0	5,9	5,0
32,16	1,65	5,0	5,9	5,0
32,18	1,61	5,0	5,9	5,0
32,20	1,58	5,0	5,9	5,0
32,23	1,55	5,0	5,9	5,0
32,25	1,51	5,0	5,9	5,0
32,28	1,47	5,0	5,9	5,0
32,30	1,45	5,0	5,9	5,0
32,33	1,42	5,0	5,9	5,0
32,35	1,38	5,0	5,9	5,0
32,38	1,35	5,0	5,9	5,0
32,40	1,32	5,0	5,9	5,0
32,42	1,29	5,0	5,9	5,0
32,45	1,25	5,0	5,9	5,0
32,47	1,22	5,0	5,9	5,0
32,50	1,19	5,0	5,9	5,0
32,52	1,17	5,0	5,9	5,0
32,55	1,13	5,0	5,9	5,0
32,57	1,10	5,0	5,9	5,0
32,60	1,07	5,0	5,9	5,0
32,62	1,05	5,0	5,9	5,0
32,64	1,01	5,0	5,9	5,0
32,67	0,98	5,0	5,9	5,0
32,69	0,95	5,0	5,9	5,0
32,72	0,93	5,0	5,9	5,0
32,74	0,89	5,0	5,9	5,0
32,77	0,86	5,0	5,9	5,0
32,79	0,84	5,0	5,9	5,0
32,82	0,82	5,0	5,9	5,0
32,84	0,78	5,0	5,9	5,0
32,86	0,75	5,0	5,9	5,0
32,89	0,73	5,0	5,9	5,0
32,91	0,71	5,0	5,9	5,0
32,94	0,67	5,0	5,9	5,0
32,96	0,65	5,0	5,9	5,0
32,99	0,63	5,0	5,9	5,0
33,01	0,60	5,0	5,9	5,0
33,04	0,57	5,0	5,9	5,0
33,06	0,54	5,0	5,9	5,0
33,08	0,52	5,0	5,9	5,0
33,11	0,50	5,0	5,9	5,0
33,13	0,47	5,0	5,9	5,0
33,16	0,44	5,0	5,9	5,0
33,18	0,43	5,0	5,9	5,0
33,21	0,41	5,0	5,9	5,0
33,23	0,37	5,0	5,9	5,0
33,26	0,36	5,0	5,9	5,0
33,28	0,34	5,0	5,9	5,0
33,30	0,33	5,0	5,9	5,0
33,33	0,30	5,0	5,9	5,0
33,35	0,28	5,0	5,9	5,0
33,38	0,26	5,0	5,9	5,0
33,40	0,25	5,0	5,9	5,0
33,43	0,22	5,0	5,9	5,0
33,45	0,20	5,0	5,9	5,0
33,47	0,19	5,0	5,9	5,0
33,50	0,19	5,0	5,9	5,0
33,52	0,17	5,0	5,9	5,0
33,55	0,15	5,0	5,9	5,0
33,57	0,14	5,0	5,9	5,0
33,60	0,14	5,0	5,9	5,0
33,62	0,12	5,0	5,9	5,0
33,65	0,10	5,0	5,9	5,0
33,67	0,10	5,0	5,9	5,0
33,69	0,10	5,0	5,9	5,0
33,72	0,08	5,0	5,9	5,0
33,74	0,07	5,0	5,9	5,0
33,77	0,07	5,0	5,9	5,0
33,79	0,07	5,0	5,9	5,0
33,82	0,06	5,0	5,9	5,0
33,84	0,05	5,0	5,9	5,0
33,87	0,05	5,0	5,9	5,0
33,89	0,05	5,0	5,9	5,0
33,91	0,03	5,0	5,9	5,0
33,94	0,03	5,0	5,9	5,0
33,96	0,03	5,0	5,9	5,0
33,99	0,03	5,0	5,9	5,0
34,01	0,02	5,0	5,9	5,0
34,04	0,02	5,0	5,9	5,0
34,06	0,02	5,0	5,9	5,0
34,09	0,02	5,0	5,9	5,0
34,11	0,01	5,0	5,9	5,0
34,13	0,01	5,0	5,9	5,0
34,16	0,01	5,0	5,9	5,0
34,18	0,01	5,0	5,9	5,0
34,21	0,01	5,0	5,9	5,0
34,23	0,01	5,0	5,9	5,0
34,26	0,01	5,0	5,9	5,0
34,28	0,01	5,0	5,9	5,0
34,31	0,01	5,0	5,9	5,0
34,33	0,01	5,0	5,9	5,0
34,35	0,01	5,0	5,9	5,0
34,38	0,01	5,0	5,9	5,0
34,40	0,01	5,0	5,9	5,0
34,43	0,01	5,0	5,9	5,0
34,45	0,01	5,0	5,9	5,0
34,48	0,01	5,0	5,9	5,0
34,50	0,01	5,0	5,9	5,0
34,52	0,01	5,0	5,9	5,0
34,55	0,01	5,0	5,9	5,0
34,57	0,01	5,0	5,9	5,0
34,60	0,01	5,0	5,9	5,0
34,62	0,01	5,0	5,9	5,0
34,65	0,01	5,0	5,9	5,0
34,67	0,01	5,0	5,9	5,0
34,70	0,01	5,0	5,9	5,0
34,72	0,01	5,0	5,9	5,0
34,74	0,01	5,0	5,9	5,0
34,77	0,01	5,0	5,9	5,0
34,79	0,01	5,0	5,9	5,0
34,82	0,01	5,0	5,9	5,0
34,84	0,01	5,0	5,9	5,0
34,87	0,01	5,0	5,9	5,0
34,89	0,01	5,0	5,9	5,0
34,92	0,01	5,0	5,9	5,0
34,94	0,01	5,0	5,9	5,0
34,96	0,01	5,0	5,9	5,0
34,99	0,01	5,0	5,9	5,0
35,01	0,01	5,0	5,9	5,0
35,04	0,01	5,0	5,9	5,0
35,06	0,01	5,0	5,9	5,0
35,09	0,01	5,0	5,9	5,0
35,11	0,01	5,0	5,9	5,0
35,14	0,01	5,0	5,9	5,0
35,16	0,02	5,0	5,9	5,0
35,18	0,03	5,0	5,9	5,0
35,21	0,03	5,0	5,9	5,0
35,23	0,03	5,0	5,9	5,0
35,26	0,03	5,0	5,9	5,0
35,28	0,04	5,0	5,9	5,0
35,31	0,04	5,0	5,9	5,0
35,33	0,04	5,0	5,9	5,0
35,36	0,05	5,0	5,9	5,0
35,38	0,06	5,0	5,9	5,0
35,40	0,06	5,0	5,9	5,0
35,43	0,07	5,0	5,9	5,0
35,45	0,08	5,0	5,9	5,0
35,48	0,09	5,0	5,9	5,0
35,50	0,09	5,0	5,9	5,0
35,53	0,10	5,0	5,9	5,0
35,55	0,12	5,0	5,9	5,0
35,57	0,13	5,0	5,9	5,0
35,60	0,13	5,0	5,9	5,0
35,62	0,14	5,0	5,9	5,0
35,65	0,16	5,0	5,9	5,0
35,67	0,18	5,0	5,9	5,0
35,70	0,18	5,0	5,9	5,0
35,72	0,20	5,0	5,9	5,0
35,75	0,22	5,0	5,9	5,0
35,77	0,24	5,0	5,9	5,0
35,79	0,25	5,0	5,9	5,0
35,82	0,26	5,0	5,9	5,0
35,84	0,28	5,0	5,9	5,0
35,87	0,30	5,0	5,9	5,0
35,89	0,31	5,0	5,9	5,0
35,92	0,33	5,0	5,9	5,0
35,94	0,36	5,0	5,9	5,0
35,97	0,38	5,0	5,9	5,0
35,99	0,39	5,0	5,9	5,0
36,01	0,41	5,0	5,9	5,0
36,04	0,43	5,0	5,9	5,0
36,06	0,46	5,0	5,9	5,0
36,09	0,47	5,0	5,9	5,0
36,11	0,49	5,0	5,9	5,0
36,14	0,52	5,0	5,9	5,0
36,16	0,54	5,0	5,9	5,0
36,19	0,56	5,0	5,9	5,0
36,21	0,58	5,0	5,9	5,0
36,23	0,61	5,0	5,9	5,0
36,26	0,64	5,0	5,9	5,0
36,28	0,65	5,0	5,9	5,0
36,31	0,67	5,0	5,9	5,0
36,33	0,69	5,0	5,9	5,0
36,36	0,72	5,0	5,9	5,0
36,38	0,75	5,0	5,9	5,0
36,41	0,77	5,0	5,9	5,0
36,43	0,79	5,0	5,9	5,0
36,45	0,82	5,0	5,9	5,0
36,48	0,85	5,0	5,9	5,0
36,50	0,87	5,0	5,9	5,0
36,53	0,88	5,0	5,9	5,0
36,55	0,92	5,0	5,9	5,0
36,58	0,95	5,0	5,9	5,0
36,60	0,97	5,0	5,9	5,0
36,62	0,99	5,0	5,9	5,0
36,65	1,03	5,0	5,9	5,0
36,67	1,05	5,0	5,9	5,0
36,70	1,08	5,0	5,9	5,0
36,72	1,10	5,0	5,9	5,0
36,75	1,13	5,0	5,9	5,0
36,77	1,17	5,0	5,9	5,0
36,80	1,19	5,0	5,9	5,0
36,82	1,21	5,0	5,9	5,0
36,84	1,25	5,0	5,9	5,0
36,87	1,28	5,0	5,9	5,0
36,89	1,31	5,0	5,9	5,0
36,92	1,33	5,0	5,9	5,0
36,94	1,37	5,0	5,9	5,0
36,97	1,40	5,0	5,9	5,0
36,99	1,43	5,0	5,9	5,0
37,02	1,46	5,0	5,9	5,0
37,04	1,48	5,0	5,9	5,0
37,06	1,52	5,0	5,9	5,0
37,09	1,56	5,0	5,9	5,0
37,11	1,59	5,0	5,9	5,0
37,14	1,61	5,0	5,9	5,0
37,16	1,65	5,0	5,9	5,0
37,19	1,70	5,0	5,9	5,0
37,21	1,72	5,0	5,9	5,0
37,24	1,74	5,0	5,9	5,0
37,26	1,78	5,0	5,9	5,0
37,28	1,82	5,0	5,9	5,0
37,31	1,85	5,0	5,9	5,0
37,33	1,87	5,0	5,9	5,0
37,36	1,91	5,0	5,9	5,0
37,38	1,95	5,0	5,9	5,0
37,41	1,98	5,0	5,9	5,0
37,43	2,01	5,0	5,9	5,0
37,46	2,05	5,0	5,9	5,0
37,48	2,09	5,0	5,9	5,0
37,50	2,11	5,0	5,9	5,0
37,53	2,14	5,0	5,9	5,0
37,55	2,19	5,0	5,9	5,0
37,58	2,23	5,0	5,9	5,0
37,60	2,26	5,0	5,9	5,0
37,63	2,29	5,0	5,9	5,0
37,65	2,33	5,0	5,9	5,0
37,68	2,37	5,0	5,9	5,0
37,70	2,39	5,0	5,9	5,0
37,72	2,42	5,0	5,9	5,0
37,75	2,45	5,0	5,9	5,0
37,77	2,49	5,0	5,9	5,0
37,80	2,52	5,0	5,9	5,0
37,82	2,55	5,0	5,9	5,0
37,85	2,59	5,0	5,9	5,0
37,87	2,63	5,0	5,9	5,0
37,89	2,66	5,0	5,9	5,0
37,92	2,69	5,0	5,9	5,0
37,94	2,73	5,0	5,9	5,0
37,97	2,77	5,0	5,9	5,0
37,99	2,79	5,0	5,9	5,0
38,02	2,82	5,0	5,9	5,0
38,04	2,86	5,0	5,9	5,0
38,07	2,90	5,0	5,9	5,0
38,09	2,93	5,0	5,9	5,0
38,11	2,96	5,0	5,9	5,0
38,14	3,00	5,0	5,9	5,0
38,16	3,03	5,0	5,9	5,0
38,19	3,06	5,0	5,9	5,0
38,21	3,09	5,0	5,9	5,0
38,24	3,13	5,0	5,9	5,0
38,26	3,16	5,0	5,9	5,0
38,29	3,19	5,0	5,9	5,0
38,31	3,22	5,0	5,9	5,0
38,33	3,26	5,0	5,9	5,0
38,36	3,30	5,0	5,9	5,0
38,38	3,32	5,0	5,9	5,0
38,41	3,36	5,0	5,9	5,0
38,43	3,40	5,0	5,9	5,0
38,46	3,43	5,0	5,9	5,0
38,48	3,46	5,0	5,9	5,0
38,51	3,50	5,0	5,9	5,0
38,53	3,54	5,0	5,9	5,0
38,55	3,57	5,0	5,9	5,0
38,58	3,60	5,0	5,9	5,0
38,60	3,64	5,0	5,9	5,0
38,63	3,68	5,0	5,9	5,0
38,65	3,71	5,0	5,9	5,0
38,68	3,74	5,0	5,9	5,0
38,70	3,78	5,0	5,9	5,0
38,73	3,82	5,0	5,9	5,0
38,75	3,85	5,0	5,9	5,0
38,77	3,88	5,0	5,9	5,0
38,80	3,92	5,0	5,9	5,0
38,82	3,95	5,0	5,9	5,0
38,85	3,99	5,0	5,9	5,0
38,87	4,02	5,0	5,9	5,0
38,90	4,05	5,0	5,9	5,0
38,92	4,09	5,0	5,9	5,0
38,94	4,12	5,0	5,9	5,0
38,97	4,16	5,0	5,9	5,0
38,99	4,19	5,0	5,9	5,0
39,02	4,22	5,0	5,9	5,0
39,04	4,27	5,0	5,9	5,0
39,07	4,30	5,0	5,9	5,0
39,09	4,33	5,0	5,9	5,0
39,12	4,37	5,0	5,9	5,0
39,14	4,40	5,0	5,9	5,0
39,16	4,44	5,0	5,9	5,0
39,19	4,46	5,0	5,9	5,0
39,21	4,50	5,0	5,9	5,0
39,24	4,54	5,0	5,9	5,0
39,26	4,57	5,0	5,9	5,0
39,29	4,60	5,0	5,9	5,0
39,31	4,64	5,0	5,9	5,0
39,34	4,67	5,0	5,9	5,0
39,36	4,71	5,0	5,9	5,0
39,38	4,73	5,0	5,9	5,0
39,41	4,77	5,0	5,9	5,0
39,43	4,80	5,0	5,9	5,0
39,46	4,84	5,0	5,9	5,0
39,48	4,88	5,0	5,9	5,0
39,51	4,91	5,0	5,9	5,0
39,53	4,94	5,0	5,9	5,0
39,56	4,98	5,0	5,9	5,0
39,58	5,02	5,0	5,9	5,0
39,60	5,04	5,0	5,9	5,0
39,63	5,07	5,0	5,9	5,0
39,65	5,11	5,0	5,9	5,0
39,68	5,15	5,0	5,9	5,0
39,70	5,17	5,0	5,9	5,0
39,73	5,20	5,0	5,9	5,0
39,75	5,24	5,0	5,9	5,0
39,78	5,28	5,0	5,9	5,0
39,80	5,31	5,0	5,9	5,0
39,82	5,34	5,0	5,9	5,0
39,85	5,38	5,0	5,9	5,0
39,87	5,41	5,0	5,9	5,0
39,90	5,43	5,0	5,9	5,0
39,92	5,47	5,0	5,9	5,0
39,95	5,51	5,0	5,9	5,0
39,97	5,54	5,0	5,9	5,0
39,99	5,57	5,0	5,9	5,0
40,02	5,60	5,0	5,9	5,0
40,04	5,64	5,0	5,9	5,0
40,07	5,67	5,0	5,9	5,0
40,09	5,70	5,0	5,9	5,0
40,12	5,73	5,0	5,9	5,0
40,14	5,77	5,0	5,9	5,0
40,17	5,79	5,0	5,9	5,0
40,19	5,82	5,0	5,9	5,0
40,21	5,85	5,0	5,9	5,0
40,24	5,89	5,0	5,9	5,0
40,26	5,92	5,0	5,9	5,0
40,29	5,94	5,0	5,9	5,0
40,31	5,98	5,0	5,9	5,0
40,34	6,02	5,0	5,9	5,0
40,36	6,04	5,0	5,9	5,0
40,39	6,07	5,0	5,9	5,0
40,41	6,10	5,0	5,9	5,0
40,43	6,14	5,0	5,9	5,0
40,46	6,16	5,0	5,9	5,0
40,48	6,19	5,0	5,9	5,0
40,51	6,23	5,0	5,9	5,0
40,53	6,26	5,0	5,9	5,0
40,56	6,28	5,0	5,9	5,0
40,58	6,31	5,0	5,9	5,0
40,61	6,34	5,0	5,9	5,0
40,63	6,38	5,0	5,9	5,0
40,65	6,40	5,0	5,9	5,0
40,68	6,42	5,0	5,9	5,0
40,70	6,46	5,0	5,9	5,0
40,73	6,50	5,0	5,9	5,0
40,75	6,52	5,0	5,9	5,0
40,78	6,54	5,0	5,9	5,0
40,80	6,58	5,0	5,9	5,0
40,83	6,62	5,0	5,9	5,0
40,85	6,63	5,0	5,9	5,0
40,87	6,65	5,0	5,9	5,0
40,90	6,69	5,0	5,9	5,0
40,92	6,73	5,0	5,9	5,0
40,95	6,75	5,0	5,9	5,0
40,97	6,77	5,0	5,9	5,0
41,00	6,81	5,0	5,9	5,0
41,02	6,84	5,0	5,9	5,0
41,05	6,86	5,0	5,9	5,0
41,07	6,89	5,0	5,9	5,0
41,09	6,93	5,0	5,9	5,0
41,12	6,96	5,0	5,9	5,0
41,14	6,97	5,0	5,9	5,0
41,17	7,00	5,0	5,9	5,0
41,19	7,04	5,0	5,9	5,0
41,22	7,07	5,0	5,9	5,0
41,24	7,09	5,0	5,9	5,0
41,26	7,12	5,0	5,9	5,0
41,29	7,14	5,0	5,9	5,0
41,31	7,18	5,0	5,9	5,0
41,34	7,21	5,0	5,9	5,0
41,36	7,22	5,0	5,9	5,0
41,39	7,25	5,0	5,9	5,0
41,41	7,28	5,0	5,9	5,0
41,44	7,31	5,0	5,9	5,0
41,46	7,33	5,0	5,9	5,0
41,48	7,36	5,0	5,9	5,0
41,51	7,39	5,0	5,9	5,0
41,53	7,42	5,0	5,9	5,0
41,56	7,44	5,0	5,9	5,0
41,58	7,46	5,0	5,9	5,0
41,61	7,50	5,0	5,9	5,0
41,63	7,53	5,0	5,9	5,0
41,66	7,54	5,0	5,9	5,0
41,68	7,57	5,0	5,9	5,0
41,70	7,60	5,0	5,9	5,0
41,73	7,63	5,0	5,9	5,0
41,75	7,65	5,0	5,9	5,0
41,78	7,67	5,0	5,9	5,0
41,80	7,70	5,0	5,9	5,0
41,83	7,73	5,0	5,9	5,0
41,85	7,75	5,0	5,9	5,0
41,88	7,78	5,0	5,9	5,0
41,90	7,80	5,0	5,9	5,0
41,92	7,83	5,0	5,9	5,0
41,95	7,86	5,0	5,9	5,0
41,97	7,88	5,0	5,9	5,0
42,00	7,90	5,0	5,9	5,0
42,02	7,93	5,0	5,9	5,0
42,05	7,96	5,0	5,9	5,0
42,07	7,97	5,0	5,9	5,0
42,10	7,99	5,0	5,9	5,0
42,12	8,02	5,0	5,9	5,0
42,14	8,05	5,0	5,9	5,0
42,17	8,07	5,0	5,9	5,0
42,19	8,08	5,0	5,9	5,0
42,22	8,11	5,0	5,9	5,0
42,24	8,14	5,0	5,9	5,0
42,27	8,15	5,0	5,9	5,0
42,29	8,17	5,0	5,9	5,0
42,31	8,20	5,0	5,9	5,0
42,34	8,23	5,0	5,9	5,0
42,36	8,24	5,0	5,9	5,0
42,39	8,26	5,0	5,9	5,0
42,41	8,29	5,0	5,9	5,0
42,44	8,31	5,0	5,9	5,0
42,46	8,33	5,0	5,9	5,0
42,49	8,34	5,0	5,9	5,0
42,51	8,37	5,0	5,9	5,0
42,53	8,39	5,0	5,9	5,0
42,56	8,40	5,0	5,9	5,0
42,58	8,42	5,0	5,9	5,0
42,61	8,45	5,0	5,9	5,0
42,63	8,47	5,0	5,9	5,0
42,66	8,49	5,0	5,9	5,0
42,68	8,51	5,0	5,9	5,0
42,71	8,54	5,0	5,9	5,0
42,73	8,56	5,0	5,9	5,0
42,75	8,57	5,0	5,9	5,0
42,78	8,58	5,0	5,9	5,0
42,80	8,61	5,0	5,9	5,0
42,83	8,63	5,0	5,9	5,0
42,85	8,64	5,0	5,9	5,0
42,88	8,66	5,0	5,9	5,0
42,90	8,69	5,0	5,9	5,0
42,93	8,71	5,0	5,9	5,0
42,95	8,72	5,0	5,9	5,0
42,97	8,74	5,0	5,9	5,0
43,00	8,76	5,0	5,9	5,0
43,02	8,78	5,0	5,9	5,0
43,05	8,79	5,0	5,9	5,0
43,07	8,81	5,0	5,9	5,0
43,10	8,83	5,0	5,9	5,0
43,12	8,86	5,0	5,9	5,0
43,15	8,87	5,0	5,9	5,0
43,17	8,88	5,0	5,9	5,0
43,19	8,91	5,0	5,9	5,0
43,22	8,93	5,0	5,9	5,0
43,24	8,93	5,0	5,9	5,0
43,27	8,95	5,0	5,9	5,0
43,29	8,97	5,0	5,9	5,0
43,32	8,99	5,0	5,9	5,0
43,34	9,00	5,0	5,9	5,0
43,36	9,02	5,0	5,9	5,0
43,39	9,04	5,0	5,9	5,0
43,41	9,05	5,0	5,9	5,0
43,44	9,07	5,0	5,9	5,0
43,46	9,09	5,0	5,9	5,0
43,49	9,11	5,0	5,9	5,0
43,51	9,12	5,0	5,9	5,0
43,54	9,13	5,0	5,9	5,0
43,56	9,15	5,0	5,9	5,0
43,58	9,17	5,0	5,9	5,0
43,61	9,19	5,0	5,9	5,0
43,63	9,20	5,0	5,9	5,0
43,66	9,21	5,0	5,9	5,0
43,68	9,23	5,0	5,9	5,0
43,71	9,25	5,0	5,9	5,0
43,73	9,26	5,0	5,9	5,0
43,76	9,27	5,0	5,9	5,0
43,78	9,28	5,0	5,9	5,0
43,80	9,30	5,0	5,9	5,0
43,83	9,32	5,0	5,9	5,0
43,85	9,33	5,0	5,9	5,0
43,88	9,34	5,0	5,9	5,0
43,90	9,37	5,0	5,9	5,0
43,93	9,38	5,0	5,9	5,0
43,95	9,39	5,0	5,9	5,0
43,98	9,39	5,0	5,9	5,0
44,00	9,41	5,0	5,9	5,0
44,02	9,43	5,0	5,9	5,0
44,05	9,43	5,0	5,9	5,0
44,07	9,45	5,0	5,9	5,0
44,10	9,47	5,0	5,9	5,0
44,12	9,48	5,0	5,9	5,0
44,15	9,49	5,0	5,9	5,0
44,17	9,50	5,0	5,9	5,0
44,20	9,52	5,0	5,9	5,0
44,22	9,53	5,0	5,9	5,0
44,24	9,53	5,0	5,9	5,0
44,27	9,55	5,0	5,9	5,0
44,29	9,57	5,0	5,9	5,0
44,32	9,58	5,0	5,9	5,0
44,34	9,60	5,0	5,9	5,0
44,37	9,60	5,0	5,9	5,0
44,39	9,61	5,0	5,9	5,0
44,41	9,63	5,0	5,9	5,0
44,44	9,64	5,0	5,9	5,0
44,46	9,64	5,0	5,9	5,0
44,49	9,64	5,0	5,9	5,0
44,51	9,66	5,0	5,9	5,0
44,54	9,67	5,0	5,9	5,0
44,56	9,67	5,0	5,9	5,0
44,59	9,68	5,0	5,9	5,0
44,61	9,70	5,0	5,9	5,0
44,63	9,72	5,0	5,9	5,0
44,66	9,72	5,0	5,9	5,0
44,68	9,73	5,0	5,9	5,0
44,71	9,75	5,0	5,9	5,0
44,73	9,75	5,0	5,9	5,0
44,76	9,75	5,0	5,9	5,0
44,78	9,76	5,0	5,9	5,0
44,81	9,78	5,0	5,9	5,0
44,83	9,79	5,0	5,9	5,0
44,85	9,79	5,0	5,9	5,0
44,88	9,80	5,0	5,9	5,0
44,90	9,82	5,0	5,9	5,0
44,93	9,83	5,0	5,9	5,0
44,95	9,83	5,0	5,9	5,0
44,98	9,83	5,0	5,9	5,0
45,00	9,85	5,0	5,9	5,0
45,03	9,86	5,0	5,9	5,0
45,05	9,86	5,0	5,9	5,0
45,07	9,87	5,0	5,9	5,0
45,10	9,89	5,0	5,9	5,0
45,12	9,89	5,0	5,9	5,0
45,15	9,89	5,0	5,9	5,0
45,17	9,90	5,0	5,9	5,0
45,20	9,91	5,0	5,9	5,0
45,22	9,91	5,0	5,9	5,0
45,25	9,91	5,0	5,9	5,0
45,27	9,93	5,0	5,9	5,0
45,29	9,94	5,0	5,9	5,0
45,32	9,94	5,0	5,9	5,0
45,34	9,94	5,0	5,9	5,0
45,37	9,96	5,0	5,9	5,0
45,39	9,97	5,0	5,9	5,0
45,42	9,97	5,0	5,9	5,0
45,44	9,97	5,0	5,9	5,0
45,47	9,98	5,0	5,9	5,0
45,49	9,99	5,0	5,9	5,0
45,51	9,99	5,0	5,9	5,0
45,54	9,99	5,0	5,9	5,0
45,56	10,00	5,0	5,9	5,0
45,59	10,01	5,0	5,9	5,0
45,61	10,00	5,0	5,9	5,0
45,64	10,01	5,0	5,9	5,0
45,66	10,02	5,0	5,9	5,0
45,68	10,02	5,0	5,9	5,0
45,71	10,02	5,0	5,9	5,0
45,73	10,02	5,0	5,9	5,0
45,76	10,03	5,0	5,9	5,0
45,78	10,04	5,0	5,9	5,0
45,81	10,04	5,0	5,9	5,0
45,83	10,04	5,0	5,9	5,0
45,86	10,06	5,0	5,9	5,0
45,88	10,06	5,0	5,9	5,0
45,90	10,05	5,0	5,9	5,0
45,93	10,06	5,0	5,9	5,0
45,95	10,07	5,0	5,9	5,0
45,98	10,07	5,0	5,9	5,0
46,00	10,07	5,0	5,9	5,0
46,03	10,07	5,0	5,9	5,0
46,05	10,08	5,0	5,9	5,0
46,08	10,08	5,0	5,9	5,0
46,10	10,08	5,0	5,9	5,0
46,12	10,08	5,0	5,9	5,0
46,15	10,07	5,0	5,9	5,0
46,17	10,08	5,0	5,9	5,0
46,20	10,08	5,0	5,9	5,0
46,22	10,08	5,0	5,9	5,0
46,25	10,08	5,0	5,9	5,0
46,27	10,09	5,0	5,9	5,0
46,30	10,09	5,0	5,9	5,0
46,32	10,09	5,0	5,9	5,0
46,34	10,08	5,0	5,9	5,0
46,37	10,09	5,0	5,9	5,0
46,39	10,08	5,0	5,9	5,0
46,42	10,08	5,0	5,9	5,0
46,44	10,08	5,0	5,9	5,0
46,47	10,08	5,0	5,9	5,0
46,49	10,09	5,0	5,9	5,0
46,52	10,08	5,0	5,9	5,0
46,54	10,07	5,0	5,9	5,0
46,56	10,08	5,0	5,9	5,0
46,59	10,08	5,0	5,9	5,0
46,61	10,07	5,0	5,9	5,0
46,64	10,06	5,0	5,9	5,0
46,66	10,07	5,0	5,9	5,0
46,69	10,06	5,0	5,9	5,0
46,71	10,05	5,0	5,9	5,0
46,73	10,05	5,0	5,9	5,0
46,76	10,04	5,0	5,9	5,0
46,78	10,04	5,0	5,9	5,0
46,81	10,04	5,0	5,9	5,0
46,83	10,03	5,0	5,9	5,0
46,86	10,02	5,0	5,9	5,0
46,88	10,01	5,0	5,9	5,0
46,91	10,01	5,0	5,9	5,0
46,93	10,00	5,0	5,9	5,0
46,95	9,98	5,0	5,9	5,0
46,98	9,97	5,0	5,9	5,0
47,00	9,97	5,0	5,9	5,0
47,03	9,94	5,0	5,9	5,0
47,05	9,93	5,0	5,9	5,0
47,08	9,92	5,0	5,9	5,0
47,10	9,90	5,0	5,9	5,0
47,13	9,88	5,0	5,9	5,0
47,15	9,85	5,0	5,9	5,0
47,17	9,84	5,0	5,9	5,0
47,20	9,83	5,0	5,9	5,0
47,22	9,80	5,0	5,9	5,0
47,25	9,78	5,0	5,9	5,0
47,27	9,76	5,0	5,9	5,0
47,30	9,74	5,0	5,9	5,0
47,32	9,71	5,0	5,9	5,0
47,35	9,68	5,0	5,9	5,0
47,37	9,67	5,0	5,9	5,0
47,39	9,65	5,0	5,9	5,0
47,42	9,61	5,0	5,9	5,0
47,44	9,59	5,0	5,9	5,0
47,47	9,57	5,0	5,9	5,0
47,49	9,54	5,0	5,9	5,0
47,52	9,50	5,0	5,9	5,0
47,54	9,47	5,0	5,9	5,0
47,57	9,45	5,0	5,9	5,0
47,59	9,42	5,0	5,9	5,0
47,61	9,38	5,0	5,9	5,0
47,64	9,35	5,0	5,9	5,0
47,66	9,33	5,0	5,9	5,0
47,69	9,30	5,0	5,9	5,0
47,71	9,26	5,0	5,9	5,0
47,74	9,23	5,0	5,9	5,0
47,76	9,21	5,0	5,9	5,0
47,78	9,18	5,0	5,9	5,0
47,81	9,13	5,0	5,9	5,0
47,83	9,10	5,0	5,9	5,0
47,86	9,08	5,0	5,9	5,0
47,88	9,05	5,0	5,9	5,0
47,91	9,01	5,0	5,9	5,0
47,93	8,98	5,0	5,9	5,0
47,96	8,95	5,0	5,9	5,0
47,98	8,92	5,0	5,9	5,0
48,00	8,88	5,0	5,9	5,0
48,03	8,85	5,0	5,9	5,0
48,05	8,83	5,0	5,9	5,0
48,08	8,79	5,0	5,9	5,0
48,10	8,75	5,0	5,9	5,0
48,13	8,72	5,0	5,9	5,0
48,15	8,70	5,0	5,9	5,0
48,18	8,66	5,0	5,9	5,0
48,20	8,62	5,0	5,9	5,0
48,22	8,59	5,0	5,9	5,0
48,25	8,57	5,0	5,9	5,0
48,27	8,53	5,0	5,9	5,0
48,30	8,49	5,0	5,9	5,0
48,32	8,45	5,0	5,9	5,0
48,35	8,43	5,0	5,9	5,0
48,37	8,39	5,0	5,9	5,0
48,40	8,35	5,0	5,9	5,0
48,42	8,33	5,0	5,9	5,0
48,44	8,30	5,0	5,9	5,0
48,47	8,26	5,0	5,9	5,0
48,49	8,22	5,0	5,9	5,0
48,52	8,19	5,0	5,9	5,0
48,54	8,15	5,0	5,9	5,0
48,57	8,12	5,0	5,9	5,0
48,59	8,09	5,0	5,9	5,0
48,62	8,04	5,0	5,9	5,0
48,64	8,01	5,0	5,9	5,0
48,66	7,99	5,0	5,9	5,0
48,69	7,95	5,0	5,9	5,0
48,71	7,90	5,0	5,9	5,0
48,74	7,87	5,0	5,9	5,0
48,76	7,83	5,0	5,9	5,0
48,79	7,79	5,0	5,9	5,0
48,81	7,74	5,0	5,9	5,0
48,84	7,71	5,0	5,9	5,0
48,86	7,68	5,0	5,9	5,0
48,88	7,64	5,0	5,9	5,0
48,91	7,59	5,0	5,9	5,0
48,93	7,55	5,0	5,9	5,0
48,96	7,52	5,0	5,9	5,0
48,98	7,48	5,0	5,9	5,0
49,01	7,43	5,0	5,9	5,0
49,03	7,39	5,0	5,9	5,0
49,05	7,35	5,0	5,9	5,0
49,08	7,31	5,0	5,9	5,0
49,10	7,26	5,0	5,9	5,0
49,13	7,22	5,0	5,9	5,0
49,15	7,18	5,0	5,9	5,0
49,18	7,14	5,0	5,9	5,0
49,20	7,10	5,0	5,9	5,0
49,23	7,05	5,0	5,9	5,0
49,25	7,00	5,0	5,9	5,0
49,27	6,97	5,0	5,9	5,0
49,30	6,92	5,0	5,9	5,0
49,32	6,87	5,0	5,9	5,0
49,35	6,83	5,0	5,9	5,0
49,37	6,80	5,0	5,9	5,0
49,40	6,75	5,0	5,9	5,0
49,42	6,70	5,0	5,9	5,0
49,45	6,66	5,0	5,9	5,0
49,47	6,62	5,0	5,9	5,0
49,49	6,57	5,0	5,9	5,0
49,52	6,51	5,0	5,9	5,0
49,54	6,47	5,0	5,9	5,0
49,57	6,44	5,0	5,9	5,0
49,59	6,39	5,0	5,9	5,0
49,62	6,34	5,0	5,9	5,0
49,64	6,30	5,0	5,9	5,0
49,67	6,27	5,0	5,9	5,0
49,69	6,23	5,0	5,9	5,0
49,71	6,17	5,0	5,9	5,0
49,74	6,13	5,0	5,9	5,0
49,76	6,10	5,0	5,9	5,0
49,79	6,05	5,0	5,9	5,0
49,81	6,00	5,0	5,9	5,0
49,84	5,96	5,0	5,9	5,0
49,86	5,93	5,0	5,9	5,0
49,89	5,88	5,0	5,9	5,0
49,91	5,83	5,0	5,9	5,0
49,93	5,79	5,0	5,9	5,0
49,96	5,76	5,0	5,9	5,0
49,98	5,71	5,0	5,9	5,0
50,01	5,65	5,0	5,9	5,0
50,03	5,62	5,0	5,9	5,0
50,06	5,59	5,0	5,9	5,0
50,08	5,54	5,0	5,9	5,0
50,10	5,49	5,0	5,9	5,0
50,13	5,45	5,0	5,9	5,0
50,15	5,42	5,0	5,9	5,0
50,18	5,38	5,0	5,9	5,0
50,20	5,33	5,0	5,9	5,0
50,23	5,29	5,0	5,9	5,0
50,25	5,25	5,0	5,9	5,0
50,28	5,20	5,0	5,9	5,0
50,30	5,16	5,0	5,9	5,0
50,32	5,12	5,0	5,9	5,0
50,35	5,08	5,0	5,9	5,0
50,37	5,04	5,0	5,9	5,0
50,40	4,99	5,0	5,9	5,0
50,42	4,96	5,0	5,9	5,0
50,45	4,92	5,0	5,9	5,0
50,47	4,87	5,0	5,9	5,0
50,50	4,83	5,0	5,9	5,0
50,52	4,79	5,0	5,9	5,0
50,54	4,75	5,0	5,9	5,0
50,57	4,71	5,0	5,9	5,0
50,59	4,67	5,0	5,9	5,0
50,62	4,63	5,0	5,9	5,0
50,64	4,60	5,0	5,9	5,0
50,67	4,55	5,0	5,9	5,0
50,69	4,51	5,0	5,9	5,0
50,72	4,47	5,0	5,9	5,0
50,74	4,43	5,0	5,9	5,0
50,76	4,38	5,0	5,9	5,0
50,79	4,34	5,0	5,9	5,0
50,81	4,31	5,0	5,9	5,0
50,84	4,27	5,0	5,9	5,0
50,86	4,22	5,0	5,9	5,0
50,89	4,18	5,0	5,9	5,0
50,91	4,15	5,0	5,9	5,0
50,94	4,11	5,0	5,9	5,0
50,96	4,06	5,0	5,9	5,0
50,98	4,02	5,0	5,9	5,0
51,01	3,98	5,0	5,9	5,0
51,03	3,95	5,0	5,9	5,0
51,06	3,91	5,0	5,9	5,0
51,08	3,87	5,0	5,9	5,0
51,11	3,83	5,0	5,9	5,0
51,13	3,80	5,0	5,9	5,0
51,15	3,77	5,0	5,9	5,0
51,18	3,73	5,0	5,9	5,0
51,20	3,69	5,0	5,9	5,0
51,23	3,66	5,0	5,9	5,0
51,25	3,63	5,0	5,9	5,0
51,28	3,59	5,0	5,9	5,0
51,30	3,55	5,0	5,9	5,0
51,33	3,53	5,0	5,9	5,0
51,35	3,50	5,0	5,9	5,0
51,37	3,46	5,0	5,9	5,0
51,40	3,43	5,0	5,9	5,0
51,42	3,40	5,0	5,9	5,0
51,45	3,38	5,0	5,9	5,0
51,47	3,34	5,0	5,9	5,0
51,50	3,31	5,0	5,9	5,0
51,52	3,29	5,0	5,9	5,0
51,55	3,26	5,0	5,9	5,0
51,57	3,23	5,0	5,9	5,0
51,59	3,21	5,0	5,9	5,0
51,62	3,18	5,0	5,9	5,0
51,64	3,16	5,0	5,9	5,0
51,67	3,14	5,0	5,9	5,0
51,69	3,11	5,0	5,9	5,0
51,72	3,08	5,0	5,9	5,0
51,74	3,06	5,0	5,9	5,0
51,77	3,05	5,0	5,9	5,0
51,79	3,03	5,0	5,9	5,0
51,81	3,00	5,0	5,9	5,0
51,84	2,98	5,0	5,9	5,0
51,86	2,97	5,0	5,9	5,0
51,89	2,95	5,0	5,9	5,0
51,91	2,92	5,0	5,9	5,0
51,94	2,90	5,0	5,9	5,0
51,96	2,89	5,0	5,9	5,0
51,99	2,87	5,0	5,9	5,0
52,01	2,85	5,0	5,9	5,0
52,03	2,84	5,0	5,9	5,0
52,06	2,83	5,0	5,9	5,0
52,08	2,81	5,0	5,9	5,0
52,11	2,79	5,0	5,9	5,0
52,13	2,77	5,0	5,9	5,0
52,16	2,77	5,0	5,9	5,0
52,18	2,74	5,0	5,9	5,0
52,20	2,72	5,0	5,9	5,0
52,23	2,72	5,0	5,9	5,0
52,25	2,71	5,0	5,9	5,0
52,28	2,68	5,0	5,9	5,0
52,30	2,67	5,0	5,9	5,0
52,33	2,66	5,0	5,9	5,0
52,35	2,65	5,0	5,9	5,0
52,38	2,62	5,0	5,9	5,0
52,40	2,61	5,0	5,9	5,0
52,42	2,60	5,0	5,9	5,0
52,45	2,59	5,0	5,9	5,0
52,47	2,57	5,0	5,9	5,0
52,50	2,55	5,0	5,9	5,0
52,52	2,55	5,0	5,9	5,0
52,55	2,53	5,0	5,9	5,0
52,57	2,51	5,0	5,9	5,0
52,60	2,49	5,0	5,9	5,0
52,62	2,49	5,0	5,9	5,0
52,64	2,47	5,0	5,9	5,0
52,67	2,45	5,0	5,9	5,0
52,69	2,44	5,0	5,9	5,0
52,72	2,44	5,0	5,9	5,0
52,74	2,42	5,0	5,9	5,0
52,77	2,40	5,0	5,9	5,0
52,79	2,39	5,0	5,9	5,0
52,82	2,39	5,0	5,9	5,0
52,84	2,38	5,0	5,9	5,0
52,86	2,36	5,0	5,9	5,0
52,89	2,35	5,0	5,9	5,0
52,91	2,35	5,0	5,9	5,0
52,94	2,34	5,0	5,9	5,0
52,96	2,31	5,0	5,9	5,0
52,99	2,31	5,0	5,9	5,0
53,01	2,31	5,0	5,9	5,0
53,04	2,30	5,0	5,9	5,0
53,06	2,28	5,0	5,9	5,0
53,08	2,27	5,0	5,9	5,0
53,11	2,27	5,0	5,9	5,0
53,13	2,26	5,0	5,9	5,0
53,16	2,24	5,0	5,9	5,0
53,18	2,24	5,0	5,9	5,0
53,21	2,25	5,0	5,9	5,0
53,23	2,24	5,0	5,9	5,0
53,26	2,22	5,0	5,9	5,0
53,28	2,22	5,0	5,9	5,0
53,30	2,23	5,0	5,9	5,0
53,33	2,22	5,0	5,9	5,0
53,35	2,20	5,0	5,9	5,0
53,38	2,21	5,0	5,9	5,0
53,40	2,21	5,0	5,9	5,0
53,43	2,22	5,0	5,9	5,0
53,45	2,22	5,0	5,9	5,0
53,47	2,21	5,0	5,9	5,0
53,50	2,21	5,0	5,9	5,0
53,52	2,22	5,0	5,9	5,0
53,55	2,22	5,0	5,9	5,0
53,57	2,22	5,0	5,9	5,0
53,60	2,22	5,0	5,9	5,0
53,62	2,23	5,0	5,9	5,0
53,65	2,24	5,0	5,9	5,0
53,67	2,24	5,0	5,9	5,0
53,69	2,24	5,0	5,9	5,0
53,72	2,25	5,0	5,9	5,0
53,74	2,26	5,0	5,9	5,0
53,77	2,26	5,0	5,9	5,0
53,79	2,27	5,0	5,9	5,0
53,82	2,28	5,0	5,9	5,0
53,84	2,28	5,0	5,9	5,0
53,87	2,28	5,0	5,9	5,0
53,89	2,29	5,0	5,9	5,0
53,91	2,31	5,0	5,9	5,0
53,94	2,32	5,0	5,9	5,0
53,96	2,32	5,0	5,9	5,0
53,99	2,33	5,0	5,9	5,0
54,01	2,35	5,0	5,9	5,0
54,04	2,36	5,0	5,9	5,0
54,06	2,36	5,0	5,9	5,0
54,09	2,37	5,0	5,9	5,0
54,11	2,38	5,0	5,9	5,0
54,13	2,40	5,0	5,9	5,0
54,16	2,41	5,0	5,9	5,0
54,18	2,42	5,0	5,9	5,0
54,21	2,43	5,0	5,9	5,0
54,23	2,45	5,0	5,9	5,0
54,26	2,46	5,0	5,9	5,0
54,28	2,46	5,0	5,9	5,0
54,31	2,48	5,0	5,9	5,0
54,33	2,50	5,0	5,9	5,0
54,35	2,51	5,0	5,9	5,0
54,38	2,52	5,0	5,9	5,0
54,40	2,53	5,0	5,9	5,0
54,43	2,56	5,0	5,9	5,0
54,45	2,57	5,0	5,9	5,0
54,48	2,58	5,0	5,9	5,0
54,50	2,60	5,0	5,9	5,0
54,52	2,62	5,0	5,9	5,0
54,55	2,63	5,0	5,9	5,0
54,57	2,64	5,0	5,9	5,0
54,60	2,65	5,0	5,9	5,0
54,62	2,68	5,0	5,9	5,0
54,65	2,69	5,0	5,9	5,0
54,67	2,70	5,0	5,9	5,0
54,70	2,72	5,0	5,9	5,0
54,72	2,75	5,0	5,9	5,0
54,74	2,76	5,0	5,9	5,0
54,77	2,77	5,0	5,9	5,0
54,79	2,79	5,0	5,9	5,0
54,82	2,81	5,0	5,9	5,0
54,84	2,83	5,0	5,9	5,0
54,87	2,84	5,0	5,9	5,0
54,89	2,87	5,0	5,9	5,0
54,92	2,90	5,0	5,9	5,0
54,94	2,91	5,0	5,9	5,0
54,96	2,92	5,0	5,9	5,0
54,99	2,94	5,0	5,9	5,0
55,01	2,97	5,0	5,9	5,0
55,04	2,98	5,0	5,9	5,0
55,06	2,99	5,0	5,9	5,0
55,09	3,02	5,0	5,9	5,0
55,11	3,05	5,0	5,9	5,0
55,14	3,06	5,0	5,9	5,0
55,16	3,08	5,0	5,9	5,0
55,18	3,11	5,0	5,9	5,0
55,21	3,14	5,0	5,9	5,0
55,23	3,15	5,0	5,9	5,0
55,26	3,17	5,0	5,9	5,0
55,28	3,20	5,0	5,9	5,0
55,31	3,23	5,0	5,9	5,0
55,33	3,25	5,0	5,9	5,0
55,36	3,27	5,0	5,9	5,0
55,38	3,30	5,0	5,9	5,0
55,40	3,34	5,0	5,9	5,0
55,43	3,35	5,0	5,9	5,0
55,45	3,37	5,0	5,9	5,0
55,48	3,41	5,0	5,9	5,0
55,50	3,44	5,0	5,9	5,0
55,53	3,46	5,0	5,9	5,0
55,55	3,48	5,0	5,9	5,0
55,57	3,52	5,0	5,9	5,0
55,60	3,56	5,0	5,9	5,0
55,62	3,57	5,0	5,9	5,0
55,65	3,60	5,0	5,9	5,0
55,67	3,64	5,0	5,9	5,0
55,70	3,67	5,0	5,9	5,0
55,72	3,69	5,0	5,9	5,0
55,75	3,71	5,0	5,9	5,0
55,77	3,75	5,0	5,9	5,0
55,79	3,79	5,0	5,9	5,0
55,82	3,81	5,0	5,9	5,0
55,84	3,84	5,0	5,9	5,0
55,87	3,87	5,0	5,9	5,0
55,89	3,90	5,0	5,9	5,0
55,92	3,94	5,0	5,9	5,0
55,94	3,97	5,0	5,9	5,0
55,97	3,99	5,0	5,9	5,0
55,99	4,03	5,0	5,9	5,0
56,01	4,06	5,0	5,9	5,0
56,04	4,09	5,0	5,9	5,0
56,06	4,12	5,0	5,9	5,0
56,09	4,16	5,0	5,9	5,0
56,11	4,20	5,0	5,9	5,0
56,14	4,22	5,0	5,9	5,0
56,16	4,25	5,0	5,9	5,0
56,19	4,30	5,0	5,9	5,0
56,21	4,33	5,0	5,9	5,0
56,23	4,36	5,0	5,9	5,0
56,26	4,38	5,0	5,9	5,0
56,28	4,43	5,0	5,9	5,0
56,31	4,47	5,0	5,9	5,0
56,33	4,49	5,0	5,9	5,0
56,36	4,53	5,0	5,9	5,0
56,38	4,57	5,0	5,9	5,0
56,41	4,61	5,0	5,9	5,0
56,43	4,64	5,0	5,9	5,0
56,45	4,66	5,0	5,9	5,0
56,48	4,71	5,0	5,9	5,0
56,50	4,75	5,0	5,9	5,0
56,53	4,78	5,0	5,9	5,0
56,55	4,82	5,0	5,9	5,0
56,58	4,84	5,0	5,9	5,0
56,60	4,89	5,0	5,9	5,0
56,62	4,93	5,0	5,9	5,0
56,65	4,96	5,0	5,9	5,0
56,67	4,99	5,0	5,9	5,0
56,70	5,03	5,0	5,9	5,0
56,72	5,08	5,0	5,9	5,0
56,75	5,10	5,0	5,9	5,0
56,77	5,14	5,0	5,9	5,0
56,80	5,19	5,0	5,9	5,0
56,82	5,23	5,0	5,9	5,0
56,84	5,26	5,0	5,9	5,0
56,87	5,29	5,0	5,9	5,0
56,89	5,33	5,0	5,9	5,0
56,92	5,38	5,0	5,9	5,0
56,94	5,40	5,0	5,9	5,0
56,97	5,43	5,0	5,9	5,0
56,99	5,48	5,0	5,9	5,0
57,02	5,53	5,0	5,9	5,0
57,04	5,56	5,0	5,9	5,0
57,06	5,59	5,0	5,9	5,0
57,09	5,64	5,0	5,9	5,0
57,11	5,69	5,0	5,9	5,0
57,14	5,72	5,0	5,9	5,0
57,16	5,75	5,0	5,9	5,0
57,19	5,80	5,0	5,9	5,0
57,21	5,84	5,0	5,9	5,0
57,24	5,87	5,0	5,9	5,0
57,26	5,91	5,0	5,9	5,0
57,28	5,96	5,0	5,9	5,0
57,31	6,01	5,0	5,9	5,0
57,33	6,04	5,0	5,9	5,0
57,36	6,08	5,0	5,9	5,0
57,38	6,13	5,0	5,9	5,0
57,41	6,17	5,0	5,9	5,0
57,43	6,20	5,0	5,9	5,0
57,46	6,23	5,0	5,9	5,0
57,48	6,29	5,0	5,9	5,0
57,50	6,34	5,0	5,9	5,0
57,53	6,37	5,0	5,9	5,0
57,55	6,41	5,0	5,9	5,0
57,58	6,46	5,0	5,9	5,0
57,60	6,51	5,0	5,9	5,0
57,63	6,54	5,0	5,9	5,0
57,65	6,58	5,0	5,9	5,0
57,68	6,63	5,0	5,9	5,0
57,70	6,68	5,0	5,9	5,0
57,72	6,71	5,0	5,9	5,0
57,75	6,75	5,0	5,9	5,0
57,77	6,81	5,0	5,9	5,0
57,80	6,85	5,0	5,9	5,0
57,82	6,89	5,0	5,9	5,0
57,85	6,93	5,0	5,9	5,0
57,87	6,98	5,0	5,9	5,0
57,89	7,02	5,0	5,9	5,0
57,92	7,05	5,0	5,9	5,0
57,94	7,10	5,0	5,9	5,0
57,97	7,15	5,0	5,9	5,0
57,99	7,19	5,0	5,9	5,0
58,02	7,23	5,0	5,9	5,0
58,04	7,28	5,0	5,9	5,0
58,07	7,33	5,0	5,9	5,0
58,09	7,37	5,0	5,9	5,0
58,11	7,41	5,0	5,9	5,0
58,14	7,46	5,0	5,9	5,0
58,16	7,51	5,0	5,9	5,0
58,19	7,54	5,0	5,9	5,0
58,21	7,58	5,0	5,9	5,0
58,24	7,63	5,0	5,9	5,0
58,26	7,68	5,0	5,9	5,0
58,29	7,72	5,0	5,9	5,0
58,31	7,76	5,0	5,9	5,0
58,33	7,80	5,0	5,9	5,0
58,36	7,84	5,0	5,9	5,0
58,38	7,90	5,0	5,9	5,0
58,41	7,94	5,0	5,9	5,0
58,43	7,98	5,0	5,9	5,0
58,46	8,02	5,0	5,9	5,0
58,48	8,07	5,0	5,9	5,0
58,51	8,12	5,0	5,9	5,0
58,53	8,16	5,0	5,9	5,0
58,55	8,20	5,0	5,9	5,0
58,58	8,26	5,0	5,9	5,0
58,60	8,30	5,0	5,9	5,0
58,63	8,34	5,0	5,9	5,0
58,65	8,39	5,0	5,9	5,0
58,68	8,44	5,0	5,9	5,0
58,70	8,49	5,0	5,9	5,0
58,73	8,52	5,0	5,9	5,0
58,75	8,57	5,0	5,9	5,0
58,77	8,62	5,0	5,9	5,0
58,80	8,67	5,0	5,9	5,0
58,82	8,70	5,0	5,9	5,0
58,85	8,75	5,0	5,9	5,0
58,87	8,80	5,0	5,9	5,0
58,90	8,84	5,0	5,9	5,0
58,92	8,88	5,0	5,9	5,0
58,94	8,93	5,0	5,9	5,0
58,97	8,98	5,0	5,9	5,0
58,99	9,03	5,0	5,9	5,0
59,02	9,08	5,0	5,9	5,0
59,04	9,12	5,0	5,9	5,0
59,07	9,16	5,0	5,9	5,0
59,09	9,21	5,0	5,9	5,0
59,12	9,26	5,0	5,9	5,0
59,14	9,29	5,0	5,9	5,0
59,16	9,34	5,0	5,9	5,0
59,19	9,39	5,0	5,9	5,0
59,21	9,44	5,0	5,9	5,0
59,24	9,48	5,0	5,9	5,0
59,26	9,52	5,0	5,9	5,0
59,29	9,57	5,0	5,9	5,0
59,31	9,62	5,0	5,9	5,0
59,34	9,65	5,0	5,9	5,0
59,36	9,69	5,0	5,9	5,0
59,38	9,75	5,0	5,9	5,0
59,41	9,80	5,0	5,9	5,0
59,43	9,83	5,0	5,9	5,0
59,46	9,88	5,0	5,9	5,0
59,48	9,93	5,0	5,9	5,0
59,51	9,97	5,0	5,9	5,0
59,53	10,01	5,0	5,9	5,0
59,56	10,06	5,0	5,9	5,0
59,58	10,11	5,0	5,9	5,0
59,60	10,15	5,0	5,9	5,0
59,63	10,19	5,0	5,9	5,0
59,65	10,24	5,0	5,9	5,0
59,68	10,30	5,0	5,9	5,0
59,70	10,34	5,0	5,9	5,0
59,73	10,38	5,0	5,9	5,0
59,75	10,42	5,0	5,9	5,0
59,78	10,47	5,0	5,9	5,0
59,80	10,52	5,0	5,9	5,0
59,82	10,55	5,0	5,9	5,0
59,85	10,60	5,0	5,9	5,0
59,87	10,65	5,0	5,9	5,0
59,90	10,69	5,0	5,9	5,0
59,92	10,74	5,0	5,9	5,0
59,95	10,79	5,0	5,9	5,0
59,97	10,84	5,0	5,9	5,0
59,99	10,88	5,0	5,9	5,0
60,02	10,92	5,0	5,9	5,0
60,04	10,97	5,0	5,9	5,0
60,07	11,02	5,0	5,9	5,0
60,09	11,05	5,0	5,9	5,0
60,12	11,09	5,0	5,9	5,0
60,14	11,14	5,0	5,9	5,0
60,17	11,19	5,0	5,9	5,0
60,19	11,23	5,0	5,9	5,0
60,21	11,26	5,0	5,9	5,0
60,24	11,32	5,0	5,9	5,0
60,26	11,37	5,0	5,9	5,0
60,29	11,40	5,0	5,9	5,0
60,31	11,44	5,0	5,9	5,0
60,34	11,49	5,0	5,9	5,0
60,36	11,54	5,0	5,9	5,0
60,39	11,57	5,0	5,9	5,0
60,41	11,61	5,0	5,9	5,0
60,43	11,67	5,0	5,9	5,0
60,46	11,71	5,0	5,9	5,0
60,48	11,75	5,0	5,9	5,0
60,51	11,79	5,0	5,9	5,0
60,53	11,84	5,0	5,9	5,0
60,56	11,89	5,0	5,9	5,0
60,58	11,91	5,0	5,9	5,0
60,61	11,95	5,0	5,9	5,0
60,63	12,01	5,0	5,9	5,0
60,65	12,06	5,0	5,9	5,0
60,68	12,09	5,0	5,9	5,0
60,70	12,12	5,0	5,9	5,0
60,73	12,18	5,0	5,9	5,0
60,75	12,22	5,0	5,9	5,0
60,78	12,26	5,0	5,9	5,0
60,80	12,30	5,0	5,9	5,0
60,83	12,34	5,0	5,9	5,0
60,85	12,39	5,0	5,9	5,0
60,87	12,43	5,0	5,9	5,0
60,90	12,47	5,0	5,9	5,0
60,92	12,50	5,0	5,9	5,0
60,95	12,56	5,0	5,9	5,0
60,97	12,60	5,0	5,9	5,0
61,00	12,64	5,0	5,9	5,0
61,02	12,67	5,0	5,9	5,0
61,05	12,72	5,0	5,9	5,0
61,07	12,77	5,0	5,9	5,0
61,09	12,80	5,0	5,9	5,0
61,12	12,84	5,0	5,9	5,0
61,14	12,89	5,0	5,9	5,0
61,17	12,93	5,0	5,9	5,0
61,19	12,97	5,0	5,9	5,0
61,22	13,00	5,0	5,9	5,0
61,24	13,05	5,0	5,9	5,0
61,26	13,09	5,0	5,9	5,0
61,29	13,12	5,0	5,9	5,0
61,31	13,16	5,0	5,9	5,0
61,34	13,20	5,0	5,9	5,0
61,36	13,25	5,0	5,9	5,0
61,39	13,28	5,0	5,9	5,0
61,41	13,32	5,0	5,9	5,0
61,44	13,35	5,0	5,9	5,0
61,46	13,40	5,0	5,9	5,0
61,48	13,44	5,0	5,9	5,0
61,51	13,47	5,0	5,9	5,0
61,53	13,51	5,0	5,9	5,0
61,56	13,55	5,0	5,9	5,0
61,58	13,60	5,0	5,9	5,0
61,61	13,63	5,0	5,9	5,0
61,63	13,67	5,0	5,9	5,0
61,66	13,71	5,0	5,9	5,0
61,68	13,75	5,0	5,9	5,0
61,70	13,78	5,0	5,9	5,0
61,73	13,81	5,0	5,9	5,0
61,75	13,86	5,0	5,9	5,0
61,78	13,90	5,0	5,9	5,0
61,80	13,93	5,0	5,9	5,0
61,83	13,96	5,0	5,9	5,0
61,85	14,01	5,0	5,9	5,0
61,88	14,05	5,0	5,9	5,0
61,90	14,07	5,0	5,9	5,0
61,92	14,10	5,0	5,9	5,0
61,95	14,15	5,0	5,9	5,0
61,97	14,19	5,0	5,9	5,0
62,00	14,22	5,0	5,9	5,0
62,02	14,25	5,0	5,9	5,0
62,05	14,29	5,0	5,9	5,0
62,07	14,33	5,0	5,9	5,0
62,10	14,36	5,0	5,9	5,0
62,12	14,39	5,0	5,9	5,0
62,14	14,44	5,0	5,9	5,0
62,17	14,48	5,0	5,9	5,0
62,19	14,50	5,0	5,9	5,0
62,22	14,53	5,0	5,9	5,0
62,24	14,58	5,0	5,9	5,0
62,27	14,61	5,0	5,9	5,0
62,29	14,63	5,0	5,9	5,0
62,31	14,67	5,0	5,9	5,0
62,34	14,72	5,0	5,9	5,0
62,36	14,75	5,0	5,9	5,0
62,39	14,78	5,0	5,9	5,0
62,41	14,81	5,0	5,9	5,0
62,44	14,85	5,0	5,9	5,0
62,46	14,89	5,0	5,9	5,0
62,49	14,91	5,0	5,9	5,0
62,51	14,94	5,0	5,9	5,0
62,53	14,99	5,0	5,9	5,0
62,56	15,02	5,0	5,9	5,0
62,58	15,04	5,0	5,9	5,0
62,61	15,08	5,0	5,9	5,0
62,63	15,12	5,0	5,9	5,0
62,66	15,16	5,0	5,9	5,0
62,68	15,17	5,0	5,9	5,0
62,71	15,20	5,0	5,9	5,0
62,73	15,25	5,0	5,9	5,0
62,75	15,28	5,0	5,9	5,0
62,78	15,30	5,0	5,9	5,0
62,80	15,33	5,0	5,9	5,0
62,83	15,37	5,0	5,9	5,0
62,85	15,40	5,0	5,9	5,0
62,88	15,42	5,0	5,9	5,0
62,90	15,46	5,0	5,9	5,0
62,93	15,50	5,0	5,9	5,0
62,95	15,52	5,0	5,9	5,0
62,97	15,54	5,0	5,9	5,0
63,00	15,57	5,0	5,9	5,0
63,02	15,61	5,0	5,9	5,0
63,05	15,64	5,0	5,9	5,0
63,07	15,65	5,0	5,9	5,0
63,10	15,68	5,0	5,9	5,0
63,12	15,72	5,0	5,9	5,0
63,15	15,74	5,0	5,9	5,0
63,17	15,76	5,0	5,9	5,0
63,19	15,78	5,0	5,9	5,0
63,22	15,81	5,0	5,9	5,0
63,24	15,85	5,0	5,9	5,0
63,27	15,87	5,0	5,9	5,0
63,29	15,89	5,0	5,9	5,0
63,32	15,91	5,0	5,9	5,0
63,34	15,94	5,0	5,9	5,0
63,36	15,97	5,0	5,9	5,0
63,39	15,99	5,0	5,9	5,0
63,41	16,01	5,0	5,9	5,0
63,44	16,04	5,0	5,9	5,0
63,46	16,06	5,0	5,9	5,0
63,49	16,08	5,0	5,9	5,0
63,51	16,10	5,0	5,9	5,0
63,54	16,14	5,0	5,9	5,0
63,56	16,16	5,0	5,9	5,0
63,58	16,17	5,0	5,9	5,0
63,61	16,19	5,0	5,9	5,0
63,63	16,22	5,0	5,9	5,0
63,66	16,24	5,0	5,9	5,0
63,68	16,25	5,0	5,9	5,0
63,71	16,27	5,0	5,9	5,0
63,73	16,30	5,0	5,9	5,0
63,76	16,32	5,0	5,9	5,0
63,78	16,33	5,0	5,9	5,0
63,80	16,35	5,0	5,9	5,0
63,83	16,37	5,0	5,9	5,0
63,85	16,39	5,0	5,9	5,0
63,88	16,41	5,0	5,9	5,0
63,90	16,41	5,0	5,9	5,0
63,93	16,42	5,0	5,9	5,0
63,95	16,45	5,0	5,9	5,0
63,98	16,46	5,0	5,9	5,0
64,00	16,46	5,0	5,9	5,0
64,02	16,48	5,0	5,9	5,0
64,05	16,50	5,0	5,9	5,0
64,07	16,51	5,0	5,9	5,0
64,10	16,51	5,0	5,9	5,0
64,12	16,52	5,0	5,9	5,0
64,15	16,54	5,0	5,9	5,0
64,17	16,55	5,0	5,9	5,0
64,20	16,54	5,0	5,9	5,0
64,22	16,55	5,0	5,9	5,0
64,24	16,57	5,0	5,9	5,0
64,27	16,58	5,0	5,9	5,0
64,29	16,57	5,0	5,9	5,0
64,32	16,58	5,0	5,9	5,0
64,34	16,60	5,0	5,9	5,0
64,37	16,60	5,0	5,9	5,0
64,39	16,59	5,0	5,9	5,0
64,41	16,59	5,0	5,9	5,0
64,44	16,61	5,0	5,9	5,0
64,46	16,61	5,0	5,9	5,0
64,49	16,60	5,0	5,9	5,0
64,51	16,61	5,0	5,9	5,0
64,54	16,62	5,0	5,9	5,0
64,56	16,63	5,0	5,9	5,0
64,59	16,61	5,0	5,9	5,0
64,61	16,62	5,0	5,9	5,0
64,63	16,63	5,0	5,9	5,0
64,66	16,63	5,0	5,9	5,0
64,68	16,62	5,0	5,9	5,0
64,71	16,63	5,0	5,9	5,0
64,73	16,64	5,0	5,9	5,0
64,76	16,63	5,0	5,9	5,0
64,78	16,63	5,0	5,9	5,0
64,81	16,63	5,0	5,9	5,0
64,83	16,64	5,0	5,9	5,0
64,85	16,63	5,0	5,9	5,0
64,88	16,62	5,0	5,9	5,0
64,90	16,62	5,0	5,9	5,0
64,93	16,63	5,0	5,9	5,0
64,95	16,63	5,0	5,9	5,0
64,98	16,62	5,0	5,9	5,0
65,00	16,63	5,0	5,9	5,0
65,03	16,63	5,0	5,9	5,0
65,05	16,62	5,0	5,9	5,0
65,07	16,62	5,0	5,9	5,0
65,10	16,62	5,0	5,9	5,0
65,12	16,62	5,0	5,9	5,0
65,15	16,61	5,0	5,9	5,0
65,17	16,60	5,0	5,9	5,0
65,20	16,61	5,0	5,9	5,0
65,22	16,61	5,0	5,9	5,0
65,25	16,60	5,0	5,9	5,0
65,27	16,59	5,0	5,9	5,0
65,29	16,60	5,0	5,9	5,0
65,32	16,60	5,0	5,9	5,0
65,34	16,58	5,0	5,9	5,0
65,37	16,58	5,0	5,9	5,0
65,39	16,58	5,0	5,9	5,0
65,42	16,58	5,0	5,9	5,0
65,44	16,56	5,0	5,9	5,0
65,47	16,56	5,0	5,9	5,0
65,49	16,56	5,0	5,9	5,0
65,51	16,56	5,0	5,9	5,0
65,54	16,54	5,0	5,9	5,0
65,56	16,53	5,0	5,9	5,0
65,59	16,53	5,0	5,9	5,0
65,61	16,52	5,0	5,9	5,0
65,64	16,51	5,0	5,9	5,0
65,66	16,50	5,0	5,9	5,0
65,68	16,48	5,0	5,9	5,0
65,71	16,48	5,0	5,9	5,0
65,73	16,47	5,0	5,9	5,0
65,76	16,45	5,0	5,9	5,0
65,78	16,44	5,0	5,9	5,0
65,81	16,43	5,0	5,9	5,0
65,83	16,43	5,0	5,9	5,0
65,86	16,40	5,0	5,9	5,0
65,88	16,39	5,0	5,9	5,0
65,90	16,38	5,0	5,9	5,0
65,93	16,37	5,0	5,9	5,0
65,95	16,34	5,0	5,9	5,0
65,98	16,32	5,0	5,9	5,0
66,00	16,31	5,0	5,9	5,0
66,03	16,30	5,0	5,9	5,0
66,05	16,27	5,0	5,9	5,0
66,08	16,25	5,0	5,9	5,0
66,10	16,24	5,0	5,9	5,0
66,12	16,22	5,0	5,9	5,0
66,15	16,20	5,0	5,9	5,0
66,17	16,18	5,0	5,9	5,0
66,20	16,17	5,0	5,9	5,0
66,22	16,15	5,0	5,9	5,0
66,25	16,12	5,0	5,9	5,0
66,27	16,10	5,0	5,9	5,0
66,30	16,08	5,0	5,9	5,0
66,32	16,05	5,0	5,9	5,0
66,34	16,04	5,0	5,9	5,0
66,37	16,01	5,0	5,9	5,0
66,39	15,98	5,0	5,9	5,0
66,42	15,96	5,0	5,9	5,0
66,44	15,95	5,0	5,9	5,0
66,47	15,92	5,0	5,9	5,0
66,49	15,89	5,0	5,9	5,0
66,52	15,87	5,0	5,9	5,0
66,54	15,86	5,0	5,9	5,0
66,56	15,83	5,0	5,9	5,0
66,59	15,80	5,0	5,9	5,0
66,61	15,78	5,0	5,9	5,0
66,64	15,77	5,0	5,9	5,0
66,66	15,73	5,0	5,9	5,0
66,69	15,70	5,0	5,9	5,0
66,71	15,68	5,0	5,9	5,0
66,73	15,66	5,0	5,9	5,0
66,76	15,63	5,0	5,9	5,0
66,78	15,60	5,0	5,9	5,0
66,81	15,58	5,0	5,9	5,0
66,83	15,55	5,0	5,9	5,0
66,86	15,52	5,0	5,9	5,0
66,88	15,49	5,0	5,9	5,0
66,91	15,47	5,0	5,9	5,0
66,93	15,45	5,0	5,9	5,0
66,95	15,42	5,0	5,9	5,0
66,98	15,39	5,0	5,9	5,0
67,00	15,38	5,0	5,9	5,0
67,03	15,35	5,0	5,9	5,0
67,05	15,32	5,0	5,9	5,0
67,08	15,29	5,0	5,9	5,0
67,10	15,27	5,0	5,9	5,0
67,13	15,25	5,0	5,9	5,0
67,15	15,21	5,0	5,9	5,0
67,17	15,19	5,0	5,9	5,0
67,20	15,17	5,0	5,9	5,0
67,22	15,14	5,0	5,9	5,0
67,25	15,10	5,0	5,9	5,0
67,27	15,07	5,0	5,9	5,0
67,30	15,06	5,0	5,9	5,0
67,32	15,03	5,0	5,9	5,0
67,35	14,99	5,0	5,9	5,0
67,37	14,97	5,0	5,9	5,0
67,39	14,95	5,0	5,9	5,0
67,42	14,92	5,0	5,9	5,0
67,44	14,88	5,0	5,9	5,0
67,47	14,85	5,0	5,9	5,0
67,49	14,84	5,0	5,9	5,0
67,52	14,80	5,0	5,9	5,0
67,54	14,76	5,0	5,9	5,0
67,57	14,73	5,0	5,9	5,0
67,59	14,71	5,0	5,9	5,0
67,61	14,68	5,0	5,9	5,0
67,64	14,64	5,0	5,9	5,0
67,66	14,61	5,0	5,9	5,0
67,69	14,59	5,0	5,9	5,0
67,71	14,55	5,0	5,9	5,0
67,74	14,51	5,0	5,9	5,0
67,76	14,48	5,0	5,9	5,0
67,78	14,46	5,0	5,9	5,0
67,81	14,42	5,0	5,9	5,0
67,83	14,38	5,0	5,9	5,0
67,86	14,35	5,0	5,9	5,0
67,88	14,33	5,0	5,9	5,0
67,91	14,30	5,0	5,9	5,0
67,93	14,25	5,0	5,9	5,0
67,96	14,23	5,0	5,9	5,0
67,98	14,20	5,0	5,9	5,0
68,00	14,17	5,0	5,9	5,0
68,03	14,12	5,0	5,9	5,0
68,05	14,10	5,0	5,9	5,0
68,08	14,06	5,0	5,9	5,0
68,10	14,04	5,0	5,9	5,0
68,13	14,00	5,0	5,9	5,0
68,15	13,96	5,0	5,9	5,0
68,18	13,93	5,0	5,9	5,0
68,20	13,91	5,0	5,9	5,0
68,22	13,87	5,0	5,9	5,0
68,25	13,83	5,0	5,9	5,0
68,27	13,80	5,0	5,9	5,0
68,30	13,78	5,0	5,9	5,0
68,32	13,74	5,0	5,9	5,0
68,35	13,70	5,0	5,9	5,0
68,37	13,68	5,0	5,9	5,0
68,40	13,66	5,0	5,9	5,0
68,42	13,62	5,0	5,9	5,0
68,44	13,58	5,0	5,9	5,0
68,47	13,55	5,0	5,9	5,0
68,49	13,53	5,0	5,9	5,0
68,52	13,50	5,0	5,9	5,0
68,54	13,46	5,0	5,9	5,0
68,57	13,43	5,0	5,9	5,0
68,59	13,41	5,0	5,9	5,0
68,62	13,38	5,0	5,9	5,0
68,64	13,34	5,0	5,9	5,0
68,66	13,31	5,0	5,9	5,0
68,69	13,29	5,0	5,9	5,0
68,71	13,26	5,0	5,9	5,0
68,74	13,22	5,0	5,9	5,0
68,76	13,19	5,0	5,9	5,0
68,79	13,16	5,0	5,9	5,0
68,81	13,14	5,0	5,9	5,0
68,83	13,11	5,0	5,9	5,0
68,86	13,07	5,0	5,9	5,0
68,88	13,04	5,0	5,9	5,0
68,91	13,02	5,0	5,9	5,0
68,93	12,99	5,0	5,9	5,0
68,96	12,95	5,0	5,9	5,0
68,98	12,92	5,0	5,9	5,0
69,01	12,91	5,0	5,9	5,0
69,03	12,88	5,0	5,9	5,0
69,05	12,84	5,0	5,9	5,0
69,08	12,81	5,0	5,9	5,0
69,10	12,79	5,0	5,9	5,0
69,13	12,76	5,0	5,9	5,0
69,15	12,72	5,0	5,9	5,0
69,18	12,69	5,0	5,9	5,0
69,20	12,67	5,0	5,9	5,0
69,23	12,64	5,0	5,9	5,0
69,25	12,60	5,0	5,9	5,0
69,27	12,58	5,0	5,9	5,0
69,30	12,56	5,0	5,9	5,0
69,32	12,52	5,0	5,9	5,0
69,35	12,48	5,0	5,9	5,0
69,37	12,45	5,0	5,9	5,0
69,40	12,44	5,0	5,9	5,0
69,42	12,40	5,0	5,9	5,0
69,45	12,36	5,0	5,9	5,0
69,47	12,34	5,0	5,9	5,0
69,49	12,31	5,0	5,9	5,0
69,52	12,28	5,0	5,9	5,0
69,54	12,24	5,0	5,9	5,0
69,57	12,21	5,0	5,9	5,0
69,59	12,19	5,0	5,9	5,0
69,62	12,15	5,0	5,9	5,0
69,64	12,11	5,0	5,9	5,0
69,67	12,09	5,0	5,9	5,0
69,69	12,06	5,0	5,9	5,0
69,71	12,03	5,0	5,9	5,0
69,74	11,99	5,0	5,9	5,0
69,76	11,96	5,0	5,9	5,0
69,79	11,95	5,0	5,9	5,0
69,81	11,91	5,0	5,9	5,0
69,84	11,87	5,0	5,9	5,0
69,86	11,85	5,0	5,9	5,0
69,89	11,83	5,0	5,9	5,0
69,91	11,79	5,0	5,9	5,0
69,93	11,75	5,0	5,9	5,0
69,96	11,73	5,0	5,9	5,0
69,98	11,71	5,0	5,9	5,0
70,01	11,67	5,0	5,9	5,0
70,03	11,64	5,0	5,9	5,0
70,06	11,62	5,0	5,9	5,0
70,08	11,59	5,0	5,9	5,0
70,10	11,56	5,0	5,9	5,0
70,13	11,53	5,0	5,9	5,0
70,15	11,51	5,0	5,9	5,0
70,18	11,49	5,0	5,9	5,0
70,20	11,45	5,0	5,9	5,0
70,23	11,42	5,0	5,9	5,0
70,25	11,41	5,0	5,9	5,0
70,28	11,39	5,0	5,9	5,0
70,30	11,36	5,0	5,9	5,0
70,32	11,33	5,0	5,9	5,0
70,35	11,31	5,0	5,9	5,0
70,37	11,29	5,0	5,9	5,0
70,40	11,26	5,0	5,9	5,0
70,42	11,24	5,0	5,9	5,0
70,45	11,22	5,0	5,9	5,0
70,47	11,20	5,0	5,9	5,0
70,50	11,17	5,0	5,9	5,0
70,52	11,15	5,0	5,9	5,0
70,54	11,12	5,0	5,9	5,0
70,57	11,11	5,0	5,9	5,0
70,59	11,09	5,0	5,9	5,0
70,62	11,07	5,0	5,9	5,0
70,64	11,04	5,0	5,9	5,0
70,67	11,03	5,0	5,9	5,0
70,69	11,01	5,0	5,9	5,0
70,72	10,99	5,0	5,9	5,0
70,74	10,97	5,0	5,9	5,0
70,76	10,96	5,0	5,9	5,0
70,79	10,94	5,0	5,9	5,0
70,81	10,92	5,0	5,9	5,0
70,84	10,89	5,0	5,9	5,0
70,86	10,88	5,0	5,9	5,0
70,89	10,87	5,0	5,9	5,0
70,91	10,84	5,0	5,9	5,0
70,94	10,82	5,0	5,9	5,0
70,96	10,81	5,0	5,9	5,0
70,98	10,80	5,0	5,9	5,0
71,01	10,78	5,0	5,9	5,0
71,03	10,76	5,0	5,9	5,0
71,06	10,75	5,0	5,9	5,0
71,08	10,73	5,0	5,9	5,0
71,11	10,71	5,0	5,9	5,0
71,13	10,69	5,0	5,9	5,0
71,15	10,67	5,0	5,9	5,0
71,18	10,66	5,0	5,9	5,0
71,20	10,65	5,0	5,9	5,0
71,23	10,63	5,0	5,9	5,0
71,25	10,60	5,0	5,9	5,0
71,28	10,59	5,0	5,9	5,0
71,30	10,59	5,0	5,9	5,0
71,33	10,57	5,0	5,9	5,0
71,35	10,54	5,0	5,9	5,0
71,37	10,53	5,0	5,9	5,0
71,40	10,52	5,0	5,9	5,0
71,42	10,50	5,0	5,9	5,0
71,45	10,48	5,0	5,9	5,0
71,47	10,47	5,0	5,9	5,0
71,50	10,46	5,0	5,9	5,0
71,52	10,44	5,0	5,9	5,0
71,55	10,42	5,0	5,9	5,0
71,57	10,42	5,0	5,9	5,0
71,59	10,41	5,0	5,9	5,0
71,62	10,38	5,0	5,9	5,0
71,64	10,36	5,0	5,9	5,0
71,67	10,36	5,0	5,9	5,0
71,69	10,35	5,0	5,9	5,0
71,72	10,33	5,0	5,9	5,0
71,74	10,31	5,0	5,9	5,0
71,77	10,31	5,0	5,9	5,0
71,79	10,30	5,0	5,9	5,0
71,81	10,28	5,0	5,9	5,0
71,84	10,26	5,0	5,9	5,0
71,86	10,25	5,0	5,9	5,0
71,89	10,25	5,0	5,9	5,0
71,91	10,23	5,0	5,9	5,0
71,94	10,21	5,0	5,9	5,0
71,96	10,22	5,0	5,9	5,0
71,99	10,21	5,0	5,9	5,0
72,01	10,19	5,0	5,9	5,0
72,03	10,18	5,0	5,9	5,0
72,06	10,18	5,0	5,9	5,0
72,08	10,17	5,0	5,9	5,0
72,11	10,15	5,0	5,9	5,0
72,13	10,14	5,0	5,9	5,0
72,16	10,14	5,0	5,9	5,0
72,18	10,14	5,0	5,9	5,0
72,20	10,13	5,0	5,9	5,0
72,23	10,12	5,0	5,9	5,0
72,25	10,12	5,0	5,9	5,0
72,28	10,12	5,0	5,9	5,0
72,30	10,10	5,0	5,9	5,0
72,33	10,10	5,0	5,9	5,0
72,35	10,10	5,0	5,9	5,0
72,38	10,10	5,0	5,9	5,0
72,40	10,08	5,0	5,9	5,0
72,42	10,08	5,0	5,9	5,0
72,45	10,09	5,0	5,9	5,0
72,47	10,08	5,0	5,9	5,0
72,50	10,07	5,0	5,9	5,0
72,52	10,08	5,0	5,9	5,0
72,55	10,08	5,0	5,9	5,0
72,57	10,07	5,0	5,9	5,0
72,60	10,06	5,0	5,9	5,0
72,62	10,06	5,0	5,9	5,0
72,64	10,08	5,0	5,9	5,0
72,67	10,07	5,0	5,9	5,0
72,69	10,06	5,0	5,9	5,0
72,72	10,07	5,0	5,9	5,0
72,74	10,08	5,0	5,9	5,0
72,77	10,07	5,0	5,9	5,0
72,79	10,06	5,0	5,9	5,0
72,82	10,07	5,0	5,9	5,0
72,84	10,08	5,0	5,9	5,0
72,86	10,07	5,0	5,9	5,0
72,89	10,06	5,0	5,9	5,0
72,91	10,08	5,0	5,9	5,0
72,94	10,09	5,0	5,9	5,0
72,96	10,09	5,0	5,9	5,0
72,99	10,09	5,0	5,9	5,0
73,01	10,09	5,0	5,9	5,0
73,04	10,09	5,0	5,9	5,0
73,06	10,09	5,0	5,9	5,0
73,08	10,10	5,0	5,9	5,0
73,11	10,09	5,0	5,9	5,0
73,13	10,10	5,0	5,9	5,0
73,16	10,11	5,0	5,9	5,0
73,18	10,12	5,0	5,9	5,0
73,21	10,11	5,0	5,9	5,0
73,23	10,12	5,0	5,9	5,0
73,25	10,13	5,0	5,9	5,0
73,28	10,13	5,0	5,9	5,0
73,30	10,13	5,0	5,9	5,0
73,33	10,14	5,0	5,9	5,0
73,35	10,15	5,0	5,9	5,0
73,38	10,16	5,0	5,9	5,0
73,40	10,16	5,0	5,9	5,0
73,43	10,17	5,0	5,9	5,0
73,45	10,18	5,0	5,9	5,0
73,47	10,18	5,0	5,9	5,0
73,50	10,19	5,0	5,9	5,0
73,52	10,20	5,0	5,9	5,0
73,55	10,21	5,0	5,9	5,0
73,57	10,21	5,0	5,9	5,0
73,60	10,22	5,0	5,9	5,0
73,62	10,23	5,0	5,9	5,0
73,65	10,24	5,0	5,9	5,0
73,67	10,26	5,0	5,9	5,0
73,69	10,27	5,0	5,9	5,0
73,72	10,27	5,0	5,9	5,0
73,74	10,28	5,0	5,9	5,0
73,77	10,30	5,0	5,9	5,0
73,79	10,32	5,0	5,9	5,0
73,82	10,31	5,0	5,9	5,0
73,84	10,32	5,0	5,9	5,0
73,87	10,35	5,0	5,9	5,0
73,89	10,36	5,0	5,9	5,0
73,91	10,37	5,0	5,9	5,0
73,94	10,38	5,0	5,9	5,0
73,96	10,41	5,0	5,9	5,0
73,99	10,42	5,0	5,9	5,0
74,01	10,43	5,0	5,9	5,0
74,04	10,44	5,0	5,9	5,0
74,06	10,47	5,0	5,9	5,0
74,09	10,48	5,0	5,9	5,0
74,11	10,49	5,0	5,9	5,0
74,13	10,51	5,0	5,9	5,0
74,16	10,54	5,0	5,9	5,0
74,18	10,56	5,0	5,9	5,0
74,21	10,56	5,0	5,9	5,0
74,23	10,58	5,0	5,9	5,0
74,26	10,61	5,0	5,9	5,0
74,28	10,62	5,0	5,9	5,0
74,31	10,63	5,0	5,9	5,0
74,33	10,65	5,0	5,9	5,0
74,35	10,68	5,0	5,9	5,0
74,38	10,69	5,0	5,9	5,0
74,40	10,71	5,0	5,9	5,0
74,43	10,74	5,0	5,9	5,0
74,45	10,76	5,0	5,9	5,0
74,48	10,77	5,0	5,9	5,0
74,50	10,78	5,0	5,9	5,0
74,52	10,81	5,0	5,9	5,0
74,55	10,84	5,0	5,9	5,0
74,57	10,85	5,0	5,9	5,0
74,60	10,87	5,0	5,9	5,0
74,62	10,90	5,0	5,9	5,0
74,65	10,93	5,0	5,9	5,0
74,67	10,94	5,0	5,9	5,0
74,70	10,95	5,0	5,9	5,0
74,72	10,99	5,0	5,9	5,0
74,74	11,02	5,0	5,9	5,0
74,77	11,02	5,0	5,9	5,0
74,79	11,04	5,0	5,9	5,0
74,82	11,08	5,0	5,9	5,0
74,84	11,11	5,0	5,9	5,0
74,87	11,12	5,0	5,9	5,0
74,89	11,14	5,0	5,9	5,0
74,92	11,17	5,0	5,9	5,0
74,94	11,20	5,0	5,9	5,0
74,96	11,22	5,0	5,9	5,0
74,99	11,23	5,0	5,9	5,0
75,01	11,27	5,0	5,9	5,0
75,04	11,30	5,0	5,9	5,0
75,06	11,32	5,0	5,9	5,0
75,09	11,34	5,0	5,9	5,0
75,11	11,38	5,0	5,9	5,0
75,14	11,42	5,0	5,9	5,0
75,16	11,43	5,0	5,9	5,0
75,18	11,45	5,0	5,9	5,0
75,21	11,49	5,0	5,9	5,0
75,23	11,52	5,0	5,9	5,0
75,26	11,54	5,0	5,9	5,0
75,28	11,57	5,0	5,9	5,0
75,31	11,61	5,0	5,9	5,0
75,33	11,65	5,0	5,9	5,0
75,36	11,66	5,0	5,9	5,0
75,38	11,69	5,0	5,9	5,0
75,40	11,72	5,0	5,9	5,0
75,43	11,76	5,0	5,9	5,0
75,45	11,79	5,0	5,9	5,0
75,48	11,82	5,0	5,9	5,0
75,50	11,84	5,0	5,9	5,0
75,53	11,88	5,0	5,9	5,0
75,55	11,92	5,0	5,9	5,0
75,57	11,95	5,0	5,9	5,0
75,60	11,98	5,0	5,9	5,0
75,62	12,02	5,0	5,9	5,0
75,65	12,06	5,0	5,9	5,0
75,67	12,08	5,0	5,9	5,0
75,70	12,11	5,0	5,9	5,0
75,72	12,15	5,0	5,9	5,0
75,75	12,19	5,0	5,9	5,0
75,77	12,22	5,0	5,9	5,0
75,79	12,25	5,0	5,9	5,0
75,82	12,29	5,0	5,9	5,0
75,84	12,33	5,0	5,9	5,0
75,87	12,36	5,0	5,9	5,0
75,89	12,39	5,0	5,9	5,0
75,92	12,43	5,0	5,9	5,0
75,94	12,47	5,0	5,9	5,0
75,97	12,49	5,0	5,9	5,0
75,99	12,52	5,0	5,9	5,0
76,01	12,58	5,0	5,9	5,0
76,04	12,61	5,0	5,9	5,0
76,06	12,65	5,0	5,9	5,0
76,09	12,68	5,0	5,9	5,0
76,11	12,71	5,0	5,9	5,0
76,14	12,75	5,0	5,9	5,0
76,16	12,79	5,0	5,9	5,0
76,19	12,82	5,0	5,9	5,0
76,21	12,85	5,0	5,9	5,0
76,23	12,89	5,0	5,9	5,0
76,26	12,94	5,0	5,9	5,0
76,28	12,97	5,0	5,9	5,0
76,31	13,00	5,0	5,9	5,0
76,33	13,06	5,0	5,9	5,0
76,36	13,10	5,0	5,9	5,0
76,38	13,13	5,0	5,9	5,0
76,41	13,16	5,0	5,9	5,0
76,43	13,21	5,0	5,9	5,0
76,45	13,26	5,0	5,9	5,0
76,48	13,28	5,0	5,9	5,0
76,50	13,32	5,0	5,9	5,0
76,53	13,37	5,0	5,9	5,0
76,55	13,42	5,0	5,9	5,0
76,58	13,45	5,0	5,9	5,0
76,60	13,49	5,0	5,9	5,0
76,62	13,54	5,0	5,9	5,0
76,65	13,58	5,0	5,9	5,0
76,67	13,61	5,0	5,9	5,0
76,70	13,65	5,0	5,9	5,0
76,72	13,71	5,0	5,9	5,0
76,75	13,76	5,0	5,9	5,0
76,77	13,79	5,0	5,9	5,0
76,80	13,83	5,0	5,9	5,0
76,82	13,88	5,0	5,9	5,0
76,84	13,93	5,0	5,9	5,0
76,87	13,96	5,0	5,9	5,0
76,89	13,99	5,0	5,9	5,0
76,92	14,05	5,0	5,9	5,0
76,94	14,10	5,0	5,9	5,0
76,97	14,13	5,0	5,9	5,0
76,99	14,17	5,0	5,9	5,0
77,02	14,22	5,0	5,9	5,0
77,04	14,27	5,0	5,9	5,0
77,06	14,30	5,0	5,9	5,0
77,09	14,35	5,0	5,9	5,0
77,11	14,40	5,0	5,9	5,0
77,14	14,45	5,0	5,9	5,0
77,16	14,48	5,0	5,9	5,0
77,19	14,53	5,0	5,9	5,0
77,21	14,59	5,0	5,9	5,0
77,24	14,64	5,0	5,9	5,0
77,26	14,67	5,0	5,9	5,0
77,28	14,72	5,0	5,9	5,0
77,31	14,78	5,0	5,9	5,0
77,33	14,82	5,0	5,9	5,0
77,36	14,86	5,0	5,9	5,0
77,38	14,91	5,0	5,9	5,0
77,41	14,96	5,0	5,9	5,0
77,43	15,01	5,0	5,9	5,0
77,46	15,04	5,0	5,9	5,0
77,48	15,10	5,0	5,9	5,0
77,50	15,15	5,0	5,9	5,0
77,53	15,20	5,0	5,9	5,0
77,55	15,24	5,0	5,9	5,0
77,58	15,29	5,0	5,9	5,0
77,60	15,35	5,0	5,9	5,0
77,63	15,39	5,0	5,9	5,0
77,65	15,43	5,0	5,9	5,0
77,68	15,49	5,0	5,9	5,0
77,70	15,55	5,0	5,9	5,0
77,72	15,59	5,0	5,9	5,0
77,75	15,63	5,0	5,9	5,0
77,77	15,69	5,0	5,9	5,0
77,80	15,75	5,0	5,9	5,0
77,82	15,79	5,0	5,9	5,0
77,85	15,84	5,0	5,9	5,0
77,87	15,88	5,0	5,9	5,0
77,89	15,93	5,0	5,9	5,0
77,92	15,99	5,0	5,9	5,0
77,94	16,04	5,0	5,9	5,0
77,97	16,09	5,0	5,9	5,0
77,99	16,13	5,0	5,9	5,0
78,02	16,19	5,0	5,9	5,0
78,04	16,24	5,0	5,9	5,0
78,07	16,29	5,0	5,9	5,0
78,09	16,33	5,0	5,9	5,0
78,11	16,39	5,0	5,9	5,0
78,14	16,44	5,0	5,9	5,0
78,16	16,49	5,0	5,9	5,0
78,19	16,54	5,0	5,9	5,0
78,21	16,60	5,0	5,9	5,0
78,24	16,65	5,0	5,9	5,0
78,26	16,70	5,0	5,9	5,0
78,29	16,75	5,0	5,9	5,0
78,31	16,81	5,0	5,9	5,0
78,33	16,86	5,0	5,9	5,0
78,36	16,90	5,0	5,9	5,0
78,38	16,96	5,0	5,9	5,0
78,41	17,02	5,0	5,9	5,0
78,43	17,07	5,0	5,9	5,0
78,46	17,11	5,0	5,9	5,0
78,48	17,17	5,0	5,9	5,0
78,51	17,22	5,0	5,9	5,0
78,53	17,28	5,0	5,9	5,0
78,55	17,34	5,0	5,9	5,0
78,58	17,38	5,0	5,9	5,0
78,60	17,43	5,0	5,9	5,0
78,63	17,49	5,0	5,9	5,0
78,65	17,55	5,0	5,9	5,0
78,68	17,59	5,0	5,9	5,0
78,70	17,64	5,0	5,9	5,0
78,73	17,71	5,0	5,9	5,0
78,75	17,77	5,0	5,9	5,0
78,77	17,81	5,0	5,9	5,0
78,80	17,86	5,0	5,9	5,0
78,82	17,93	5,0	5,9	5,0
78,85	17,98	5,0	5,9	5,0
78,87	18,03	5,0	5,9	5,0
78,90	18,08	5,0	5,9	5,0
78,92	18,15	5,0	5,9	5,0
78,94	18,20	5,0	5,9	5,0
78,97	18,24	5,0	5,9	5,0
78,99	18,30	5,0	5,9	5,0
79,02	18,36	5,0	5,9	5,0
79,04	18,41	5,0	5,9	5,0
79,07	18,46	5,0	5,9	5,0
79,09	18,51	5,0	5,9	5,0
79,12	18,58	5,0	5,9	5,0
79,14	18,63	5,0	5,9	5,0
79,16	18,68	5,0	5,9	5,0
79,19	18,74	5,0	5,9	5,0
79,21	18,80	5,0	5,9	5,0
79,24	18,85	5,0	5,9	5,0
79,26	18,90	5,0	5,9	5,0
79,29	18,96	5,0	5,9	5,0
79,31	19,01	5,0	5,9	5,0
79,34	19,06	5,0	5,9	5,0
79,36	19,10	5,0	5,9	5,0
79,38	19,17	5,0	5,9	5,0
79,41	19,23	5,0	5,9	5,0
79,43	19,28	5,0	5,9	5,0
79,46	19,33	5,0	5,9	5,0
79,48	19,39	5,0	5,9	5,0
79,51	19,45	5,0	5,9	5,0
79,53	19,50	5,0	5,9	5,0
79,56	19,54	5,0	5,9	5,0
79,58	19,61	5,0	5,9	5,0
79,60	19,67	5,0	5,9	5,0
79,63	19,71	5,0	5,9	5,0
79,65	19,76	5,0	5,9	5,0
79,68	19,83	5,0	5,9	5,0
79,70	19,89	5,0	5,9	5,0
79,73	19,93	5,0	5,9	5,0
79,75	19,98	5,0	5,9	5,0
79,78	20,05	5,0	5,9	5,0
79,80	20,11	5,0	5,9	5,0
79,82	20,15	5,0	5,9	5,0
79,85	20,20	5,0	5,9	5,0
79,87	20,27	5,0	5,9	5,0
79,90	20,33	5,0	5,9	5,0
79,92	20,37	5,0	5,9	5,0
79,95	20,42	5,0	5,9	5,0
79,97	20,49	5,0	5,9	5,0
79,99	20,55	5,0	5,9	5,0
80,02	20,59	5,0	5,9	5,0
80,04	20,64	5,0	5,9	5,0
80,07	20,71	5,0	5,9	5,0
80,09	20,77	5,0	5,9	5,0
80,12	20,81	5,0	5,9	5,0
80,14	20,86	5,0	5,9	5,0
80,17	20,93	5,0	5,9	5,0
80,19	20,99	5,0	5,9	5,0
80,21	21,03	5,0	5,9	5,0
80,24	21,09	5,0	5,9	5,0
80,26	21,15	5,0	5,9	5,0
80,29	21,21	5,0	5,9	5,0
80,31	21,27	5,0	5,9	5,0
80,34	21,32	5,0	5,9	5,0
80,36	21,37	5,0	5,9	5,0
80,39	21,43	5,0	5,9	5,0
80,41	21,49	5,0	5,9	5,0
80,43	21,53	5,0	5,9	5,0
80,46	21,58	5,0	5,9	5,0
80,48	21,64	5,0	5,9	5,0
80,51	21,69	5,0	5,9	5,0
80,53	21,73	5,0	5,9	5,0
80,56	21,78	5,0	5,9	5,0
80,58	21,84	5,0	5,9	5,0
80,61	21,89	5,0	5,9	5,0
80,63	21,94	5,0	5,9	5,0
80,65	21,98	5,0	5,9	5,0
80,68	22,05	5,0	5,9	5,0
80,70	22,09	5,0	5,9	5,0
80,73	22,14	5,0	5,9	5,0
80,75	22,19	5,0	5,9	5,0
80,78	22,24	5,0	5,9	5,0
80,80	22,29	5,0	5,9	5,0
80,83	22,33	5,0	5,9	5,0
80,85	22,37	5,0	5,9	5,0
80,87	22,43	5,0	5,9	5,0
80,90	22,48	5,0	5,9	5,0
80,92	22,52	5,0	5,9	5,0
80,95	22,56	5,0	5,9	5,0
80,97	22,60	5,0	5,9	5,0
81,00	22,66	5,0	5,9	5,0
81,02	22,71	5,0	5,9	5,0
81,04	22,75	5,0	5,9	5,0
81,07	22,79	5,0	5,9	5,0
81,09	22,85	5,0	5,9	5,0
81,12	22,91	5,0	5,9	5,0
81,14	22,95	5,0	5,9	5,0
81,17	22,99	5,0	5,9	5,0
81,19	23,05	5,0	5,9	5,0
81,22	23,10	5,0	5,9	5,0
81,24	23,14	5,0	5,9	5,0
81,26	23,18	5,0	5,9	5,0
81,29	23,24	5,0	5,9	5,0
81,31	23,29	5,0	5,9	5,0
81,34	23,33	5,0	5,9	5,0
81,36	23,38	5,0	5,9	5,0
81,39	23,43	5,0	5,9	5,0
81,41	23,48	5,0	5,9	5,0
81,44	23,51	5,0	5,9	5,0
81,46	23,55	5,0	5,9	5,0
81,48	23,61	5,0	5,9	5,0
81,51	23,66	5,0	5,9	5,0
81,53	23,70	5,0	5,9	5,0
81,56	23,74	5,0	5,9	5,0
81,58	23,81	5,0	5,9	5,0
81,61	23,85	5,0	5,9	5,0
81,63	23,88	5,0	5,9	5,0
81,66	23,93	5,0	5,9	5,0
81,68	23,99	5,0	5,9	5,0
81,70	24,04	5,0	5,9	5,0
81,73	24,06	5,0	5,9	5,0
81,75	24,11	5,0	5,9	5,0
81,78	24,17	5,0	5,9	5,0
81,80	24,22	5,0	5,9	5,0
81,83	24,25	5,0	5,9	5,0
81,85	24,30	5,0	5,9	5,0
81,88	24,35	5,0	5,9	5,0
81,90	24,40	5,0	5,9	5,0
81,92	24,43	5,0	5,9	5,0
81,95	24,47	5,0	5,9	5,0
81,97	24,53	5,0	5,9	5,0
82,00	24,58	5,0	5,9	5,0
82,02	24,61	5,0	5,9	5,0
82,05	24,66	5,0	5,9	5,0
82,07	24,72	5,0	5,9	5,0
82,10	24,76	5,0	5,9	5,0
82,12	24,79	5,0	5,9	5,0
82,14	24,84	5,0	5,9	5,0
82,17	24,90	5,0	5,9	5,0
82,19	24,93	5,0	5,9	5,0
82,22	24,96	5,0	5,9	5,0
82,24	25,01	5,0	5,9	5,0
82,27	25,07	5,0	5,9	5,0
82,29	25,11	5,0	5,9	5,0
82,31	25,14	5,0	5,9	5,0
82,34	25,18	5,0	5,9	5,0
82,36	25,23	5,0	5,9	5,0
82,39	25,27	5,0	5,9	5,0
82,41	25,30	5,0	5,9	5,0
82,44	25,34	5,0	5,9	5,0
82,46	25,39	5,0	5,9	5,0
82,49	25,42	5,0	5,9	5,0
82,51	25,45	5,0	5,9	5,0
82,53	25,50	5,0	5,9	5,0
82,56	25,55	5,0	5,9	5,0
82,58	25,58	5,0	5,9	5,0
82,61	25,61	5,0	5,9	5,0
82,63	25,65	5,0	5,9	5,0
82,66	25,70	5,0	5,9	5,0
82,68	25,72	5,0	5,9	5,0
82,71	25,75	5,0	5,9	5,0
82,73	25,79	5,0	5,9	5,0
82,75	25,83	5,0	5,9	5,0
82,78	25,87	5,0	5,9	5,0
82,80	25,91	5,0	5,9	5,0
82,83	25,93	5,0	5,9	5,0
82,85	25,97	5,0	5,9	5,0
82,88	26,01	5,0	5,9	5,0
82,90	26,04	5,0	5,9	5,0
82,93	26,06	5,0	5,9	5,0
82,95	26,10	5,0	5,9	5,0
82,97	26,14	5,0	5,9	5,0
83,00	26,16	5,0	5,9	5,0
83,02	26,19	5,0	5,9	5,0
83,05	26,23	5,0	5,9	5,0
83,07	26,26	5,0	5,9	5,0
83,10	26,29	5,0	5,9	5,0
83,12	26,31	5,0	5,9	5,0
83,15	26,35	5,0	5,9	5,0
83,17	26,39	5,0	5,9	5,0
83,19	26,41	5,0	5,9	5,0
83,22	26,44	5,0	5,9	5,0
83,24	26,48	5,0	5,9	5,0
83,27	26,51	5,0	5,9	5,0
83,29	26,54	5,0	5,9	5,0
83,32	26,56	5,0	5,9	5,0
83,34	26,59	5,0	5,9	5,0
83,36	26,62	5,0	5,9	5,0
83,39	26,65	5,0	5,9	5,0
83,41	26,68	5,0	5,9	5,0
83,44	26,69	5,0	5,9	5,0
83,46	26,73	5,0	5,9	5,0
83,49	26,76	5,0	5,9	5,0
83,51	26,79	5,0	5,9	5,0
83,54	26,80	5,0	5,9	5,0
83,56	26,83	5,0	5,9	5,0
83,58	26,88	5,0	5,9	5,0
83,61	26,90	5,0	5,9	5,0
83,63	26,90	5,0	5,9	5,0
83,66	26,94	5,0	5,9	5,0
83,68	26,98	5,0	5,9	5,0
83,71	27,00	5,0	5,9	5,0
83,73	27,01	5,0	5,9	5,0
83,76	27,05	5,0	5,9	5,0
83,78	27,09	5,0	5,9	5,0
83,80	27,11	5,0	5,9	5,0
83,83	27,11	5,0	5,9	5,0
83,85	27,15	5,0	5,9	5,0
83,88	27,18	5,0	5,9	5,0
83,90	27,20	5,0	5,9	5,0
83,93	27,21	5,0	5,9	5,0
83,95	27,25	5,0	5,9	5,0
83,98	27,28	5,0	5,9	5,0
84,00	27,30	5,0	5,9	5,0
84,02	27,32	5,0	5,9	5,0
84,05	27,35	5,0	5,9	5,0
84,07	27,39	5,0	5,9	5,0
84,10	27,40	5,0	5,9	5,0
84,12	27,41	5,0	5,9	5,0
84,15	27,45	5,0	5,9	5,0
84,17	27,49	5,0	5,9	5,0
84,20	27,50	5,0	5,9	5,0
84,22	27,52	5,0	5,9	5,0
84,24	27,55	5,0	5,9	5,0
84,27	27,58	5,0	5,9	5,0
84,29	27,60	5,0	5,9	5,0
84,32	27,62	5,0	5,9	5,0
84,34	27,64	5,0	5,9	5,0
84,37	27,67	5,0	5,9	5,0
84,39	27,69	5,0	5,9	5,0
84,41	27,70	5,0	5,9	5,0
84,44	27,73	5,0	5,9	5,0
84,46	27,76	5,0	5,9	5,0
84,49	27,77	5,0	5,9	5,0
84,51	27,78	5,0	5,9	5,0
84,54	27,81	5,0	5,9	5,0
84,56	27,83	5,0	5,9	5,0
84,59	27,84	5,0	5,9	5,0
84,61	27,85	5,0	5,9	5,0
84,63	27,88	5,0	5,9	5,0
84,66	27,91	5,0	5,9	5,0
84,68	27,92	5,0	5,9	5,0
84,71	27,93	5,0	5,9	5,0
84,73	27,96	5,0	5,9	5,0
84,76	27,98	5,0	5,9	5,0
84,78	27,99	5,0	5,9	5,0
84,81	28,00	5,0	5,9	5,0
84,83	28,02	5,0	5,9	5,0
84,85	28,04	5,0	5,9	5,0
84,88	28,04	5,0	5,9	5,0
84,90	28,05	5,0	5,9	5,0
84,93	28,07	5,0	5,9	5,0
84,95	28,10	5,0	5,9	5,0
84,98	28,10	5,0	5,9	5,0
85,00	28,11	5,0	5,9	5,0
85,03	28,14	5,0	5,9	5,0
85,05	28,15	5,0	5,9	5,0
85,07	28,15	5,0	5,9	5,0
85,10	28,17	5,0	5,9	5,0
85,12	28,20	5,0	5,9	5,0
85,15	28,22	5,0	5,9	5,0
85,17	28,23	5,0	5,9	5,0
85,20	28,24	5,0	5,9	5,0
85,22	28,24	5,0	5,9	5,0
85,25	28,26	5,0	5,9	5,0
85,27	28,28	5,0	5,9	5,0
85,29	28,29	5,0	5,9	5,0
85,32	28,30	5,0	5,9	5,0
85,34	28,31	5,0	5,9	5,0
85,37	28,34	5,0	5,9	5,0
85,39	28,35	5,0	5,9	5,0
85,42	28,36	5,0	5,9	5,0
85,44	28,37	5,0	5,9	5,0
85,47	28,39	5,0	5,9	5,0
85,49	28,40	5,0	5,9	5,0
85,51	28,42	5,0	5,9	5,0
85,54	28,43	5,0	5,9	5,0
85,56	28,45	5,0	5,9	5,0
85,59	28,46	5,0	5,9	5,0
85,61	28,47	5,0	5,9	5,0
85,64	28,49	5,0	5,9	5,0
85,66	28,50	5,0	5,9	5,0
85,68	28,51	5,0	5,9	5,0
85,71	28,52	5,0	5,9	5,0
85,73	28,54	5,0	5,9	5,0
85,76	28,56	5,0	5,9	5,0
85,78	28,56	5,0	5,9	5,0
85,81	28,56	5,0	5,9	5,0
85,83	28,57	5,0	5,9	5,0
85,86	28,59	5,0	5,9	5,0
85,88	28,61	5,0	5,9	5,0
85,90	28,61	5,0	5,9	5,0
85,93	28,62	5,0	5,9	5,0
85,95	28,64	5,0	5,9	5,0
85,98	28,65	5,0	5,9	5,0
86,00	28,65	5,0	5,9	5,0
86,03	28,65	5,0	5,9	5,0
86,05	28,68	5,0	5,9	5,0
86,08	28,70	5,0	5,9	5,0
86,10	28,70	5,0	5,9	5,0
86,12	28,70	5,0	5,9	5,0
86,15	28,72	5,0	5,9	5,0
86,17	28,74	5,0	5,9	5,0
86,20	28,73	5,0	5,9	5,0
86,22	28,73	5,0	5,9	5,0
86,25	28,75	5,0	5,9	5,0
86,27	28,76	5,0	5,9	5,0
86,30	28,76	5,0	5,9	5,0
86,32	28,76	5,0	5,9	5,0
86,34	28,78	5,0	5,9	5,0
86,37	28,80	5,0	5,9	5,0
86,39	28,79	5,0	5,9	5,0
86,42	28,79	5,0	5,9	5,0
86,44	28,81	5,0	5,9	5,0
86,47	28,83	5,0	5,9	5,0
86,49	28,83	5,0	5,9	5,0
86,52	28,83	5,0	5,9	5,0
86,54	28,85	5,0	5,9	5,0
86,56	28,86	5,0	5,9	5,0
86,59	28,86	5,0	5,9	5,0
86,61	28,86	5,0	5,9	5,0
86,64	28,89	5,0	5,9	5,0
86,66	28,90	5,0	5,9	5,0
86,69	28,88	5,0	5,9	5,0
86,71	28,89	5,0	5,9	5,0
86,73	28,90	5,0	5,9	5,0
86,76	28,90	5,0	5,9	5,0
86,78	28,90	5,0	5,9	5,0
86,81	28,91	5,0	5,9	5,0
86,83	28,92	5,0	5,9	5,0
86,86	28,93	5,0	5,9	5,0
86,88	28,92	5,0	5,9	5,0
86,91	28,93	5,0	5,9	5,0
86,93	28,95	5,0	5,9	5,0
86,95	28,95	5,0	5,9	5,0
86,98	28,94	5,0	5,9	5,0
87,00	28,95	5,0	5,9	5,0
87,03	28,97	5,0	5,9	5,0
87,05	28,97	5,0	5,9	5,0
87,08	28,97	5,0	5,9	5,0
87,10	28,98	5,0	5,9	5,0
87,13	29,00	5,0	5,9	5,0
87,15	29,00	5,0	5,9	5,0
87,17	28,99	5,0	5,9	5,0
87,20	29,01	5,0	5,9	5,0
87,22	29,03	5,0	5,9	5,0
87,25	29,02	5,0	5,9	5,0
87,27	29,02	5,0	5,9	5,0
87,30	29,04	5,0	5,9	5,0
87,32	29,05	5,0	5,9	5,0
87,35	29,05	5,0	5,9	5,0
87,37	29,05	5,0	5,9	5,0
87,39	29,07	5,0	5,9	5,0
87,42	29,09	5,0	5,9	5,0
87,44	29,08	5,0	5,9	5,0
87,47	29,07	5,0	5,9	5,0
87,49	29,09	5,0	5,9	5,0
87,52	29,11	5,0	5,9	5,0
87,54	29,11	5,0	5,9	5,0
87,57	29,11	5,0	5,9	5,0
87,59	29,13	5,0	5,9	5,0
87,61	29,14	5,0	5,9	5,0
87,64	29,15	5,0	5,9	5,0
87,66	29,16	5,0	5,9	5,0
87,69	29,16	5,0	5,9	5,0
87,71	29,16	5,0	5,9	5,0
87,74	29,18	5,0	5,9	5,0
87,76	29,19	5,0	5,9	5,0
87,78	29,19	5,0	5,9	5,0
87,81	29,19	5,0	5,9	5,0
87,83	29,20	5,0	5,9	5,0
87,86	29,21	5,0	5,9	5,0
87,88	29,20	5,0	5,9	5,0
87,91	29,22	5,0	5,9	5,0
87,93	29,23	5,0	5,9	5,0
87,96	29,22	5,0	5,9	5,0
87,98	29,22	5,0	5,9	5,0
88,00	29,23	5,0	5,9	5,0
88,03	29,24	5,0	5,9	5,0
88,05	29,24	5,0	5,9	5,0
88,08	29,23	5,0	5,9	5,0
88,10	29,24	5,0	5,9	5,0
88,13	29,26	5,0	5,9	5,0
88,15	29,26	5,0	5,9	5,0
88,18	29,26	5,0	5,9	5,0
88,20	29,27	5,0	5,9	5,0
88,22	29,28	5,0	5,9	5,0
88,25	29,28	5,0	5,9	5,0
88,27	29,28	5,0	5,9	5,0
88,30	29,27	5,0	5,9	5,0
88,32	29,28	5,0	5,9	5,0
88,35	29,29	5,0	5,9	5,0
88,37	29,30	5,0	5,9	5,0
88,40	29,29	5,0	5,9	5,0
88,42	29,29	5,0	5,9	5,0
88,44	29,31	5,0	5,9	5,0
88,47	29,31	5,0	5,9	5,0
88,49	29,31	5,0	5,9	5,0
88,52	29,32	5,0	5,9	5,0
88,54	29,34	5,0	5,9	5,0
88,57	29,34	5,0	5,9	5,0
88,59	29,34	5,0	5,9	5,0
88,62	29,35	5,0	5,9	5,0
88,64	29,37	5,0	5,9	5,0
88,66	29,36	5,0	5,9	5,0
88,69	29,36	5,0	5,9	5,0
88,71	29,37	5,0	5,9	5,0
88,74	29,39	5,0	5,9	5,0
88,76	29,39	5,0	5,9	5,0
88,79	29,39	5,0	5,9	5,0
88,81	29,40	5,0	5,9	5,0
88,83	29,42	5,0	5,9	5,0
88,86	29,41	5,0	5,9	5,0
88,88	29,41	5,0	5,9	5,0
88,91	29,42	5,0	5,9	5,0
88,93	29,44	5,0	5,9	5,0
88,96	29,43	5,0	5,9	5,0
88,98	29,43	5,0	5,9	5,0
89,01	29,45	5,0	5,9	5,0
89,03	29,47	5,0	5,9	5,0
89,05	29,46	5,0	5,9	5,0
89,08	29,46	5,0	5,9	5,0
89,10	29,48	5,0	5,9	5,0
89,13	29,50	5,0	5,9	5,0
89,15	29,49	5,0	5,9	5,0
89,18	29,49	5,0	5,9	5,0
89,20	29,51	5,0	5,9	5,0
89,23	29,53	5,0	5,9	5,0
89,25	29,52	5,0	5,9	5,0
89,27	29,52	5,0	5,9	5,0
89,30	29,53	5,0	5,9	5,0
89,32	29,56	5,0	5,9	5,0
89,35	29,55	5,0	5,9	5,0
89,37	29,55	5,0	5,9	5,0
89,40	29,57	5,0	5,9	5,0
89,42	29,59	5,0	5,9	5,0
89,45	29,58	5,0	5,9	5,0
89,47	29,59	5,0	5,9	5,0
89,49	29,61	5,0	5,9	5,0
89,52	29,63	5,0	5,9	5,0
89,54	29,63	5,0	5,9	5,0
89,57	29,63	5,0	5,9	5,0
89,59	29,65	5,0	5,9	5,0
89,62	29,67	5,0	5,9	5,0
89,64	29,66	5,0	5,9	5,0
89,67	29,67	5,0	5,9	5,0
89,69	29,69	5,0	5,9	5,0
89,71	29,72	5,0	5,9	5,0
89,74	29,71	5,0	5,9	5,0
89,76	29,72	5,0	5,9	5,0
89,79	29,74	5,0	5,9	5,0
89,81	29,76	5,0	5,9	5,0
89,84	29,76	5,0	5,9	5,0
89,86	29,76	5,0	5,9	5,0
89,89	29,78	5,0	5,9	5,0
89,91	29,80	5,0	5,9	5,0
89,93	29,80	5,0	5,9	5,0
89,96	29,81	5,0	5,9	5,0
89,98	29,84	5,0	5,9	5,0
90,01	29,85	5,0	5,9	5,0
90,03	29,85	5,0	5,9	5,0
90,06	29,87	5,0	5,9	5,0
90,08	29,88	5,0	5,9	5,0
90,10	29,90	5,0	5,9	5,0
90,13	29,92	5,0	5,9	5,0
90,15	29,93	5,0	5,9	5,0
90,18	29,94	5,0	5,9	5,0
90,20	29,96	5,0	5,9	5,0
90,23	29,99	5,0	5,9	5,0
90,25	29,99	5,0	5,9	5,0
90,28	30,00	5,0	5,9	5,0
90,30	30,03	5,0	5,9	5,0
90,32	30,04	5,0	5,9	5,0
90,35	30,05	5,0	5,9	5,0
90,37	30,05	5,0	5,9	5,0
90,40	30,08	5,0	5,9	5,0
90,42	30,09	5,0	5,9	5,0
90,45	30,10	5,0	5,9	5,0
90,47	30,11	5,0	5,9	5,0
90,50	30,13	5,0	5,9	5,0
90,52	30,15	5,0	5,9	5,0
90,54	30,16	5,0	5,9	5,0
90,57	30,17	5,0	5,9	5,0
90,59	30,19	5,0	5,9	5,0
90,62	30,22	5,0	5,9	5,0
90,64	30,22	5,0	5,9	5,0
90,67	30,23	5,0	5,9	5,0
90,69	30,26	5,0	5,9	5,0
90,72	30,27	5,0	5,9	5,0
90,74	30,30	5,0	5,9	5,0
90,76	30,30	5,0	5,9	5,0
90,79	30,31	5,0	5,9	5,0
90,81	30,34	5,0	5,9	5,0
90,84	30,36	5,0	5,9	5,0
90,86	30,36	5,0	5,9	5,0
90,89	30,37	5,0	5,9	5,0
90,91	30,41	5,0	5,9	5,0
90,94	30,43	5,0	5,9	5,0
90,96	30,44	5,0	5,9	5,0
90,98	30,45	5,0	5,9	5,0
91,01	30,49	5,0	5,9	5,0
91,03	30,51	5,0	5,9	5,0
91,06	30,52	5,0	5,9	5,0
91,08	30,54	5,0	5,9	5,0
91,11	30,58	5,0	5,9	5,0
91,13	30,61	5,0	5,9	5,0
91,15	30,62	5,0	5,9	5,0
91,18	30,64	5,0	5,9	5,0
91,20	30,68	5,0	5,9	5,0
91,23	30,71	5,0	5,9	5,0
91,25	30,72	5,0	5,9	5,0
91,28	30,73	5,0	5,9	5,0
91,30	30,77	5,0	5,9	5,0
91,33	30,80	5,0	5,9	5,0
91,35	30,81	5,0	5,9	5,0
91,37	30,83	5,0	5,9	5,0
91,40	30,87	5,0	5,9	5,0
91,42	30,90	5,0	5,9	5,0
91,45	30,91	5,0	5,9	5,0
91,47	30,92	5,0	5,9	5,0
91,50	30,96	5,0	5,9	5,0
91,52	30,99	5,0	5,9	5,0
91,55	31,00	5,0	5,9	5,0
91,57	31,02	5,0	5,9	5,0
91,59	31,05	5,0	5,9	5,0
91,62	31,08	5,0	5,9	5,0
91,64	31,09	5,0	5,9	5,0
91,67	31,11	5,0	5,9	5,0
91,69	31,15	5,0	5,9	5,0
91,72	31,17	5,0	5,9	5,0
91,74	31,18	5,0	5,9	5,0
91,77	31,21	5,0	5,9	5,0
91,79	31,25	5,0	5,9	5,0
91,81	31,27	5,0	5,9	5,0
91,84	31,28	5,0	5,9	5,0
91,86	31,31	5,0	5,9	5,0
91,89	31,35	5,0	5,9	5,0
91,91	31,37	5,0	5,9	5,0
91,94	31,39	5,0	5,9	5,0
91,96	31,42	5,0	5,9	5,0
91,99	31,46	5,0	5,9	5,0
92,01	31,48	5,0	5,9	5,0
92,03	31,50	5,0	5,9	5,0
92,06	31,54	5,0	5,9	5,0
92,08	31,58	5,0	5,9	5,0
92,11	31,60	5,0	5,9	5,0
92,13	31,63	5,0	5,9	5,0
92,16	31,67	5,0	5,9	5,0
92,18	31,71	5,0	5,9	5,0
92,20	31,74	5,0	5,9	5,0
92,23	31,76	5,0	5,9	5,0
92,25	31,81	5,0	5,9	5,0
92,28	31,85	5,0	5,9	5,0
92,30	31,87	5,0	5,9	5,0
92,33	31,90	5,0	5,9	5,0
92,35	31,95	5,0	5,9	5,0
92,38	31,99	5,0	5,9	5,0
92,40	32,02	5,0	5,9	5,0
92,42	32,04	5,0	5,9	5,0
92,45	32,09	5,0	5,9	5,0
92,47	32,13	5,0	5,9	5,0
92,50	32,17	5,0	5,9	5,0
92,52	32,20	5,0	5,9	5,0
92,55	32,23	5,0	5,9	5,0
92,57	32,26	5,0	5,9	5,0
92,60	32,31	5,0	5,9	5,0
92,62	32,34	5,0	5,9	5,0
92,64	32,37	5,0	5,9	5,0
92,67	32,41	5,0	5,9	5,0
92,69	32,46	5,0	5,9	5,0
92,72	32,49	5,0	5,9	5,0
92,74	32,53	5,0	5,9	5,0
92,77	32,58	5,0	5,9	5,0
92,79	32,61	5,0	5,9	5,0
92,82	32,66	5,0	5,9	5,0
92,84	32,69	5,0	5,9	5,0
92,86	32,73	5,0	5,9	5,0
92,89	32,78	5,0	5,9	5,0
92,91	32,81	5,0	5,9	5,0
92,94	32,84	5,0	5,9	5,0
92,96	32,89	5,0	5,9	5,0
92,99	32,93	5,0	5,9	5,0
93,01	32,97	5,0	5,9	5,0
93,04	33,00	5,0	5,9	5,0
93,06	33,05	5,0	5,9	5,0
93,08	33,10	5,0	5,9	5,0
93,11	33,14	5,0	5,9	5,0
93,13	33,18	5,0	5,9	5,0
93,16	33,22	5,0	5,9	5,0
93,18	33,26	5,0	5,9	5,0
93,21	33,32	5,0	5,9	5,0
93,23	33,36	5,0	5,9	5,0
93,25	33,40	5,0	5,9	5,0
93,28	33,44	5,0	5,9	5,0
93,30	33,50	5,0	5,9	5,0
93,33	33,55	5,0	5,9	5,0
93,35	33,58	5,0	5,9	5,0
93,38	33,62	5,0	5,9	5,0
93,40	33,68	5,0	5,9	5,0
93,43	33,72	5,0	5,9	5,0
93,45	33,75	5,0	5,9	5,0
93,47	33,80	5,0	5,9	5,0
93,50	33,86	5,0	5,9	5,0
93,52	33,91	5,0	5,9	5,0
93,55	33,94	5,0	5,9	5,0
93,57	33,99	5,0	5,9	5,0
93,60	34,05	5,0	5,9	5,0
93,62	34,10	5,0	5,9	5,0
93,65	34,14	5,0	5,9	5,0
93,67	34,19	5,0	5,9	5,0
93,69	34,25	5,0	5,9	5,0
93,72	34,29	5,0	5,9	5,0
93,74	34,34	5,0	5,9	5,0
93,77	34,39	5,0	5,9	5,0
93,79	34,46	5,0	5,9	5,0
93,82	34,49	5,0	5,9	5,0
93,84	34,53	5,0	5,9	5,0
93,87	34,59	5,0	5,9	5,0
93,89	34,66	5,0	5,9	5,0
93,91	34,70	5,0	5,9	5,0
93,94	34,74	5,0	5,9	5,0
93,96	34,81	5,0	5,9	5,0
93,99	34,87	5,0	5,9	5,0
94,01	34,91	5,0	5,9	5,0
94,04	34,97	5,0	5,9	5,0
94,06	35,03	5,0	5,9	5,0
94,09	35,10	5,0	5,9	5,0
94,11	35,14	5,0	5,9	5,0
94,13	35,19	5,0	5,9	5,0
94,16	35,25	5,0	5,9	5,0
94,18	35,31	5,0	5,9	5,0
94,21	35,35	5,0	5,9	5,0
94,23	35,40	5,0	5,9	5,0
94,26	35,48	5,0	5,9	5,0
94,28	35,54	5,0	5,9	5,0
94,31	35,58	5,0	5,9	5,0
94,33	35,64	5,0	5,9	5,0
94,35	35,72	5,0	5,9	5,0
94,38	35,78	5,0	5,9	5,0
94,40	35,82	5,0	5,9	5,0
94,43	35,87	5,0	5,9	5,0
94,45	35,95	5,0	5,9	5,0
94,48	36,01	5,0	5,9	5,0
94,50	36,06	5,0	5,9	5,0
94,52	36,12	5,0	5,9	5,0
94,55	36,20	5,0	5,9	5,0
94,57	36,27	5,0	5,9	5,0
94,60	36,31	5,0	5,9	5,0
94,62	36,37	5,0	5,9	5,0
94,65	36,45	5,0	5,9	5,0
94,67	36,51	5,0	5,9	5,0
94,70	36,56	5,0	5,9	5,0
94,72	36,62	5,0	5,9	5,0
94,74	36,69	5,0	5,9	5,0
94,77	36,76	5,0	5,9	5,0
94,79	36,81	5,0	5,9	5,0
94,82	36,87	5,0	5,9	5,0
94,84	36,95	5,0	5,9	5,0
94,87	37,02	5,0	5,9	5,0
94,89	37,06	5,0	5,9	5,0
94,92	37,13	5,0	5,9	5,0
94,94	37,19	5,0	5,9	5,0
94,96	37,26	5,0	5,9	5,0
94,99	37,33	5,0	5,9	5,0
95,01	37,39	5,0	5,9	5,0
95,04	37,46	5,0	5,9	5,0
95,06	37,54	5,0	5,9	5,0
95,09	37,61	5,0	5,9	5,0
95,11	37,67	5,0	5,9	5,0
95,14	37,73	5,0	5,9	5,0
95,16	37,81	5,0	5,9	5,0
95,18	37,88	5,0	5,9	5,0
95,21	37,94	5,0	5,9	5,0
95,23	38,01	5,0	5,9	5,0
95,26	38,09	5,0	5,9	5,0
95,28	38,16	5,0	5,9	5,0
95,31	38,21	5,0	5,9	5,0
95,33	38,28	5,0	5,9	5,0
95,36	38,36	5,0	5,9	5,0
95,38	38,44	5,0	5,9	5,0
95,40	38,49	5,0	5,9	5,0
95,43	38,57	5,0	5,9	5,0
95,45	38,66	5,0	5,9	5,0
95,48	38,73	5,0	5,9	5,0
95,50	38,80	5,0	5,9	5,0
95,53	38,87	5,0	5,9	5,0
95,55	38,95	5,0	5,9	5,0
95,57	39,03	5,0	5,9	5,0
95,60	39,11	5,0	5,9	5,0
95,62	39,17	5,0	5,9	5,0
95,65	39,24	5,0	5,9	5,0
95,67	39,33	5,0	5,9	5,0
95,70	39,41	5,0	5,9	5,0
95,72	39,47	5,0	5,9	5,0
95,75	39,55	5,0	5,9	5,0
95,77	39,64	5,0	5,9	5,0
95,79	39,72	5,0	5,9	5,0
95,82	39,79	5,0	5,9	5,0
95,84	39,86	5,0	5,9	5,0
95,87	39,95	5,0	5,9	5,0
95,89	40,04	5,0	5,9	5,0
95,92	40,10	5,0	5,9	5,0
95,94	40,18	5,0	5,9	5,0
95,97	40,28	5,0	5,9	5,0
95,99	40,36	5,0	5,9	5,0
96,01	40,42	5,0	5,9	5,0
96,04	40,50	5,0	5,9	5,0
96,06	40,60	5,0	5,9	5,0
96,09	40,69	5,0	5,9	5,0
96,11	40,75	5,0	5,9	5,0
96,14	40,83	5,0	5,9	5,0
96,16	40,93	5,0	5,9	5,0
96,19	41,02	5,0	5,9	5,0
96,21	41,10	5,0	5,9	5,0
96,23	41,17	5,0	5,9	5,0
96,26	41,27	5,0	5,9	5,0
96,28	41,35	5,0	5,9	5,0
96,31	41,42	5,0	5,9	5,0
96,33	41,51	5,0	5,9	5,0
96,36	41,61	5,0	5,9	5,0
96,38	41,70	5,0	5,9	5,0
96,41	41,76	5,0	5,9	5,0
96,43	41,85	5,0	5,9	5,0
96,45	41,96	5,0	5,9	5,0
96,48	42,04	5,0	5,9	5,0
96,50	42,11	5,0	5,9	5,0
96,53	42,20	5,0	5,9	5,0
96,55	42,30	5,0	5,9	5,0
96,58	42,38	5,0	5,9	5,0
96,60	42,46	5,0	5,9	5,0
96,62	42,54	5,0	5,9	5,0
96,65	42,65	5,0	5,9	5,0
96,67	42,74	5,0	5,9	5,0
96,70	42,81	5,0	5,9	5,0
96,72	42,90	5,0	5,9	5,0
96,75	43,01	5,0	5,9	5,0
96,77	43,09	5,0	5,9	5,0
96,80	43,16	5,0	5,9	5,0
96,82	43,25	5,0	5,9	5,0
96,84	43,36	5,0	5,9	5,0
96,87	43,44	5,0	5,9	5,0
96,89	43,52	5,0	5,9	5,0
96,92	43,63	5,0	5,9	5,0
96,94	43,73	5,0	5,9	5,0
96,97	43,81	5,0	5,9	5,0
96,99	43,90	5,0	5,9	5,0
97,02	43,99	5,0	5,9	5,0
97,04	44,10	5,0	5,9	5,0
97,06	44,18	5,0	5,9	5,0
97,09	44,26	5,0	5,9	5,0
97,11	44,36	5,0	5,9	5,0
97,14	44,47	5,0	5,9	5,0
97,16	44,55	5,0	5,9	5,0
97,19	44,64	5,0	5,9	5,0
97,21	44,74	5,0	5,9	5,0
97,24	44,85	5,0	5,9	5,0
97,26	44,92	5,0	5,9	5,0
97,28	45,01	5,0	5,9	5,0
97,31	45,13	5,0	5,9	5,0
97,33	45,23	5,0	5,9	5,0
97,36	45,32	5,0	5,9	5,0
97,38	45,40	5,0	5,9	5,0
97,41	45,49	5,0	5,9	5,0
97,43	45,58	5,0	5,9	5,0
97,46	45,69	5,0	5,9	5,0
97,48	45,79	5,0	5,9	5,0
97,50	45,87	5,0	5,9	5,0
97,53	45,98	5,0	5,9	5,0
97,55	46,09	5,0	5,9	5,0
97,58	46,18	5,0	5,9	5,0
97,60	46,27	5,0	5,9	5,0
97,63	46,37	5,0	5,9	5,0
97,65	46,48	5,0	5,9	5,0
97,68	46,58	5,0	5,9	5,0
97,70	46,67	5,0	5,9	5,0
97,72	46,78	5,0	5,9	5,0
97,75	46,89	5,0	5,9	5,0
97,77	46,98	5,0	5,9	5,0
97,80	47,08	5,0	5,9	5,0
97,82	47,18	5,0	5,9	5,0
97,85	47,29	5,0	5,9	5,0
97,87	47,38	5,0	5,9	5,0
97,89	47,48	5,0	5,9	5,0
97,92	47,59	5,0	5,9	5,0
97,94	47,70	5,0	5,9	5,0
97,97	47,79	5,0	5,9	5,0
97,99	47,89	5,0	5,9	5,0
98,02	48,00	5,0	5,9	5,0
98,04	48,11	5,0	5,9	5,0
98,07	48,23	5,0	5,9	5,0
98,09	48,33	5,0	5,9	5,0
98,11	48,43	5,0	5,9	5,0
98,14	48,52	5,0	5,9	5,0
98,16	48,64	5,0	5,9	5,0
98,19	48,73	5,0	5,9	5,0
98,21	48,82	5,0	5,9	5,0
98,24	48,90	5,0	5,9	5,0
98,26	49,00	5,0	5,9	5,0
98,29	49,10	5,0	5,9	5,0
98,31	49,16	5,0	5,9	5,0
98,33	49,23	5,0	5,9	5,0
98,36	49,31	5,0	5,9	5,0
98,38	49,39	5,0	5,9	5,0
98,41	49,44	5,0	5,9	5,0
98,43	49,50	5,0	5,9	5,0
98,46	49,57	5,0	5,9	5,0
98,48	49,63	5,0	5,9	5,0
98,51	49,67	5,0	5,9	5,0
98,53	49,70	5,0	5,9	5,0
98,55	49,76	5,0	5,9	5,0
98,58	49,81	5,0	5,9	5,0
98,60	49,83	5,0	5,9	5,0
98,63	49,85	5,0	5,9	5,0
98,65	49,90	5,0	5,9	5,0
98,68	49,93	5,0	5,9	5,0
98,70	49,93	5,0	5,9	5,0
98,73	49,94	5,0	5,9	5,0
98,75	49,96	5,0	5,9	5,0
98,77	49,98	5,0	5,9	5,0
98,80	49,98	5,0	5,9	5,0
98,82	49,97	5,0	5,9	5,0
98,85	49,99	5,0	5,9	5,0
98,87	49,99	5,0	5,9	5,0
98,90	49,99	5,0	5,9	5,0
98,92	49,99	5,0	5,9	5,0
98,94	49,99	5,0	5,9	5,0
98,97	49,99	5,0	5,9	5,0
98,99	49,99	5,0	5,9	5,0
