Voltage U1	Corriente IA	Voltage U2	Voltage U3	Voltage UH
U1/V	IA/nA	U2/V	U3/V	UH/V

0,02	0,11	4,0	5,9	5,0
0,04	0,12	4,0	5,9	5,0
0,07	0,12	4,0	5,9	5,0
0,09	0,12	4,0	5,9	5,0
0,12	0,14	4,0	5,9	5,0
0,14	0,15	4,0	5,9	5,0
0,17	0,15	4,0	5,9	5,0
0,19	0,16	4,0	5,9	5,0
0,21	0,18	4,0	5,9	5,0
0,24	0,19	4,0	5,9	5,0
0,26	0,19	4,0	5,9	5,0
0,29	0,20	4,0	5,9	5,0
0,31	0,22	4,0	5,9	5,0
0,34	0,23	4,0	5,9	5,0
0,36	0,23	4,0	5,9	5,0
0,39	0,22	4,0	5,9	5,0
0,41	0,23	4,0	5,9	5,0
0,43	0,24	4,0	5,9	5,0
0,46	0,24	4,0	5,9	5,0
0,48	0,24	4,0	5,9	5,0
0,51	0,25	4,0	5,9	5,0
0,53	0,26	4,0	5,9	5,0
0,56	0,26	4,0	5,9	5,0
0,58	0,26	4,0	5,9	5,0
0,61	0,27	4,0	5,9	5,0
0,63	0,28	4,0	5,9	5,0
0,65	0,28	4,0	5,9	5,0
0,68	0,28	4,0	5,9	5,0
0,70	0,29	4,0	5,9	5,0
0,73	0,31	4,0	5,9	5,0
0,75	0,30	4,0	5,9	5,0
0,78	0,30	4,0	5,9	5,0
0,80	0,31	4,0	5,9	5,0
0,83	0,32	4,0	5,9	5,0
0,85	0,32	4,0	5,9	5,0
0,87	0,32	4,0	5,9	5,0
0,90	0,33	4,0	5,9	5,0
0,92	0,34	4,0	5,9	5,0
0,95	0,33	4,0	5,9	5,0
0,97	0,33	4,0	5,9	5,0
1,00	0,35	4,0	5,9	5,0
1,02	0,36	4,0	5,9	5,0
1,05	0,36	4,0	5,9	5,0
1,07	0,36	4,0	5,9	5,0
1,09	0,36	4,0	5,9	5,0
1,12	0,37	4,0	5,9	5,0
1,14	0,37	4,0	5,9	5,0
1,17	0,37	4,0	5,9	5,0
1,19	0,38	4,0	5,9	5,0
1,22	0,39	4,0	5,9	5,0
1,24	0,39	4,0	5,9	5,0
1,26	0,39	4,0	5,9	5,0
1,29	0,40	4,0	5,9	5,0
1,31	0,40	4,0	5,9	5,0
1,34	0,40	4,0	5,9	5,0
1,36	0,40	4,0	5,9	5,0
1,39	0,41	4,0	5,9	5,0
1,41	0,42	4,0	5,9	5,0
1,44	0,42	4,0	5,9	5,0
1,46	0,42	4,0	5,9	5,0
1,48	0,43	4,0	5,9	5,0
1,51	0,44	4,0	5,9	5,0
1,53	0,43	4,0	5,9	5,0
1,56	0,44	4,0	5,9	5,0
1,58	0,45	4,0	5,9	5,0
1,61	0,45	4,0	5,9	5,0
1,63	0,45	4,0	5,9	5,0
1,66	0,45	4,0	5,9	5,0
1,68	0,46	4,0	5,9	5,0
1,70	0,46	4,0	5,9	5,0
1,73	0,46	4,0	5,9	5,0
1,75	0,47	4,0	5,9	5,0
1,78	0,48	4,0	5,9	5,0
1,80	0,48	4,0	5,9	5,0
1,83	0,48	4,0	5,9	5,0
1,85	0,48	4,0	5,9	5,0
1,88	0,49	4,0	5,9	5,0
1,90	0,49	4,0	5,9	5,0
1,92	0,49	4,0	5,9	5,0
1,95	0,50	4,0	5,9	5,0
1,97	0,51	4,0	5,9	5,0
2,00	0,51	4,0	5,9	5,0
2,02	0,51	4,0	5,9	5,0
2,05	0,51	4,0	5,9	5,0
2,07	0,52	4,0	5,9	5,0
2,10	0,52	4,0	5,9	5,0
2,12	0,51	4,0	5,9	5,0
2,14	0,52	4,0	5,9	5,0
2,17	0,52	4,0	5,9	5,0
2,19	0,53	4,0	5,9	5,0
2,22	0,53	4,0	5,9	5,0
2,24	0,53	4,0	5,9	5,0
2,27	0,54	4,0	5,9	5,0
2,29	0,55	4,0	5,9	5,0
2,31	0,55	4,0	5,9	5,0
2,34	0,55	4,0	5,9	5,0
2,36	0,55	4,0	5,9	5,0
2,39	0,56	4,0	5,9	5,0
2,41	0,57	4,0	5,9	5,0
2,44	0,56	4,0	5,9	5,0
2,46	0,57	4,0	5,9	5,0
2,49	0,58	4,0	5,9	5,0
2,51	0,58	4,0	5,9	5,0
2,53	0,58	4,0	5,9	5,0
2,56	0,59	4,0	5,9	5,0
2,58	0,60	4,0	5,9	5,0
2,61	0,60	4,0	5,9	5,0
2,63	0,60	4,0	5,9	5,0
2,66	0,60	4,0	5,9	5,0
2,68	0,61	4,0	5,9	5,0
2,71	0,62	4,0	5,9	5,0
2,73	0,61	4,0	5,9	5,0
2,75	0,62	4,0	5,9	5,0
2,78	0,63	4,0	5,9	5,0
2,80	0,63	4,0	5,9	5,0
2,83	0,64	4,0	5,9	5,0
2,85	0,63	4,0	5,9	5,0
2,88	0,63	4,0	5,9	5,0
2,90	0,64	4,0	5,9	5,0
2,93	0,64	4,0	5,9	5,0
2,95	0,64	4,0	5,9	5,0
2,97	0,64	4,0	5,9	5,0
3,00	0,65	4,0	5,9	5,0
3,02	0,66	4,0	5,9	5,0
3,05	0,65	4,0	5,9	5,0
3,07	0,65	4,0	5,9	5,0
3,10	0,66	4,0	5,9	5,0
3,12	0,66	4,0	5,9	5,0
3,15	0,66	4,0	5,9	5,0
3,17	0,66	4,0	5,9	5,0
3,19	0,68	4,0	5,9	5,0
3,22	0,68	4,0	5,9	5,0
3,24	0,67	4,0	5,9	5,0
3,27	0,67	4,0	5,9	5,0
3,29	0,68	4,0	5,9	5,0
3,32	0,68	4,0	5,9	5,0
3,34	0,67	4,0	5,9	5,0
3,36	0,68	4,0	5,9	5,0
3,39	0,69	4,0	5,9	5,0
3,41	0,69	4,0	5,9	5,0
3,44	0,68	4,0	5,9	5,0
3,46	0,69	4,0	5,9	5,0
3,49	0,70	4,0	5,9	5,0
3,51	0,70	4,0	5,9	5,0
3,54	0,70	4,0	5,9	5,0
3,56	0,70	4,0	5,9	5,0
3,58	0,71	4,0	5,9	5,0
3,61	0,72	4,0	5,9	5,0
3,63	0,71	4,0	5,9	5,0
3,66	0,72	4,0	5,9	5,0
3,68	0,73	4,0	5,9	5,0
3,71	0,73	4,0	5,9	5,0
3,73	0,72	4,0	5,9	5,0
3,76	0,73	4,0	5,9	5,0
3,78	0,74	4,0	5,9	5,0
3,80	0,73	4,0	5,9	5,0
3,83	0,73	4,0	5,9	5,0
3,85	0,74	4,0	5,9	5,0
3,88	0,75	4,0	5,9	5,0
3,90	0,74	4,0	5,9	5,0
3,93	0,74	4,0	5,9	5,0
3,95	0,75	4,0	5,9	5,0
3,98	0,76	4,0	5,9	5,0
4,00	0,76	4,0	5,9	5,0
4,02	0,75	4,0	5,9	5,0
4,05	0,76	4,0	5,9	5,0
4,07	0,77	4,0	5,9	5,0
4,10	0,76	4,0	5,9	5,0
4,12	0,76	4,0	5,9	5,0
4,15	0,77	4,0	5,9	5,0
4,17	0,78	4,0	5,9	5,0
4,20	0,77	4,0	5,9	5,0
4,22	0,77	4,0	5,9	5,0
4,24	0,78	4,0	5,9	5,0
4,27	0,78	4,0	5,9	5,0
4,29	0,78	4,0	5,9	5,0
4,32	0,78	4,0	5,9	5,0
4,34	0,79	4,0	5,9	5,0
4,37	0,80	4,0	5,9	5,0
4,39	0,79	4,0	5,9	5,0
4,42	0,79	4,0	5,9	5,0
4,44	0,80	4,0	5,9	5,0
4,46	0,80	4,0	5,9	5,0
4,49	0,80	4,0	5,9	5,0
4,51	0,79	4,0	5,9	5,0
4,54	0,80	4,0	5,9	5,0
4,56	0,81	4,0	5,9	5,0
4,59	0,81	4,0	5,9	5,0
4,61	0,81	4,0	5,9	5,0
4,63	0,81	4,0	5,9	5,0
4,66	0,81	4,0	5,9	5,0
4,68	0,83	4,0	5,9	5,0
4,71	0,82	4,0	5,9	5,0
4,73	0,82	4,0	5,9	5,0
4,76	0,82	4,0	5,9	5,0
4,78	0,83	4,0	5,9	5,0
4,81	0,83	4,0	5,9	5,0
4,83	0,83	4,0	5,9	5,0
4,85	0,83	4,0	5,9	5,0
4,88	0,84	4,0	5,9	5,0
4,90	0,84	4,0	5,9	5,0
4,93	0,84	4,0	5,9	5,0
4,95	0,85	4,0	5,9	5,0
4,98	0,85	4,0	5,9	5,0
5,00	0,84	4,0	5,9	5,0
5,03	0,84	4,0	5,9	5,0
5,05	0,85	4,0	5,9	5,0
5,07	0,86	4,0	5,9	5,0
5,10	0,86	4,0	5,9	5,0
5,12	0,86	4,0	5,9	5,0
5,15	0,87	4,0	5,9	5,0
5,17	0,87	4,0	5,9	5,0
5,20	0,87	4,0	5,9	5,0
5,22	0,86	4,0	5,9	5,0
5,25	0,87	4,0	5,9	5,0
5,27	0,87	4,0	5,9	5,0
5,29	0,88	4,0	5,9	5,0
5,32	0,88	4,0	5,9	5,0
5,34	0,87	4,0	5,9	5,0
5,37	0,88	4,0	5,9	5,0
5,39	0,89	4,0	5,9	5,0
5,42	0,89	4,0	5,9	5,0
5,44	0,89	4,0	5,9	5,0
5,47	0,89	4,0	5,9	5,0
5,49	0,90	4,0	5,9	5,0
5,51	0,90	4,0	5,9	5,0
5,54	0,89	4,0	5,9	5,0
5,56	0,90	4,0	5,9	5,0
5,59	0,91	4,0	5,9	5,0
5,61	0,90	4,0	5,9	5,0
5,64	0,90	4,0	5,9	5,0
5,66	0,91	4,0	5,9	5,0
5,68	0,92	4,0	5,9	5,0
5,71	0,91	4,0	5,9	5,0
5,73	0,91	4,0	5,9	5,0
5,76	0,92	4,0	5,9	5,0
5,78	0,92	4,0	5,9	5,0
5,81	0,92	4,0	5,9	5,0
5,83	0,92	4,0	5,9	5,0
5,86	0,93	4,0	5,9	5,0
5,88	0,94	4,0	5,9	5,0
5,90	0,93	4,0	5,9	5,0
5,93	0,92	4,0	5,9	5,0
5,95	0,93	4,0	5,9	5,0
5,98	0,94	4,0	5,9	5,0
6,00	0,93	4,0	5,9	5,0
6,03	0,93	4,0	5,9	5,0
6,05	0,94	4,0	5,9	5,0
6,08	0,95	4,0	5,9	5,0
6,10	0,94	4,0	5,9	5,0
6,12	0,93	4,0	5,9	5,0
6,15	0,95	4,0	5,9	5,0
6,17	0,95	4,0	5,9	5,0
6,20	0,94	4,0	5,9	5,0
6,22	0,94	4,0	5,9	5,0
6,25	0,95	4,0	5,9	5,0
6,27	0,96	4,0	5,9	5,0
6,30	0,96	4,0	5,9	5,0
6,32	0,95	4,0	5,9	5,0
6,34	0,97	4,0	5,9	5,0
6,37	0,97	4,0	5,9	5,0
6,39	0,96	4,0	5,9	5,0
6,42	0,96	4,0	5,9	5,0
6,44	0,97	4,0	5,9	5,0
6,47	0,98	4,0	5,9	5,0
6,49	0,97	4,0	5,9	5,0
6,52	0,97	4,0	5,9	5,0
6,54	0,98	4,0	5,9	5,0
6,56	0,98	4,0	5,9	5,0
6,59	0,98	4,0	5,9	5,0
6,61	0,98	4,0	5,9	5,0
6,64	0,99	4,0	5,9	5,0
6,66	1,00	4,0	5,9	5,0
6,69	0,99	4,0	5,9	5,0
6,71	0,99	4,0	5,9	5,0
6,73	1,01	4,0	5,9	5,0
6,76	1,01	4,0	5,9	5,0
6,78	1,00	4,0	5,9	5,0
6,81	1,00	4,0	5,9	5,0
6,83	1,01	4,0	5,9	5,0
6,86	1,02	4,0	5,9	5,0
6,88	1,01	4,0	5,9	5,0
6,91	1,01	4,0	5,9	5,0
6,93	1,02	4,0	5,9	5,0
6,95	1,02	4,0	5,9	5,0
6,98	1,02	4,0	5,9	5,0
7,00	1,02	4,0	5,9	5,0
7,03	1,03	4,0	5,9	5,0
7,05	1,03	4,0	5,9	5,0
7,08	1,04	4,0	5,9	5,0
7,10	1,04	4,0	5,9	5,0
7,13	1,03	4,0	5,9	5,0
7,15	1,04	4,0	5,9	5,0
7,17	1,04	4,0	5,9	5,0
7,20	1,04	4,0	5,9	5,0
7,22	1,04	4,0	5,9	5,0
7,25	1,05	4,0	5,9	5,0
7,27	1,05	4,0	5,9	5,0
7,30	1,04	4,0	5,9	5,0
7,32	1,04	4,0	5,9	5,0
7,35	1,05	4,0	5,9	5,0
7,37	1,05	4,0	5,9	5,0
7,39	1,05	4,0	5,9	5,0
7,42	1,05	4,0	5,9	5,0
7,44	1,06	4,0	5,9	5,0
7,47	1,06	4,0	5,9	5,0
7,49	1,06	4,0	5,9	5,0
7,52	1,07	4,0	5,9	5,0
7,54	1,07	4,0	5,9	5,0
7,57	1,08	4,0	5,9	5,0
7,59	1,07	4,0	5,9	5,0
7,61	1,07	4,0	5,9	5,0
7,64	1,08	4,0	5,9	5,0
7,66	1,08	4,0	5,9	5,0
7,69	1,09	4,0	5,9	5,0
7,71	1,08	4,0	5,9	5,0
7,74	1,08	4,0	5,9	5,0
7,76	1,09	4,0	5,9	5,0
7,78	1,10	4,0	5,9	5,0
7,81	1,09	4,0	5,9	5,0
7,83	1,08	4,0	5,9	5,0
7,86	1,10	4,0	5,9	5,0
7,88	1,10	4,0	5,9	5,0
7,91	1,09	4,0	5,9	5,0
7,93	1,09	4,0	5,9	5,0
7,96	1,11	4,0	5,9	5,0
7,98	1,11	4,0	5,9	5,0
8,00	1,10	4,0	5,9	5,0
8,03	1,10	4,0	5,9	5,0
8,05	1,12	4,0	5,9	5,0
8,08	1,12	4,0	5,9	5,0
8,10	1,11	4,0	5,9	5,0
8,13	1,11	4,0	5,9	5,0
8,15	1,12	4,0	5,9	5,0
8,18	1,12	4,0	5,9	5,0
8,20	1,12	4,0	5,9	5,0
8,22	1,12	4,0	5,9	5,0
8,25	1,13	4,0	5,9	5,0
8,27	1,13	4,0	5,9	5,0
8,30	1,12	4,0	5,9	5,0
8,32	1,12	4,0	5,9	5,0
8,35	1,13	4,0	5,9	5,0
8,37	1,13	4,0	5,9	5,0
8,40	1,12	4,0	5,9	5,0
8,42	1,12	4,0	5,9	5,0
8,44	1,14	4,0	5,9	5,0
8,47	1,14	4,0	5,9	5,0
8,49	1,14	4,0	5,9	5,0
8,52	1,14	4,0	5,9	5,0
8,54	1,15	4,0	5,9	5,0
8,57	1,15	4,0	5,9	5,0
8,59	1,14	4,0	5,9	5,0
8,62	1,14	4,0	5,9	5,0
8,64	1,15	4,0	5,9	5,0
8,66	1,15	4,0	5,9	5,0
8,69	1,15	4,0	5,9	5,0
8,71	1,15	4,0	5,9	5,0
8,74	1,16	4,0	5,9	5,0
8,76	1,16	4,0	5,9	5,0
8,79	1,15	4,0	5,9	5,0
8,81	1,16	4,0	5,9	5,0
8,84	1,16	4,0	5,9	5,0
8,86	1,16	4,0	5,9	5,0
8,88	1,16	4,0	5,9	5,0
8,91	1,16	4,0	5,9	5,0
8,93	1,17	4,0	5,9	5,0
8,96	1,17	4,0	5,9	5,0
8,98	1,16	4,0	5,9	5,0
9,01	1,17	4,0	5,9	5,0
9,03	1,18	4,0	5,9	5,0
9,05	1,17	4,0	5,9	5,0
9,08	1,16	4,0	5,9	5,0
9,10	1,17	4,0	5,9	5,0
9,13	1,18	4,0	5,9	5,0
9,15	1,17	4,0	5,9	5,0
9,18	1,16	4,0	5,9	5,0
9,20	1,18	4,0	5,9	5,0
9,23	1,18	4,0	5,9	5,0
9,25	1,17	4,0	5,9	5,0
9,27	1,17	4,0	5,9	5,0
9,30	1,18	4,0	5,9	5,0
9,32	1,19	4,0	5,9	5,0
9,35	1,18	4,0	5,9	5,0
9,37	1,17	4,0	5,9	5,0
9,40	1,19	4,0	5,9	5,0
9,42	1,19	4,0	5,9	5,0
9,45	1,19	4,0	5,9	5,0
9,47	1,19	4,0	5,9	5,0
9,49	1,18	4,0	5,9	5,0
9,52	1,18	4,0	5,9	5,0
9,54	1,18	4,0	5,9	5,0
9,57	1,18	4,0	5,9	5,0
9,59	1,18	4,0	5,9	5,0
9,62	1,18	4,0	5,9	5,0
9,64	1,19	4,0	5,9	5,0
9,67	1,19	4,0	5,9	5,0
9,69	1,19	4,0	5,9	5,0
9,71	1,19	4,0	5,9	5,0
9,74	1,20	4,0	5,9	5,0
9,76	1,20	4,0	5,9	5,0
9,79	1,19	4,0	5,9	5,0
9,81	1,20	4,0	5,9	5,0
9,84	1,20	4,0	5,9	5,0
9,86	1,20	4,0	5,9	5,0
9,89	1,20	4,0	5,9	5,0
9,91	1,21	4,0	5,9	5,0
9,93	1,21	4,0	5,9	5,0
9,96	1,21	4,0	5,9	5,0
9,98	1,20	4,0	5,9	5,0
10,01	1,21	4,0	5,9	5,0
10,03	1,21	4,0	5,9	5,0
10,06	1,20	4,0	5,9	5,0
10,08	1,21	4,0	5,9	5,0
10,10	1,22	4,0	5,9	5,0
10,13	1,22	4,0	5,9	5,0
10,15	1,23	4,0	5,9	5,0
10,18	1,23	4,0	5,9	5,0
10,20	1,23	4,0	5,9	5,0
10,23	1,23	4,0	5,9	5,0
10,25	1,23	4,0	5,9	5,0
10,28	1,24	4,0	5,9	5,0
10,30	1,23	4,0	5,9	5,0
10,32	1,23	4,0	5,9	5,0
10,35	1,24	4,0	5,9	5,0
10,37	1,24	4,0	5,9	5,0
10,40	1,24	4,0	5,9	5,0
10,42	1,24	4,0	5,9	5,0
10,45	1,25	4,0	5,9	5,0
10,47	1,25	4,0	5,9	5,0
10,50	1,24	4,0	5,9	5,0
10,52	1,25	4,0	5,9	5,0
10,54	1,26	4,0	5,9	5,0
10,57	1,26	4,0	5,9	5,0
10,59	1,26	4,0	5,9	5,0
10,62	1,26	4,0	5,9	5,0
10,64	1,27	4,0	5,9	5,0
10,67	1,27	4,0	5,9	5,0
10,69	1,26	4,0	5,9	5,0
10,72	1,27	4,0	5,9	5,0
10,74	1,27	4,0	5,9	5,0
10,76	1,27	4,0	5,9	5,0
10,79	1,26	4,0	5,9	5,0
10,81	1,27	4,0	5,9	5,0
10,84	1,28	4,0	5,9	5,0
10,86	1,27	4,0	5,9	5,0
10,89	1,27	4,0	5,9	5,0
10,91	1,28	4,0	5,9	5,0
10,94	1,28	4,0	5,9	5,0
10,96	1,27	4,0	5,9	5,0
10,98	1,27	4,0	5,9	5,0
11,01	1,28	4,0	5,9	5,0
11,03	1,28	4,0	5,9	5,0
11,06	1,27	4,0	5,9	5,0
11,08	1,27	4,0	5,9	5,0
11,11	1,28	4,0	5,9	5,0
11,13	1,28	4,0	5,9	5,0
11,15	1,27	4,0	5,9	5,0
11,18	1,27	4,0	5,9	5,0
11,20	1,28	4,0	5,9	5,0
11,23	1,28	4,0	5,9	5,0
11,25	1,27	4,0	5,9	5,0
11,28	1,27	4,0	5,9	5,0
11,30	1,29	4,0	5,9	5,0
11,33	1,29	4,0	5,9	5,0
11,35	1,28	4,0	5,9	5,0
11,37	1,28	4,0	5,9	5,0
11,40	1,29	4,0	5,9	5,0
11,42	1,29	4,0	5,9	5,0
11,45	1,28	4,0	5,9	5,0
11,47	1,27	4,0	5,9	5,0
11,50	1,29	4,0	5,9	5,0
11,52	1,29	4,0	5,9	5,0
11,55	1,28	4,0	5,9	5,0
11,57	1,28	4,0	5,9	5,0
11,59	1,29	4,0	5,9	5,0
11,62	1,30	4,0	5,9	5,0
11,64	1,28	4,0	5,9	5,0
11,67	1,29	4,0	5,9	5,0
11,69	1,30	4,0	5,9	5,0
11,72	1,30	4,0	5,9	5,0
11,74	1,29	4,0	5,9	5,0
11,77	1,29	4,0	5,9	5,0
11,79	1,30	4,0	5,9	5,0
11,81	1,31	4,0	5,9	5,0
11,84	1,30	4,0	5,9	5,0
11,86	1,31	4,0	5,9	5,0
11,89	1,32	4,0	5,9	5,0
11,91	1,31	4,0	5,9	5,0
11,94	1,32	4,0	5,9	5,0
11,96	1,31	4,0	5,9	5,0
11,99	1,31	4,0	5,9	5,0
12,01	1,32	4,0	5,9	5,0
12,03	1,32	4,0	5,9	5,0
12,06	1,32	4,0	5,9	5,0
12,08	1,31	4,0	5,9	5,0
12,11	1,32	4,0	5,9	5,0
12,13	1,33	4,0	5,9	5,0
12,16	1,32	4,0	5,9	5,0
12,18	1,32	4,0	5,9	5,0
12,21	1,33	4,0	5,9	5,0
12,23	1,33	4,0	5,9	5,0
12,25	1,33	4,0	5,9	5,0
12,28	1,33	4,0	5,9	5,0
12,30	1,34	4,0	5,9	5,0
12,33	1,34	4,0	5,9	5,0
12,35	1,33	4,0	5,9	5,0
12,38	1,33	4,0	5,9	5,0
12,40	1,34	4,0	5,9	5,0
12,42	1,34	4,0	5,9	5,0
12,45	1,34	4,0	5,9	5,0
12,47	1,34	4,0	5,9	5,0
12,50	1,35	4,0	5,9	5,0
12,52	1,35	4,0	5,9	5,0
12,55	1,34	4,0	5,9	5,0
12,57	1,35	4,0	5,9	5,0
12,60	1,34	4,0	5,9	5,0
12,62	1,35	4,0	5,9	5,0
12,64	1,35	4,0	5,9	5,0
12,67	1,34	4,0	5,9	5,0
12,69	1,34	4,0	5,9	5,0
12,72	1,35	4,0	5,9	5,0
12,74	1,35	4,0	5,9	5,0
12,77	1,35	4,0	5,9	5,0
12,79	1,35	4,0	5,9	5,0
12,82	1,36	4,0	5,9	5,0
12,84	1,36	4,0	5,9	5,0
12,86	1,35	4,0	5,9	5,0
12,89	1,34	4,0	5,9	5,0
12,91	1,35	4,0	5,9	5,0
12,94	1,35	4,0	5,9	5,0
12,96	1,34	4,0	5,9	5,0
12,99	1,34	4,0	5,9	5,0
13,01	1,35	4,0	5,9	5,0
13,04	1,36	4,0	5,9	5,0
13,06	1,34	4,0	5,9	5,0
13,08	1,34	4,0	5,9	5,0
13,11	1,34	4,0	5,9	5,0
13,13	1,34	4,0	5,9	5,0
13,16	1,32	4,0	5,9	5,0
13,18	1,32	4,0	5,9	5,0
13,21	1,33	4,0	5,9	5,0
13,23	1,33	4,0	5,9	5,0
13,26	1,31	4,0	5,9	5,0
13,28	1,31	4,0	5,9	5,0
13,30	1,31	4,0	5,9	5,0
13,33	1,31	4,0	5,9	5,0
13,35	1,29	4,0	5,9	5,0
13,38	1,27	4,0	5,9	5,0
13,40	1,28	4,0	5,9	5,0
13,43	1,27	4,0	5,9	5,0
13,45	1,25	4,0	5,9	5,0
13,47	1,24	4,0	5,9	5,0
13,50	1,24	4,0	5,9	5,0
13,52	1,24	4,0	5,9	5,0
13,55	1,22	4,0	5,9	5,0
13,57	1,21	4,0	5,9	5,0
13,60	1,21	4,0	5,9	5,0
13,62	1,20	4,0	5,9	5,0
13,65	1,18	4,0	5,9	5,0
13,67	1,16	4,0	5,9	5,0
13,69	1,16	4,0	5,9	5,0
13,72	1,15	4,0	5,9	5,0
13,74	1,13	4,0	5,9	5,0
13,77	1,12	4,0	5,9	5,0
13,79	1,12	4,0	5,9	5,0
13,82	1,11	4,0	5,9	5,0
13,84	1,08	4,0	5,9	5,0
13,87	1,07	4,0	5,9	5,0
13,89	1,07	4,0	5,9	5,0
13,91	1,05	4,0	5,9	5,0
13,94	1,04	4,0	5,9	5,0
13,96	1,03	4,0	5,9	5,0
13,99	1,02	4,0	5,9	5,0
14,01	1,01	4,0	5,9	5,0
14,04	0,99	4,0	5,9	5,0
14,06	0,98	4,0	5,9	5,0
14,09	0,97	4,0	5,9	5,0
14,11	0,96	4,0	5,9	5,0
14,13	0,94	4,0	5,9	5,0
14,16	0,93	4,0	5,9	5,0
14,18	0,93	4,0	5,9	5,0
14,21	0,91	4,0	5,9	5,0
14,23	0,90	4,0	5,9	5,0
14,26	0,89	4,0	5,9	5,0
14,28	0,88	4,0	5,9	5,0
14,31	0,87	4,0	5,9	5,0
14,33	0,85	4,0	5,9	5,0
14,35	0,84	4,0	5,9	5,0
14,38	0,82	4,0	5,9	5,0
14,40	0,82	4,0	5,9	5,0
14,43	0,81	4,0	5,9	5,0
14,45	0,79	4,0	5,9	5,0
14,48	0,78	4,0	5,9	5,0
14,50	0,77	4,0	5,9	5,0
14,52	0,76	4,0	5,9	5,0
14,55	0,74	4,0	5,9	5,0
14,57	0,72	4,0	5,9	5,0
14,60	0,72	4,0	5,9	5,0
14,62	0,70	4,0	5,9	5,0
14,65	0,68	4,0	5,9	5,0
14,67	0,67	4,0	5,9	5,0
14,70	0,67	4,0	5,9	5,0
14,72	0,66	4,0	5,9	5,0
14,74	0,64	4,0	5,9	5,0
14,77	0,63	4,0	5,9	5,0
14,79	0,62	4,0	5,9	5,0
14,82	0,61	4,0	5,9	5,0
14,84	0,59	4,0	5,9	5,0
14,87	0,57	4,0	5,9	5,0
14,89	0,57	4,0	5,9	5,0
14,92	0,55	4,0	5,9	5,0
14,94	0,54	4,0	5,9	5,0
14,96	0,53	4,0	5,9	5,0
14,99	0,52	4,0	5,9	5,0
15,01	0,51	4,0	5,9	5,0
15,04	0,50	4,0	5,9	5,0
15,06	0,47	4,0	5,9	5,0
15,09	0,46	4,0	5,9	5,0
15,11	0,46	4,0	5,9	5,0
15,14	0,45	4,0	5,9	5,0
15,16	0,43	4,0	5,9	5,0
15,18	0,42	4,0	5,9	5,0
15,21	0,41	4,0	5,9	5,0
15,23	0,41	4,0	5,9	5,0
15,26	0,39	4,0	5,9	5,0
15,28	0,37	4,0	5,9	5,0
15,31	0,37	4,0	5,9	5,0
15,33	0,36	4,0	5,9	5,0
15,36	0,34	4,0	5,9	5,0
15,38	0,34	4,0	5,9	5,0
15,40	0,34	4,0	5,9	5,0
15,43	0,33	4,0	5,9	5,0
15,45	0,31	4,0	5,9	5,0
15,48	0,30	4,0	5,9	5,0
15,50	0,31	4,0	5,9	5,0
15,53	0,30	4,0	5,9	5,0
15,55	0,28	4,0	5,9	5,0
15,57	0,27	4,0	5,9	5,0
15,60	0,27	4,0	5,9	5,0
15,62	0,27	4,0	5,9	5,0
15,65	0,25	4,0	5,9	5,0
15,67	0,25	4,0	5,9	5,0
15,70	0,25	4,0	5,9	5,0
15,72	0,25	4,0	5,9	5,0
15,75	0,23	4,0	5,9	5,0
15,77	0,23	4,0	5,9	5,0
15,79	0,23	4,0	5,9	5,0
15,82	0,22	4,0	5,9	5,0
15,84	0,21	4,0	5,9	5,0
15,87	0,21	4,0	5,9	5,0
15,89	0,21	4,0	5,9	5,0
15,92	0,20	4,0	5,9	5,0
15,94	0,20	4,0	5,9	5,0
15,97	0,20	4,0	5,9	5,0
15,99	0,20	4,0	5,9	5,0
16,01	0,19	4,0	5,9	5,0
16,04	0,18	4,0	5,9	5,0
16,06	0,18	4,0	5,9	5,0
16,09	0,18	4,0	5,9	5,0
16,11	0,18	4,0	5,9	5,0
16,14	0,17	4,0	5,9	5,0
16,16	0,17	4,0	5,9	5,0
16,19	0,17	4,0	5,9	5,0
16,21	0,17	4,0	5,9	5,0
16,23	0,16	4,0	5,9	5,0
16,26	0,17	4,0	5,9	5,0
16,28	0,17	4,0	5,9	5,0
16,31	0,16	4,0	5,9	5,0
16,33	0,16	4,0	5,9	5,0
16,36	0,17	4,0	5,9	5,0
16,38	0,17	4,0	5,9	5,0
16,41	0,16	4,0	5,9	5,0
16,43	0,16	4,0	5,9	5,0
16,45	0,17	4,0	5,9	5,0
16,48	0,17	4,0	5,9	5,0
16,50	0,16	4,0	5,9	5,0
16,53	0,17	4,0	5,9	5,0
16,55	0,18	4,0	5,9	5,0
16,58	0,18	4,0	5,9	5,0
16,60	0,17	4,0	5,9	5,0
16,63	0,17	4,0	5,9	5,0
16,65	0,19	4,0	5,9	5,0
16,67	0,19	4,0	5,9	5,0
16,70	0,18	4,0	5,9	5,0
16,72	0,19	4,0	5,9	5,0
16,75	0,20	4,0	5,9	5,0
16,77	0,20	4,0	5,9	5,0
16,80	0,21	4,0	5,9	5,0
16,82	0,21	4,0	5,9	5,0
16,84	0,22	4,0	5,9	5,0
16,87	0,23	4,0	5,9	5,0
16,89	0,23	4,0	5,9	5,0
16,92	0,24	4,0	5,9	5,0
16,94	0,24	4,0	5,9	5,0
16,97	0,26	4,0	5,9	5,0
16,99	0,26	4,0	5,9	5,0
17,02	0,27	4,0	5,9	5,0
17,04	0,28	4,0	5,9	5,0
17,06	0,29	4,0	5,9	5,0
17,09	0,31	4,0	5,9	5,0
17,11	0,32	4,0	5,9	5,0
17,14	0,33	4,0	5,9	5,0
17,16	0,35	4,0	5,9	5,0
17,19	0,36	4,0	5,9	5,0
17,21	0,37	4,0	5,9	5,0
17,24	0,39	4,0	5,9	5,0
17,26	0,41	4,0	5,9	5,0
17,28	0,43	4,0	5,9	5,0
17,31	0,44	4,0	5,9	5,0
17,33	0,46	4,0	5,9	5,0
17,36	0,49	4,0	5,9	5,0
17,38	0,50	4,0	5,9	5,0
17,41	0,52	4,0	5,9	5,0
17,43	0,54	4,0	5,9	5,0
17,46	0,55	4,0	5,9	5,0
17,48	0,58	4,0	5,9	5,0
17,50	0,60	4,0	5,9	5,0
17,53	0,62	4,0	5,9	5,0
17,55	0,64	4,0	5,9	5,0
17,58	0,66	4,0	5,9	5,0
17,60	0,69	4,0	5,9	5,0
17,63	0,70	4,0	5,9	5,0
17,65	0,72	4,0	5,9	5,0
17,68	0,75	4,0	5,9	5,0
17,70	0,77	4,0	5,9	5,0
17,72	0,78	4,0	5,9	5,0
17,75	0,80	4,0	5,9	5,0
17,77	0,83	4,0	5,9	5,0
17,80	0,85	4,0	5,9	5,0
17,82	0,87	4,0	5,9	5,0
17,85	0,89	4,0	5,9	5,0
17,87	0,91	4,0	5,9	5,0
17,89	0,93	4,0	5,9	5,0
17,92	0,95	4,0	5,9	5,0
17,94	0,96	4,0	5,9	5,0
17,97	0,99	4,0	5,9	5,0
17,99	1,02	4,0	5,9	5,0
18,02	1,03	4,0	5,9	5,0
18,04	1,05	4,0	5,9	5,0
18,07	1,08	4,0	5,9	5,0
18,09	1,10	4,0	5,9	5,0
18,11	1,11	4,0	5,9	5,0
18,14	1,13	4,0	5,9	5,0
18,16	1,16	4,0	5,9	5,0
18,19	1,18	4,0	5,9	5,0
18,21	1,18	4,0	5,9	5,0
18,24	1,21	4,0	5,9	5,0
18,26	1,24	4,0	5,9	5,0
18,29	1,26	4,0	5,9	5,0
18,31	1,27	4,0	5,9	5,0
18,33	1,29	4,0	5,9	5,0
18,36	1,32	4,0	5,9	5,0
18,38	1,34	4,0	5,9	5,0
18,41	1,35	4,0	5,9	5,0
18,43	1,37	4,0	5,9	5,0
18,46	1,39	4,0	5,9	5,0
18,48	1,41	4,0	5,9	5,0
18,51	1,42	4,0	5,9	5,0
18,53	1,44	4,0	5,9	5,0
18,55	1,47	4,0	5,9	5,0
18,58	1,49	4,0	5,9	5,0
18,60	1,50	4,0	5,9	5,0
18,63	1,52	4,0	5,9	5,0
18,65	1,55	4,0	5,9	5,0
18,68	1,57	4,0	5,9	5,0
18,70	1,58	4,0	5,9	5,0
18,73	1,59	4,0	5,9	5,0
18,75	1,63	4,0	5,9	5,0
18,77	1,65	4,0	5,9	5,0
18,80	1,65	4,0	5,9	5,0
18,82	1,67	4,0	5,9	5,0
18,85	1,70	4,0	5,9	5,0
18,87	1,72	4,0	5,9	5,0
18,90	1,73	4,0	5,9	5,0
18,92	1,75	4,0	5,9	5,0
18,94	1,78	4,0	5,9	5,0
18,97	1,79	4,0	5,9	5,0
18,99	1,80	4,0	5,9	5,0
19,02	1,83	4,0	5,9	5,0
19,04	1,85	4,0	5,9	5,0
19,07	1,87	4,0	5,9	5,0
19,09	1,88	4,0	5,9	5,0
19,12	1,90	4,0	5,9	5,0
19,14	1,93	4,0	5,9	5,0
19,16	1,95	4,0	5,9	5,0
19,19	1,96	4,0	5,9	5,0
19,21	1,99	4,0	5,9	5,0
19,24	2,00	4,0	5,9	5,0
19,26	2,03	4,0	5,9	5,0
19,29	2,04	4,0	5,9	5,0
19,31	2,06	4,0	5,9	5,0
19,34	2,08	4,0	5,9	5,0
19,36	2,10	4,0	5,9	5,0
19,38	2,12	4,0	5,9	5,0
19,41	2,13	4,0	5,9	5,0
19,43	2,15	4,0	5,9	5,0
19,46	2,18	4,0	5,9	5,0
19,48	2,19	4,0	5,9	5,0
19,51	2,21	4,0	5,9	5,0
19,53	2,23	4,0	5,9	5,0
19,56	2,25	4,0	5,9	5,0
19,58	2,27	4,0	5,9	5,0
19,60	2,28	4,0	5,9	5,0
19,63	2,30	4,0	5,9	5,0
19,65	2,32	4,0	5,9	5,0
19,68	2,34	4,0	5,9	5,0
19,70	2,35	4,0	5,9	5,0
19,73	2,37	4,0	5,9	5,0
19,75	2,39	4,0	5,9	5,0
19,78	2,41	4,0	5,9	5,0
19,80	2,42	4,0	5,9	5,0
19,82	2,44	4,0	5,9	5,0
19,85	2,46	4,0	5,9	5,0
19,87	2,48	4,0	5,9	5,0
19,90	2,50	4,0	5,9	5,0
19,92	2,50	4,0	5,9	5,0
19,95	2,53	4,0	5,9	5,0
19,97	2,55	4,0	5,9	5,0
19,99	2,57	4,0	5,9	5,0
20,02	2,58	4,0	5,9	5,0
20,04	2,60	4,0	5,9	5,0
20,07	2,62	4,0	5,9	5,0
20,09	2,63	4,0	5,9	5,0
20,12	2,64	4,0	5,9	5,0
20,14	2,65	4,0	5,9	5,0
20,17	2,68	4,0	5,9	5,0
20,19	2,70	4,0	5,9	5,0
20,21	2,70	4,0	5,9	5,0
20,24	2,72	4,0	5,9	5,0
20,26	2,75	4,0	5,9	5,0
20,29	2,77	4,0	5,9	5,0
20,31	2,77	4,0	5,9	5,0
20,34	2,79	4,0	5,9	5,0
20,36	2,81	4,0	5,9	5,0
20,39	2,83	4,0	5,9	5,0
20,41	2,84	4,0	5,9	5,0
20,43	2,85	4,0	5,9	5,0
20,46	2,88	4,0	5,9	5,0
20,48	2,89	4,0	5,9	5,0
20,51	2,90	4,0	5,9	5,0
20,53	2,92	4,0	5,9	5,0
20,56	2,94	4,0	5,9	5,0
20,58	2,95	4,0	5,9	5,0
20,61	2,95	4,0	5,9	5,0
20,63	2,97	4,0	5,9	5,0
20,65	3,00	4,0	5,9	5,0
20,68	3,01	4,0	5,9	5,0
20,70	3,02	4,0	5,9	5,0
20,73	3,04	4,0	5,9	5,0
20,75	3,06	4,0	5,9	5,0
20,78	3,07	4,0	5,9	5,0
20,80	3,08	4,0	5,9	5,0
20,83	3,09	4,0	5,9	5,0
20,85	3,11	4,0	5,9	5,0
20,87	3,12	4,0	5,9	5,0
20,90	3,13	4,0	5,9	5,0
20,92	3,15	4,0	5,9	5,0
20,95	3,17	4,0	5,9	5,0
20,97	3,18	4,0	5,9	5,0
21,00	3,19	4,0	5,9	5,0
21,02	3,20	4,0	5,9	5,0
21,05	3,22	4,0	5,9	5,0
21,07	3,23	4,0	5,9	5,0
21,09	3,23	4,0	5,9	5,0
21,12	3,25	4,0	5,9	5,0
21,14	3,27	4,0	5,9	5,0
21,17	3,28	4,0	5,9	5,0
21,19	3,29	4,0	5,9	5,0
21,22	3,31	4,0	5,9	5,0
21,24	3,32	4,0	5,9	5,0
21,26	3,33	4,0	5,9	5,0
21,29	3,34	4,0	5,9	5,0
21,31	3,35	4,0	5,9	5,0
21,34	3,37	4,0	5,9	5,0
21,36	3,37	4,0	5,9	5,0
21,39	3,38	4,0	5,9	5,0
21,41	3,40	4,0	5,9	5,0
21,44	3,42	4,0	5,9	5,0
21,46	3,42	4,0	5,9	5,0
21,48	3,43	4,0	5,9	5,0
21,51	3,45	4,0	5,9	5,0
21,53	3,46	4,0	5,9	5,0
21,56	3,47	4,0	5,9	5,0
21,58	3,47	4,0	5,9	5,0
21,61	3,50	4,0	5,9	5,0
21,63	3,51	4,0	5,9	5,0
21,66	3,51	4,0	5,9	5,0
21,68	3,52	4,0	5,9	5,0
21,70	3,52	4,0	5,9	5,0
21,73	3,54	4,0	5,9	5,0
21,75	3,56	4,0	5,9	5,0
21,78	3,56	4,0	5,9	5,0
21,80	3,57	4,0	5,9	5,0
21,83	3,58	4,0	5,9	5,0
21,85	3,60	4,0	5,9	5,0
21,88	3,61	4,0	5,9	5,0
21,90	3,62	4,0	5,9	5,0
21,92	3,64	4,0	5,9	5,0
21,95	3,65	4,0	5,9	5,0
21,97	3,66	4,0	5,9	5,0
22,00	3,67	4,0	5,9	5,0
22,02	3,67	4,0	5,9	5,0
22,05	3,69	4,0	5,9	5,0
22,07	3,69	4,0	5,9	5,0
22,10	3,70	4,0	5,9	5,0
22,12	3,72	4,0	5,9	5,0
22,14	3,73	4,0	5,9	5,0
22,17	3,73	4,0	5,9	5,0
22,19	3,74	4,0	5,9	5,0
22,22	3,76	4,0	5,9	5,0
22,24	3,77	4,0	5,9	5,0
22,27	3,77	4,0	5,9	5,0
22,29	3,78	4,0	5,9	5,0
22,31	3,80	4,0	5,9	5,0
22,34	3,81	4,0	5,9	5,0
22,36	3,84	4,0	5,9	5,0
22,39	3,84	4,0	5,9	5,0
22,41	3,84	4,0	5,9	5,0
22,44	3,86	4,0	5,9	5,0
22,46	3,87	4,0	5,9	5,0
22,49	3,87	4,0	5,9	5,0
22,51	3,87	4,0	5,9	5,0
22,53	3,89	4,0	5,9	5,0
22,56	3,91	4,0	5,9	5,0
22,58	3,91	4,0	5,9	5,0
22,61	3,91	4,0	5,9	5,0
22,63	3,93	4,0	5,9	5,0
22,66	3,94	4,0	5,9	5,0
22,68	3,95	4,0	5,9	5,0
22,71	3,95	4,0	5,9	5,0
22,73	3,97	4,0	5,9	5,0
22,75	3,98	4,0	5,9	5,0
22,78	3,99	4,0	5,9	5,0
22,80	3,99	4,0	5,9	5,0
22,83	4,01	4,0	5,9	5,0
22,85	4,02	4,0	5,9	5,0
22,88	4,02	4,0	5,9	5,0
22,90	4,03	4,0	5,9	5,0
22,93	4,04	4,0	5,9	5,0
22,95	4,05	4,0	5,9	5,0
22,97	4,05	4,0	5,9	5,0
23,00	4,06	4,0	5,9	5,0
23,02	4,07	4,0	5,9	5,0
23,05	4,08	4,0	5,9	5,0
23,07	4,09	4,0	5,9	5,0
23,10	4,10	4,0	5,9	5,0
23,12	4,11	4,0	5,9	5,0
23,15	4,13	4,0	5,9	5,0
23,17	4,13	4,0	5,9	5,0
23,19	4,13	4,0	5,9	5,0
23,22	4,15	4,0	5,9	5,0
23,24	4,16	4,0	5,9	5,0
23,27	4,16	4,0	5,9	5,0
23,29	4,17	4,0	5,9	5,0
23,32	4,18	4,0	5,9	5,0
23,34	4,19	4,0	5,9	5,0
23,36	4,19	4,0	5,9	5,0
23,39	4,20	4,0	5,9	5,0
23,41	4,22	4,0	5,9	5,0
23,44	4,22	4,0	5,9	5,0
23,46	4,22	4,0	5,9	5,0
23,49	4,23	4,0	5,9	5,0
23,51	4,25	4,0	5,9	5,0
23,54	4,26	4,0	5,9	5,0
23,56	4,25	4,0	5,9	5,0
23,58	4,27	4,0	5,9	5,0
23,61	4,28	4,0	5,9	5,0
23,63	4,29	4,0	5,9	5,0
23,66	4,29	4,0	5,9	5,0
23,68	4,30	4,0	5,9	5,0
23,71	4,31	4,0	5,9	5,0
23,73	4,31	4,0	5,9	5,0
23,76	4,31	4,0	5,9	5,0
23,78	4,32	4,0	5,9	5,0
23,80	4,34	4,0	5,9	5,0
23,83	4,34	4,0	5,9	5,0
23,85	4,34	4,0	5,9	5,0
23,88	4,35	4,0	5,9	5,0
23,90	4,37	4,0	5,9	5,0
23,93	4,37	4,0	5,9	5,0
23,95	4,37	4,0	5,9	5,0
23,98	4,38	4,0	5,9	5,0
24,00	4,39	4,0	5,9	5,0
24,02	4,39	4,0	5,9	5,0
24,05	4,39	4,0	5,9	5,0
24,07	4,41	4,0	5,9	5,0
24,10	4,42	4,0	5,9	5,0
24,12	4,43	4,0	5,9	5,0
24,15	4,44	4,0	5,9	5,0
24,17	4,44	4,0	5,9	5,0
24,20	4,44	4,0	5,9	5,0
24,22	4,46	4,0	5,9	5,0
24,24	4,46	4,0	5,9	5,0
24,27	4,47	4,0	5,9	5,0
24,29	4,47	4,0	5,9	5,0
24,32	4,48	4,0	5,9	5,0
24,34	4,49	4,0	5,9	5,0
24,37	4,49	4,0	5,9	5,0
24,39	4,50	4,0	5,9	5,0
24,42	4,51	4,0	5,9	5,0
24,44	4,51	4,0	5,9	5,0
24,46	4,52	4,0	5,9	5,0
24,49	4,52	4,0	5,9	5,0
24,51	4,54	4,0	5,9	5,0
24,54	4,54	4,0	5,9	5,0
24,56	4,54	4,0	5,9	5,0
24,59	4,55	4,0	5,9	5,0
24,61	4,56	4,0	5,9	5,0
24,63	4,56	4,0	5,9	5,0
24,66	4,56	4,0	5,9	5,0
24,68	4,57	4,0	5,9	5,0
24,71	4,58	4,0	5,9	5,0
24,73	4,59	4,0	5,9	5,0
24,76	4,59	4,0	5,9	5,0
24,78	4,59	4,0	5,9	5,0
24,81	4,59	4,0	5,9	5,0
24,83	4,61	4,0	5,9	5,0
24,85	4,62	4,0	5,9	5,0
24,88	4,61	4,0	5,9	5,0
24,90	4,62	4,0	5,9	5,0
24,93	4,63	4,0	5,9	5,0
24,95	4,63	4,0	5,9	5,0
24,98	4,63	4,0	5,9	5,0
25,00	4,64	4,0	5,9	5,0
25,03	4,65	4,0	5,9	5,0
25,05	4,66	4,0	5,9	5,0
25,07	4,65	4,0	5,9	5,0
25,10	4,66	4,0	5,9	5,0
25,12	4,67	4,0	5,9	5,0
25,15	4,67	4,0	5,9	5,0
25,17	4,67	4,0	5,9	5,0
25,20	4,67	4,0	5,9	5,0
25,22	4,69	4,0	5,9	5,0
25,25	4,69	4,0	5,9	5,0
25,27	4,69	4,0	5,9	5,0
25,29	4,70	4,0	5,9	5,0
25,32	4,71	4,0	5,9	5,0
25,34	4,71	4,0	5,9	5,0
25,37	4,70	4,0	5,9	5,0
25,39	4,71	4,0	5,9	5,0
25,42	4,72	4,0	5,9	5,0
25,44	4,72	4,0	5,9	5,0
25,47	4,72	4,0	5,9	5,0
25,49	4,73	4,0	5,9	5,0
25,51	4,74	4,0	5,9	5,0
25,54	4,74	4,0	5,9	5,0
25,56	4,74	4,0	5,9	5,0
25,59	4,74	4,0	5,9	5,0
25,61	4,75	4,0	5,9	5,0
25,64	4,75	4,0	5,9	5,0
25,66	4,74	4,0	5,9	5,0
25,68	4,75	4,0	5,9	5,0
25,71	4,76	4,0	5,9	5,0
25,73	4,76	4,0	5,9	5,0
25,76	4,76	4,0	5,9	5,0
25,78	4,77	4,0	5,9	5,0
25,81	4,78	4,0	5,9	5,0
25,83	4,78	4,0	5,9	5,0
25,86	4,77	4,0	5,9	5,0
25,88	4,78	4,0	5,9	5,0
25,90	4,79	4,0	5,9	5,0
25,93	4,79	4,0	5,9	5,0
25,95	4,78	4,0	5,9	5,0
25,98	4,79	4,0	5,9	5,0
26,00	4,80	4,0	5,9	5,0
26,03	4,80	4,0	5,9	5,0
26,05	4,79	4,0	5,9	5,0
26,08	4,80	4,0	5,9	5,0
26,10	4,81	4,0	5,9	5,0
26,12	4,81	4,0	5,9	5,0
26,15	4,80	4,0	5,9	5,0
26,17	4,81	4,0	5,9	5,0
26,20	4,82	4,0	5,9	5,0
26,22	4,81	4,0	5,9	5,0
26,25	4,81	4,0	5,9	5,0
26,27	4,82	4,0	5,9	5,0
26,30	4,83	4,0	5,9	5,0
26,32	4,83	4,0	5,9	5,0
26,34	4,82	4,0	5,9	5,0
26,37	4,83	4,0	5,9	5,0
26,39	4,84	4,0	5,9	5,0
26,42	4,83	4,0	5,9	5,0
26,44	4,83	4,0	5,9	5,0
26,47	4,84	4,0	5,9	5,0
26,49	4,85	4,0	5,9	5,0
26,52	4,84	4,0	5,9	5,0
26,54	4,84	4,0	5,9	5,0
26,56	4,84	4,0	5,9	5,0
26,59	4,85	4,0	5,9	5,0
26,61	4,86	4,0	5,9	5,0
26,64	4,86	4,0	5,9	5,0
26,66	4,85	4,0	5,9	5,0
26,69	4,86	4,0	5,9	5,0
26,71	4,87	4,0	5,9	5,0
26,73	4,87	4,0	5,9	5,0
26,76	4,87	4,0	5,9	5,0
26,78	4,87	4,0	5,9	5,0
26,81	4,88	4,0	5,9	5,0
26,83	4,88	4,0	5,9	5,0
26,86	4,87	4,0	5,9	5,0
26,88	4,88	4,0	5,9	5,0
26,91	4,89	4,0	5,9	5,0
26,93	4,88	4,0	5,9	5,0
26,95	4,88	4,0	5,9	5,0
26,98	4,89	4,0	5,9	5,0
27,00	4,89	4,0	5,9	5,0
27,03	4,90	4,0	5,9	5,0
27,05	4,89	4,0	5,9	5,0
27,08	4,90	4,0	5,9	5,0
27,10	4,91	4,0	5,9	5,0
27,13	4,90	4,0	5,9	5,0
27,15	4,90	4,0	5,9	5,0
27,17	4,91	4,0	5,9	5,0
27,20	4,91	4,0	5,9	5,0
27,22	4,91	4,0	5,9	5,0
27,25	4,91	4,0	5,9	5,0
27,27	4,91	4,0	5,9	5,0
27,30	4,91	4,0	5,9	5,0
27,32	4,92	4,0	5,9	5,0
27,35	4,91	4,0	5,9	5,0
27,37	4,90	4,0	5,9	5,0
27,39	4,91	4,0	5,9	5,0
27,42	4,92	4,0	5,9	5,0
27,44	4,92	4,0	5,9	5,0
27,47	4,92	4,0	5,9	5,0
27,49	4,92	4,0	5,9	5,0
27,52	4,93	4,0	5,9	5,0
27,54	4,92	4,0	5,9	5,0
27,57	4,91	4,0	5,9	5,0
27,59	4,92	4,0	5,9	5,0
27,61	4,93	4,0	5,9	5,0
27,64	4,92	4,0	5,9	5,0
27,66	4,91	4,0	5,9	5,0
27,69	4,92	4,0	5,9	5,0
27,71	4,93	4,0	5,9	5,0
27,74	4,92	4,0	5,9	5,0
27,76	4,91	4,0	5,9	5,0
27,78	4,92	4,0	5,9	5,0
27,81	4,93	4,0	5,9	5,0
27,83	4,93	4,0	5,9	5,0
27,86	4,92	4,0	5,9	5,0
27,88	4,93	4,0	5,9	5,0
27,91	4,94	4,0	5,9	5,0
27,93	4,94	4,0	5,9	5,0
27,96	4,93	4,0	5,9	5,0
27,98	4,94	4,0	5,9	5,0
28,00	4,94	4,0	5,9	5,0
28,03	4,93	4,0	5,9	5,0
28,05	4,93	4,0	5,9	5,0
28,08	4,94	4,0	5,9	5,0
28,10	4,94	4,0	5,9	5,0
28,13	4,93	4,0	5,9	5,0
28,15	4,93	4,0	5,9	5,0
28,18	4,94	4,0	5,9	5,0
28,20	4,94	4,0	5,9	5,0
28,22	4,94	4,0	5,9	5,0
28,25	4,93	4,0	5,9	5,0
28,27	4,94	4,0	5,9	5,0
28,30	4,94	4,0	5,9	5,0
28,32	4,93	4,0	5,9	5,0
28,35	4,93	4,0	5,9	5,0
28,37	4,94	4,0	5,9	5,0
28,40	4,95	4,0	5,9	5,0
28,42	4,94	4,0	5,9	5,0
28,44	4,94	4,0	5,9	5,0
28,47	4,95	4,0	5,9	5,0
28,49	4,95	4,0	5,9	5,0
28,52	4,94	4,0	5,9	5,0
28,54	4,94	4,0	5,9	5,0
28,57	4,94	4,0	5,9	5,0
28,59	4,94	4,0	5,9	5,0
28,62	4,94	4,0	5,9	5,0
28,64	4,94	4,0	5,9	5,0
28,66	4,95	4,0	5,9	5,0
28,69	4,96	4,0	5,9	5,0
28,71	4,95	4,0	5,9	5,0
28,74	4,95	4,0	5,9	5,0
28,76	4,96	4,0	5,9	5,0
28,79	4,95	4,0	5,9	5,0
28,81	4,95	4,0	5,9	5,0
28,84	4,95	4,0	5,9	5,0
28,86	4,96	4,0	5,9	5,0
28,88	4,96	4,0	5,9	5,0
28,91	4,95	4,0	5,9	5,0
28,93	4,96	4,0	5,9	5,0
28,96	4,96	4,0	5,9	5,0
28,98	4,96	4,0	5,9	5,0
29,01	4,96	4,0	5,9	5,0
29,03	4,95	4,0	5,9	5,0
29,05	4,95	4,0	5,9	5,0
29,08	4,96	4,0	5,9	5,0
29,10	4,96	4,0	5,9	5,0
29,13	4,95	4,0	5,9	5,0
29,15	4,95	4,0	5,9	5,0
29,18	4,96	4,0	5,9	5,0
29,20	4,96	4,0	5,9	5,0
29,23	4,95	4,0	5,9	5,0
29,25	4,95	4,0	5,9	5,0
29,27	4,95	4,0	5,9	5,0
29,30	4,95	4,0	5,9	5,0
29,32	4,95	4,0	5,9	5,0
29,35	4,94	4,0	5,9	5,0
29,37	4,95	4,0	5,9	5,0
29,40	4,95	4,0	5,9	5,0
29,42	4,94	4,0	5,9	5,0
29,45	4,95	4,0	5,9	5,0
29,47	4,94	4,0	5,9	5,0
29,49	4,94	4,0	5,9	5,0
29,52	4,93	4,0	5,9	5,0
29,54	4,93	4,0	5,9	5,0
29,57	4,94	4,0	5,9	5,0
29,59	4,94	4,0	5,9	5,0
29,62	4,93	4,0	5,9	5,0
29,64	4,93	4,0	5,9	5,0
29,67	4,92	4,0	5,9	5,0
29,69	4,93	4,0	5,9	5,0
29,71	4,93	4,0	5,9	5,0
29,74	4,91	4,0	5,9	5,0
29,76	4,91	4,0	5,9	5,0
29,79	4,91	4,0	5,9	5,0
29,81	4,91	4,0	5,9	5,0
29,84	4,90	4,0	5,9	5,0
29,86	4,89	4,0	5,9	5,0
29,89	4,89	4,0	5,9	5,0
29,91	4,88	4,0	5,9	5,0
29,93	4,86	4,0	5,9	5,0
29,96	4,84	4,0	5,9	5,0
29,98	4,84	4,0	5,9	5,0
30,01	4,83	4,0	5,9	5,0
30,03	4,81	4,0	5,9	5,0
30,06	4,79	4,0	5,9	5,0
30,08	4,79	4,0	5,9	5,0
30,10	4,78	4,0	5,9	5,0
30,13	4,76	4,0	5,9	5,0
30,15	4,74	4,0	5,9	5,0
30,18	4,72	4,0	5,9	5,0
30,20	4,71	4,0	5,9	5,0
30,23	4,68	4,0	5,9	5,0
30,25	4,65	4,0	5,9	5,0
30,28	4,64	4,0	5,9	5,0
30,30	4,62	4,0	5,9	5,0
30,32	4,59	4,0	5,9	5,0
30,35	4,56	4,0	5,9	5,0
30,37	4,55	4,0	5,9	5,0
30,40	4,52	4,0	5,9	5,0
30,42	4,49	4,0	5,9	5,0
30,45	4,46	4,0	5,9	5,0
30,47	4,44	4,0	5,9	5,0
30,50	4,41	4,0	5,9	5,0
30,52	4,37	4,0	5,9	5,0
30,54	4,35	4,0	5,9	5,0
30,57	4,33	4,0	5,9	5,0
30,59	4,30	4,0	5,9	5,0
30,62	4,26	4,0	5,9	5,0
30,64	4,23	4,0	5,9	5,0
30,67	4,20	4,0	5,9	5,0
30,69	4,17	4,0	5,9	5,0
30,72	4,13	4,0	5,9	5,0
30,74	4,09	4,0	5,9	5,0
30,76	4,07	4,0	5,9	5,0
30,79	4,03	4,0	5,9	5,0
30,81	3,99	4,0	5,9	5,0
30,84	3,96	4,0	5,9	5,0
30,86	3,94	4,0	5,9	5,0
30,89	3,89	4,0	5,9	5,0
30,91	3,85	4,0	5,9	5,0
30,94	3,82	4,0	5,9	5,0
30,96	3,80	4,0	5,9	5,0
30,98	3,76	4,0	5,9	5,0
31,01	3,71	4,0	5,9	5,0
31,03	3,69	4,0	5,9	5,0
31,06	3,66	4,0	5,9	5,0
31,08	3,62	4,0	5,9	5,0
31,11	3,58	4,0	5,9	5,0
31,13	3,55	4,0	5,9	5,0
31,15	3,53	4,0	5,9	5,0
31,18	3,48	4,0	5,9	5,0
31,20	3,44	4,0	5,9	5,0
31,23	3,42	4,0	5,9	5,0
31,25	3,39	4,0	5,9	5,0
31,28	3,35	4,0	5,9	5,0
31,30	3,31	4,0	5,9	5,0
31,33	3,28	4,0	5,9	5,0
31,35	3,26	4,0	5,9	5,0
31,37	3,22	4,0	5,9	5,0
31,40	3,18	4,0	5,9	5,0
31,42	3,15	4,0	5,9	5,0
31,45	3,12	4,0	5,9	5,0
31,47	3,09	4,0	5,9	5,0
31,50	3,06	4,0	5,9	5,0
31,52	3,02	4,0	5,9	5,0
31,55	2,99	4,0	5,9	5,0
31,57	2,96	4,0	5,9	5,0
31,59	2,93	4,0	5,9	5,0
31,62	2,89	4,0	5,9	5,0
31,64	2,86	4,0	5,9	5,0
31,67	2,83	4,0	5,9	5,0
31,69	2,80	4,0	5,9	5,0
31,72	2,76	4,0	5,9	5,0
31,74	2,73	4,0	5,9	5,0
31,77	2,70	4,0	5,9	5,0
31,79	2,67	4,0	5,9	5,0
31,81	2,63	4,0	5,9	5,0
31,84	2,60	4,0	5,9	5,0
31,86	2,57	4,0	5,9	5,0
31,89	2,53	4,0	5,9	5,0
31,91	2,49	4,0	5,9	5,0
31,94	2,46	4,0	5,9	5,0
31,96	2,43	4,0	5,9	5,0
31,99	2,40	4,0	5,9	5,0
32,01	2,36	4,0	5,9	5,0
32,03	2,33	4,0	5,9	5,0
32,06	2,30	4,0	5,9	5,0
32,08	2,26	4,0	5,9	5,0
32,11	2,23	4,0	5,9	5,0
32,13	2,19	4,0	5,9	5,0
32,16	2,16	4,0	5,9	5,0
32,18	2,14	4,0	5,9	5,0
32,20	2,10	4,0	5,9	5,0
32,23	2,06	4,0	5,9	5,0
32,25	2,03	4,0	5,9	5,0
32,28	2,01	4,0	5,9	5,0
32,30	1,98	4,0	5,9	5,0
32,33	1,94	4,0	5,9	5,0
32,35	1,91	4,0	5,9	5,0
32,38	1,89	4,0	5,9	5,0
32,40	1,86	4,0	5,9	5,0
32,42	1,82	4,0	5,9	5,0
32,45	1,79	4,0	5,9	5,0
32,47	1,77	4,0	5,9	5,0
32,50	1,75	4,0	5,9	5,0
32,52	1,71	4,0	5,9	5,0
32,55	1,69	4,0	5,9	5,0
32,57	1,67	4,0	5,9	5,0
32,60	1,63	4,0	5,9	5,0
32,62	1,60	4,0	5,9	5,0
32,64	1,58	4,0	5,9	5,0
32,67	1,56	4,0	5,9	5,0
32,69	1,53	4,0	5,9	5,0
32,72	1,50	4,0	5,9	5,0
32,74	1,48	4,0	5,9	5,0
32,77	1,46	4,0	5,9	5,0
32,79	1,43	4,0	5,9	5,0
32,82	1,40	4,0	5,9	5,0
32,84	1,38	4,0	5,9	5,0
32,86	1,37	4,0	5,9	5,0
32,89	1,34	4,0	5,9	5,0
32,91	1,31	4,0	5,9	5,0
32,94	1,30	4,0	5,9	5,0
32,96	1,28	4,0	5,9	5,0
32,99	1,25	4,0	5,9	5,0
33,01	1,23	4,0	5,9	5,0
33,04	1,21	4,0	5,9	5,0
33,06	1,20	4,0	5,9	5,0
33,08	1,17	4,0	5,9	5,0
33,11	1,14	4,0	5,9	5,0
33,13	1,13	4,0	5,9	5,0
33,16	1,12	4,0	5,9	5,0
33,18	1,09	4,0	5,9	5,0
33,21	1,07	4,0	5,9	5,0
33,23	1,06	4,0	5,9	5,0
33,26	1,05	4,0	5,9	5,0
33,28	1,03	4,0	5,9	5,0
33,30	1,00	4,0	5,9	5,0
33,33	1,00	4,0	5,9	5,0
33,35	0,99	4,0	5,9	5,0
33,38	0,96	4,0	5,9	5,0
33,40	0,95	4,0	5,9	5,0
33,43	0,94	4,0	5,9	5,0
33,45	0,93	4,0	5,9	5,0
33,47	0,91	4,0	5,9	5,0
33,50	0,90	4,0	5,9	5,0
33,52	0,90	4,0	5,9	5,0
33,55	0,89	4,0	5,9	5,0
33,57	0,87	4,0	5,9	5,0
33,60	0,86	4,0	5,9	5,0
33,62	0,86	4,0	5,9	5,0
33,65	0,86	4,0	5,9	5,0
33,67	0,84	4,0	5,9	5,0
33,69	0,83	4,0	5,9	5,0
33,72	0,84	4,0	5,9	5,0
33,74	0,84	4,0	5,9	5,0
33,77	0,83	4,0	5,9	5,0
33,79	0,83	4,0	5,9	5,0
33,82	0,83	4,0	5,9	5,0
33,84	0,84	4,0	5,9	5,0
33,87	0,83	4,0	5,9	5,0
33,89	0,84	4,0	5,9	5,0
33,91	0,83	4,0	5,9	5,0
33,94	0,84	4,0	5,9	5,0
33,96	0,85	4,0	5,9	5,0
33,99	0,85	4,0	5,9	5,0
34,01	0,85	4,0	5,9	5,0
34,04	0,87	4,0	5,9	5,0
34,06	0,88	4,0	5,9	5,0
34,09	0,88	4,0	5,9	5,0
34,11	0,89	4,0	5,9	5,0
34,13	0,91	4,0	5,9	5,0
34,16	0,92	4,0	5,9	5,0
34,18	0,92	4,0	5,9	5,0
34,21	0,94	4,0	5,9	5,0
34,23	0,95	4,0	5,9	5,0
34,26	0,97	4,0	5,9	5,0
34,28	0,97	4,0	5,9	5,0
34,31	0,98	4,0	5,9	5,0
34,33	1,00	4,0	5,9	5,0
34,35	1,01	4,0	5,9	5,0
34,38	1,02	4,0	5,9	5,0
34,40	1,04	4,0	5,9	5,0
34,43	1,06	4,0	5,9	5,0
34,45	1,07	4,0	5,9	5,0
34,48	1,09	4,0	5,9	5,0
34,50	1,10	4,0	5,9	5,0
34,52	1,12	4,0	5,9	5,0
34,55	1,13	4,0	5,9	5,0
34,57	1,15	4,0	5,9	5,0
34,60	1,16	4,0	5,9	5,0
34,62	1,17	4,0	5,9	5,0
34,65	1,20	4,0	5,9	5,0
34,67	1,22	4,0	5,9	5,0
34,70	1,23	4,0	5,9	5,0
34,72	1,24	4,0	5,9	5,0
34,74	1,26	4,0	5,9	5,0
34,77	1,28	4,0	5,9	5,0
34,79	1,29	4,0	5,9	5,0
34,82	1,30	4,0	5,9	5,0
34,84	1,33	4,0	5,9	5,0
34,87	1,36	4,0	5,9	5,0
34,89	1,37	4,0	5,9	5,0
34,92	1,38	4,0	5,9	5,0
34,94	1,41	4,0	5,9	5,0
34,96	1,43	4,0	5,9	5,0
34,99	1,44	4,0	5,9	5,0
35,01	1,45	4,0	5,9	5,0
35,04	1,48	4,0	5,9	5,0
35,06	1,50	4,0	5,9	5,0
35,09	1,51	4,0	5,9	5,0
35,11	1,52	4,0	5,9	5,0
35,14	1,55	4,0	5,9	5,0
35,16	1,58	4,0	5,9	5,0
35,18	1,59	4,0	5,9	5,0
35,21	1,60	4,0	5,9	5,0
35,23	1,63	4,0	5,9	5,0
35,26	1,65	4,0	5,9	5,0
35,28	1,66	4,0	5,9	5,0
35,31	1,68	4,0	5,9	5,0
35,33	1,72	4,0	5,9	5,0
35,36	1,74	4,0	5,9	5,0
35,38	1,75	4,0	5,9	5,0
35,40	1,77	4,0	5,9	5,0
35,43	1,81	4,0	5,9	5,0
35,45	1,83	4,0	5,9	5,0
35,48	1,85	4,0	5,9	5,0
35,50	1,86	4,0	5,9	5,0
35,53	1,90	4,0	5,9	5,0
35,55	1,93	4,0	5,9	5,0
35,57	1,94	4,0	5,9	5,0
35,60	1,96	4,0	5,9	5,0
35,62	2,00	4,0	5,9	5,0
35,65	2,03	4,0	5,9	5,0
35,67	2,05	4,0	5,9	5,0
35,70	2,07	4,0	5,9	5,0
35,72	2,11	4,0	5,9	5,0
35,75	2,14	4,0	5,9	5,0
35,77	2,15	4,0	5,9	5,0
35,79	2,18	4,0	5,9	5,0
35,82	2,22	4,0	5,9	5,0
35,84	2,25	4,0	5,9	5,0
35,87	2,27	4,0	5,9	5,0
35,89	2,30	4,0	5,9	5,0
35,92	2,34	4,0	5,9	5,0
35,94	2,37	4,0	5,9	5,0
35,97	2,39	4,0	5,9	5,0
35,99	2,42	4,0	5,9	5,0
36,01	2,46	4,0	5,9	5,0
36,04	2,49	4,0	5,9	5,0
36,06	2,52	4,0	5,9	5,0
36,09	2,55	4,0	5,9	5,0
36,11	2,59	4,0	5,9	5,0
36,14	2,62	4,0	5,9	5,0
36,16	2,64	4,0	5,9	5,0
36,19	2,68	4,0	5,9	5,0
36,21	2,72	4,0	5,9	5,0
36,23	2,74	4,0	5,9	5,0
36,26	2,77	4,0	5,9	5,0
36,28	2,81	4,0	5,9	5,0
36,31	2,85	4,0	5,9	5,0
36,33	2,88	4,0	5,9	5,0
36,36	2,92	4,0	5,9	5,0
36,38	2,95	4,0	5,9	5,0
36,41	2,97	4,0	5,9	5,0
36,43	3,02	4,0	5,9	5,0
36,45	3,05	4,0	5,9	5,0
36,48	3,08	4,0	5,9	5,0
36,50	3,11	4,0	5,9	5,0
36,53	3,15	4,0	5,9	5,0
36,55	3,19	4,0	5,9	5,0
36,58	3,21	4,0	5,9	5,0
36,60	3,25	4,0	5,9	5,0
36,62	3,29	4,0	5,9	5,0
36,65	3,32	4,0	5,9	5,0
36,67	3,35	4,0	5,9	5,0
36,70	3,38	4,0	5,9	5,0
36,72	3,42	4,0	5,9	5,0
36,75	3,46	4,0	5,9	5,0
36,77	3,49	4,0	5,9	5,0
36,80	3,52	4,0	5,9	5,0
36,82	3,56	4,0	5,9	5,0
36,84	3,60	4,0	5,9	5,0
36,87	3,63	4,0	5,9	5,0
36,89	3,67	4,0	5,9	5,0
36,92	3,70	4,0	5,9	5,0
36,94	3,73	4,0	5,9	5,0
36,97	3,76	4,0	5,9	5,0
36,99	3,79	4,0	5,9	5,0
37,02	3,83	4,0	5,9	5,0
37,04	3,87	4,0	5,9	5,0
37,06	3,91	4,0	5,9	5,0
37,09	3,94	4,0	5,9	5,0
37,11	3,97	4,0	5,9	5,0
37,14	4,01	4,0	5,9	5,0
37,16	4,05	4,0	5,9	5,0
37,19	4,08	4,0	5,9	5,0
37,21	4,11	4,0	5,9	5,0
37,24	4,15	4,0	5,9	5,0
37,26	4,20	4,0	5,9	5,0
37,28	4,22	4,0	5,9	5,0
37,31	4,26	4,0	5,9	5,0
37,33	4,30	4,0	5,9	5,0
37,36	4,34	4,0	5,9	5,0
37,38	4,36	4,0	5,9	5,0
37,41	4,39	4,0	5,9	5,0
37,43	4,43	4,0	5,9	5,0
37,46	4,47	4,0	5,9	5,0
37,48	4,50	4,0	5,9	5,0
37,50	4,53	4,0	5,9	5,0
37,53	4,58	4,0	5,9	5,0
37,55	4,61	4,0	5,9	5,0
37,58	4,64	4,0	5,9	5,0
37,60	4,68	4,0	5,9	5,0
37,63	4,72	4,0	5,9	5,0
37,65	4,76	4,0	5,9	5,0
37,68	4,78	4,0	5,9	5,0
37,70	4,82	4,0	5,9	5,0
37,72	4,87	4,0	5,9	5,0
37,75	4,90	4,0	5,9	5,0
37,77	4,93	4,0	5,9	5,0
37,80	4,96	4,0	5,9	5,0
37,82	5,01	4,0	5,9	5,0
37,85	5,03	4,0	5,9	5,0
37,87	5,06	4,0	5,9	5,0
37,89	5,10	4,0	5,9	5,0
37,92	5,14	4,0	5,9	5,0
37,94	5,17	4,0	5,9	5,0
37,97	5,21	4,0	5,9	5,0
37,99	5,25	4,0	5,9	5,0
38,02	5,29	4,0	5,9	5,0
38,04	5,32	4,0	5,9	5,0
38,07	5,35	4,0	5,9	5,0
38,09	5,40	4,0	5,9	5,0
38,11	5,43	4,0	5,9	5,0
38,14	5,46	4,0	5,9	5,0
38,16	5,49	4,0	5,9	5,0
38,19	5,53	4,0	5,9	5,0
38,21	5,57	4,0	5,9	5,0
38,24	5,60	4,0	5,9	5,0
38,26	5,63	4,0	5,9	5,0
38,29	5,68	4,0	5,9	5,0
38,31	5,71	4,0	5,9	5,0
38,33	5,74	4,0	5,9	5,0
38,36	5,77	4,0	5,9	5,0
38,38	5,81	4,0	5,9	5,0
38,41	5,85	4,0	5,9	5,0
38,43	5,88	4,0	5,9	5,0
38,46	5,91	4,0	5,9	5,0
38,48	5,96	4,0	5,9	5,0
38,51	6,00	4,0	5,9	5,0
38,53	6,02	4,0	5,9	5,0
38,55	6,05	4,0	5,9	5,0
38,58	6,09	4,0	5,9	5,0
38,60	6,13	4,0	5,9	5,0
38,63	6,15	4,0	5,9	5,0
38,65	6,18	4,0	5,9	5,0
38,68	6,23	4,0	5,9	5,0
38,70	6,27	4,0	5,9	5,0
38,73	6,29	4,0	5,9	5,0
38,75	6,32	4,0	5,9	5,0
38,77	6,36	4,0	5,9	5,0
38,80	6,40	4,0	5,9	5,0
38,82	6,43	4,0	5,9	5,0
38,85	6,46	4,0	5,9	5,0
38,87	6,49	4,0	5,9	5,0
38,90	6,53	4,0	5,9	5,0
38,92	6,57	4,0	5,9	5,0
38,94	6,60	4,0	5,9	5,0
38,97	6,63	4,0	5,9	5,0
38,99	6,67	4,0	5,9	5,0
39,02	6,71	4,0	5,9	5,0
39,04	6,74	4,0	5,9	5,0
39,07	6,77	4,0	5,9	5,0
39,09	6,81	4,0	5,9	5,0
39,12	6,85	4,0	5,9	5,0
39,14	6,87	4,0	5,9	5,0
39,16	6,90	4,0	5,9	5,0
39,19	6,94	4,0	5,9	5,0
39,21	6,98	4,0	5,9	5,0
39,24	7,01	4,0	5,9	5,0
39,26	7,03	4,0	5,9	5,0
39,29	7,07	4,0	5,9	5,0
39,31	7,11	4,0	5,9	5,0
39,34	7,13	4,0	5,9	5,0
39,36	7,16	4,0	5,9	5,0
39,38	7,20	4,0	5,9	5,0
39,41	7,23	4,0	5,9	5,0
39,43	7,27	4,0	5,9	5,0
39,46	7,30	4,0	5,9	5,0
39,48	7,33	4,0	5,9	5,0
39,51	7,36	4,0	5,9	5,0
39,53	7,40	4,0	5,9	5,0
39,56	7,43	4,0	5,9	5,0
39,58	7,45	4,0	5,9	5,0
39,60	7,49	4,0	5,9	5,0
39,63	7,53	4,0	5,9	5,0
39,65	7,55	4,0	5,9	5,0
39,68	7,58	4,0	5,9	5,0
39,70	7,62	4,0	5,9	5,0
39,73	7,66	4,0	5,9	5,0
39,75	7,68	4,0	5,9	5,0
39,78	7,71	4,0	5,9	5,0
39,80	7,75	4,0	5,9	5,0
39,82	7,78	4,0	5,9	5,0
39,85	7,80	4,0	5,9	5,0
39,87	7,83	4,0	5,9	5,0
39,90	7,87	4,0	5,9	5,0
39,92	7,91	4,0	5,9	5,0
39,95	7,94	4,0	5,9	5,0
39,97	7,96	4,0	5,9	5,0
39,99	8,01	4,0	5,9	5,0
40,02	8,04	4,0	5,9	5,0
40,04	8,06	4,0	5,9	5,0
40,07	8,08	4,0	5,9	5,0
40,09	8,12	4,0	5,9	5,0
40,12	8,16	4,0	5,9	5,0
40,14	8,18	4,0	5,9	5,0
40,17	8,20	4,0	5,9	5,0
40,19	8,25	4,0	5,9	5,0
40,21	8,28	4,0	5,9	5,0
40,24	8,30	4,0	5,9	5,0
40,26	8,32	4,0	5,9	5,0
40,29	8,36	4,0	5,9	5,0
40,31	8,40	4,0	5,9	5,0
40,34	8,41	4,0	5,9	5,0
40,36	8,44	4,0	5,9	5,0
40,39	8,49	4,0	5,9	5,0
40,41	8,52	4,0	5,9	5,0
40,43	8,54	4,0	5,9	5,0
40,46	8,56	4,0	5,9	5,0
40,48	8,60	4,0	5,9	5,0
40,51	8,63	4,0	5,9	5,0
40,53	8,65	4,0	5,9	5,0
40,56	8,67	4,0	5,9	5,0
40,58	8,71	4,0	5,9	5,0
40,61	8,74	4,0	5,9	5,0
40,63	8,76	4,0	5,9	5,0
40,65	8,79	4,0	5,9	5,0
40,68	8,83	4,0	5,9	5,0
40,70	8,86	4,0	5,9	5,0
40,73	8,87	4,0	5,9	5,0
40,75	8,90	4,0	5,9	5,0
40,78	8,94	4,0	5,9	5,0
40,80	8,96	4,0	5,9	5,0
40,83	8,98	4,0	5,9	5,0
40,85	9,01	4,0	5,9	5,0
40,87	9,05	4,0	5,9	5,0
40,90	9,08	4,0	5,9	5,0
40,92	9,10	4,0	5,9	5,0
40,95	9,12	4,0	5,9	5,0
40,97	9,16	4,0	5,9	5,0
41,00	9,19	4,0	5,9	5,0
41,02	9,20	4,0	5,9	5,0
41,05	9,23	4,0	5,9	5,0
41,07	9,26	4,0	5,9	5,0
41,09	9,29	4,0	5,9	5,0
41,12	9,31	4,0	5,9	5,0
41,14	9,34	4,0	5,9	5,0
41,17	9,37	4,0	5,9	5,0
41,19	9,39	4,0	5,9	5,0
41,22	9,42	4,0	5,9	5,0
41,24	9,43	4,0	5,9	5,0
41,26	9,46	4,0	5,9	5,0
41,29	9,49	4,0	5,9	5,0
41,31	9,51	4,0	5,9	5,0
41,34	9,54	4,0	5,9	5,0
41,36	9,56	4,0	5,9	5,0
41,39	9,59	4,0	5,9	5,0
41,41	9,62	4,0	5,9	5,0
41,44	9,64	4,0	5,9	5,0
41,46	9,66	4,0	5,9	5,0
41,48	9,70	4,0	5,9	5,0
41,51	9,72	4,0	5,9	5,0
41,53	9,74	4,0	5,9	5,0
41,56	9,76	4,0	5,9	5,0
41,58	9,80	4,0	5,9	5,0
41,61	9,82	4,0	5,9	5,0
41,63	9,84	4,0	5,9	5,0
41,66	9,86	4,0	5,9	5,0
41,68	9,89	4,0	5,9	5,0
41,70	9,91	4,0	5,9	5,0
41,73	9,93	4,0	5,9	5,0
41,75	9,95	4,0	5,9	5,0
41,78	9,98	4,0	5,9	5,0
41,80	10,01	4,0	5,9	5,0
41,83	10,02	4,0	5,9	5,0
41,85	10,05	4,0	5,9	5,0
41,88	10,07	4,0	5,9	5,0
41,90	10,11	4,0	5,9	5,0
41,92	10,13	4,0	5,9	5,0
41,95	10,14	4,0	5,9	5,0
41,97	10,16	4,0	5,9	5,0
42,00	10,19	4,0	5,9	5,0
42,02	10,21	4,0	5,9	5,0
42,05	10,23	4,0	5,9	5,0
42,07	10,25	4,0	5,9	5,0
42,10	10,28	4,0	5,9	5,0
42,12	10,30	4,0	5,9	5,0
42,14	10,31	4,0	5,9	5,0
42,17	10,33	4,0	5,9	5,0
42,19	10,36	4,0	5,9	5,0
42,22	10,38	4,0	5,9	5,0
42,24	10,39	4,0	5,9	5,0
42,27	10,41	4,0	5,9	5,0
42,29	10,44	4,0	5,9	5,0
42,31	10,46	4,0	5,9	5,0
42,34	10,47	4,0	5,9	5,0
42,36	10,49	4,0	5,9	5,0
42,39	10,52	4,0	5,9	5,0
42,41	10,55	4,0	5,9	5,0
42,44	10,55	4,0	5,9	5,0
42,46	10,57	4,0	5,9	5,0
42,49	10,60	4,0	5,9	5,0
42,51	10,61	4,0	5,9	5,0
42,53	10,62	4,0	5,9	5,0
42,56	10,64	4,0	5,9	5,0
42,58	10,67	4,0	5,9	5,0
42,61	10,69	4,0	5,9	5,0
42,63	10,70	4,0	5,9	5,0
42,66	10,72	4,0	5,9	5,0
42,68	10,74	4,0	5,9	5,0
42,71	10,76	4,0	5,9	5,0
42,73	10,77	4,0	5,9	5,0
42,75	10,79	4,0	5,9	5,0
42,78	10,81	4,0	5,9	5,0
42,80	10,83	4,0	5,9	5,0
42,83	10,84	4,0	5,9	5,0
42,85	10,86	4,0	5,9	5,0
42,88	10,89	4,0	5,9	5,0
42,90	10,90	4,0	5,9	5,0
42,93	10,91	4,0	5,9	5,0
42,95	10,93	4,0	5,9	5,0
42,97	10,95	4,0	5,9	5,0
43,00	10,96	4,0	5,9	5,0
43,02	10,97	4,0	5,9	5,0
43,05	10,99	4,0	5,9	5,0
43,07	11,01	4,0	5,9	5,0
43,10	11,02	4,0	5,9	5,0
43,12	11,04	4,0	5,9	5,0
43,15	11,06	4,0	5,9	5,0
43,17	11,08	4,0	5,9	5,0
43,19	11,09	4,0	5,9	5,0
43,22	11,10	4,0	5,9	5,0
43,24	11,12	4,0	5,9	5,0
43,27	11,14	4,0	5,9	5,0
43,29	11,15	4,0	5,9	5,0
43,32	11,16	4,0	5,9	5,0
43,34	11,19	4,0	5,9	5,0
43,36	11,20	4,0	5,9	5,0
43,39	11,21	4,0	5,9	5,0
43,41	11,22	4,0	5,9	5,0
43,44	11,25	4,0	5,9	5,0
43,46	11,26	4,0	5,9	5,0
43,49	11,26	4,0	5,9	5,0
43,51	11,28	4,0	5,9	5,0
43,54	11,31	4,0	5,9	5,0
43,56	11,32	4,0	5,9	5,0
43,58	11,33	4,0	5,9	5,0
43,61	11,34	4,0	5,9	5,0
43,63	11,36	4,0	5,9	5,0
43,66	11,37	4,0	5,9	5,0
43,68	11,40	4,0	5,9	5,0
43,71	11,41	4,0	5,9	5,0
43,73	11,42	4,0	5,9	5,0
43,76	11,43	4,0	5,9	5,0
43,78	11,45	4,0	5,9	5,0
43,80	11,46	4,0	5,9	5,0
43,83	11,47	4,0	5,9	5,0
43,85	11,48	4,0	5,9	5,0
43,88	11,50	4,0	5,9	5,0
43,90	11,51	4,0	5,9	5,0
43,93	11,51	4,0	5,9	5,0
43,95	11,53	4,0	5,9	5,0
43,98	11,54	4,0	5,9	5,0
44,00	11,55	4,0	5,9	5,0
44,02	11,56	4,0	5,9	5,0
44,05	11,58	4,0	5,9	5,0
44,07	11,60	4,0	5,9	5,0
44,10	11,60	4,0	5,9	5,0
44,12	11,61	4,0	5,9	5,0
44,15	11,63	4,0	5,9	5,0
44,17	11,63	4,0	5,9	5,0
44,20	11,64	4,0	5,9	5,0
44,22	11,65	4,0	5,9	5,0
44,24	11,67	4,0	5,9	5,0
44,27	11,68	4,0	5,9	5,0
44,29	11,68	4,0	5,9	5,0
44,32	11,69	4,0	5,9	5,0
44,34	11,69	4,0	5,9	5,0
44,37	11,70	4,0	5,9	5,0
44,39	11,72	4,0	5,9	5,0
44,41	11,72	4,0	5,9	5,0
44,44	11,72	4,0	5,9	5,0
44,46	11,74	4,0	5,9	5,0
44,49	11,76	4,0	5,9	5,0
44,51	11,76	4,0	5,9	5,0
44,54	11,76	4,0	5,9	5,0
44,56	11,77	4,0	5,9	5,0
44,59	11,79	4,0	5,9	5,0
44,61	11,79	4,0	5,9	5,0
44,63	11,79	4,0	5,9	5,0
44,66	11,80	4,0	5,9	5,0
44,68	11,81	4,0	5,9	5,0
44,71	11,82	4,0	5,9	5,0
44,73	11,82	4,0	5,9	5,0
44,76	11,84	4,0	5,9	5,0
44,78	11,85	4,0	5,9	5,0
44,81	11,85	4,0	5,9	5,0
44,83	11,86	4,0	5,9	5,0
44,85	11,86	4,0	5,9	5,0
44,88	11,87	4,0	5,9	5,0
44,90	11,87	4,0	5,9	5,0
44,93	11,87	4,0	5,9	5,0
44,95	11,89	4,0	5,9	5,0
44,98	11,90	4,0	5,9	5,0
45,00	11,90	4,0	5,9	5,0
45,03	11,91	4,0	5,9	5,0
45,05	11,92	4,0	5,9	5,0
45,07	11,93	4,0	5,9	5,0
45,10	11,92	4,0	5,9	5,0
45,12	11,93	4,0	5,9	5,0
45,15	11,94	4,0	5,9	5,0
45,17	11,95	4,0	5,9	5,0
45,20	11,95	4,0	5,9	5,0
45,22	11,96	4,0	5,9	5,0
45,25	11,97	4,0	5,9	5,0
45,27	11,98	4,0	5,9	5,0
45,29	11,98	4,0	5,9	5,0
45,32	11,99	4,0	5,9	5,0
45,34	12,00	4,0	5,9	5,0
45,37	12,00	4,0	5,9	5,0
45,39	12,00	4,0	5,9	5,0
45,42	12,01	4,0	5,9	5,0
45,44	12,03	4,0	5,9	5,0
45,47	12,03	4,0	5,9	5,0
45,49	12,03	4,0	5,9	5,0
45,51	12,03	4,0	5,9	5,0
45,54	12,05	4,0	5,9	5,0
45,56	12,06	4,0	5,9	5,0
45,59	12,05	4,0	5,9	5,0
45,61	12,05	4,0	5,9	5,0
45,64	12,07	4,0	5,9	5,0
45,66	12,07	4,0	5,9	5,0
45,68	12,07	4,0	5,9	5,0
45,71	12,07	4,0	5,9	5,0
45,73	12,09	4,0	5,9	5,0
45,76	12,10	4,0	5,9	5,0
45,78	12,09	4,0	5,9	5,0
45,81	12,09	4,0	5,9	5,0
45,83	12,11	4,0	5,9	5,0
45,86	12,11	4,0	5,9	5,0
45,88	12,10	4,0	5,9	5,0
45,90	12,11	4,0	5,9	5,0
45,93	12,13	4,0	5,9	5,0
45,95	12,13	4,0	5,9	5,0
45,98	12,12	4,0	5,9	5,0
46,00	12,13	4,0	5,9	5,0
46,03	12,14	4,0	5,9	5,0
46,05	12,14	4,0	5,9	5,0
46,08	12,13	4,0	5,9	5,0
46,10	12,13	4,0	5,9	5,0
46,12	12,13	4,0	5,9	5,0
46,15	12,14	4,0	5,9	5,0
46,17	12,14	4,0	5,9	5,0
46,20	12,13	4,0	5,9	5,0
46,22	12,13	4,0	5,9	5,0
46,25	12,15	4,0	5,9	5,0
46,27	12,14	4,0	5,9	5,0
46,30	12,14	4,0	5,9	5,0
46,32	12,14	4,0	5,9	5,0
46,34	12,14	4,0	5,9	5,0
46,37	12,14	4,0	5,9	5,0
46,39	12,14	4,0	5,9	5,0
46,42	12,14	4,0	5,9	5,0
46,44	12,15	4,0	5,9	5,0
46,47	12,14	4,0	5,9	5,0
46,49	12,13	4,0	5,9	5,0
46,52	12,13	4,0	5,9	5,0
46,54	12,13	4,0	5,9	5,0
46,56	12,13	4,0	5,9	5,0
46,59	12,11	4,0	5,9	5,0
46,61	12,11	4,0	5,9	5,0
46,64	12,12	4,0	5,9	5,0
46,66	12,11	4,0	5,9	5,0
46,69	12,09	4,0	5,9	5,0
46,71	12,09	4,0	5,9	5,0
46,73	12,09	4,0	5,9	5,0
46,76	12,08	4,0	5,9	5,0
46,78	12,07	4,0	5,9	5,0
46,81	12,05	4,0	5,9	5,0
46,83	12,04	4,0	5,9	5,0
46,86	12,04	4,0	5,9	5,0
46,88	12,03	4,0	5,9	5,0
46,91	12,00	4,0	5,9	5,0
46,93	11,99	4,0	5,9	5,0
46,95	11,98	4,0	5,9	5,0
46,98	11,96	4,0	5,9	5,0
47,00	11,94	4,0	5,9	5,0
47,03	11,92	4,0	5,9	5,0
47,05	11,91	4,0	5,9	5,0
47,08	11,90	4,0	5,9	5,0
47,10	11,87	4,0	5,9	5,0
47,13	11,85	4,0	5,9	5,0
47,15	11,84	4,0	5,9	5,0
47,17	11,82	4,0	5,9	5,0
47,20	11,78	4,0	5,9	5,0
47,22	11,76	4,0	5,9	5,0
47,25	11,75	4,0	5,9	5,0
47,27	11,72	4,0	5,9	5,0
47,30	11,68	4,0	5,9	5,0
47,32	11,66	4,0	5,9	5,0
47,35	11,64	4,0	5,9	5,0
47,37	11,61	4,0	5,9	5,0
47,39	11,58	4,0	5,9	5,0
47,42	11,55	4,0	5,9	5,0
47,44	11,54	4,0	5,9	5,0
47,47	11,50	4,0	5,9	5,0
47,49	11,46	4,0	5,9	5,0
47,52	11,43	4,0	5,9	5,0
47,54	11,41	4,0	5,9	5,0
47,57	11,38	4,0	5,9	5,0
47,59	11,34	4,0	5,9	5,0
47,61	11,31	4,0	5,9	5,0
47,64	11,29	4,0	5,9	5,0
47,66	11,25	4,0	5,9	5,0
47,69	11,21	4,0	5,9	5,0
47,71	11,18	4,0	5,9	5,0
47,74	11,16	4,0	5,9	5,0
47,76	11,12	4,0	5,9	5,0
47,78	11,08	4,0	5,9	5,0
47,81	11,05	4,0	5,9	5,0
47,83	11,03	4,0	5,9	5,0
47,86	10,99	4,0	5,9	5,0
47,88	10,95	4,0	5,9	5,0
47,91	10,92	4,0	5,9	5,0
47,93	10,90	4,0	5,9	5,0
47,96	10,86	4,0	5,9	5,0
47,98	10,82	4,0	5,9	5,0
48,00	10,78	4,0	5,9	5,0
48,03	10,76	4,0	5,9	5,0
48,05	10,72	4,0	5,9	5,0
48,08	10,68	4,0	5,9	5,0
48,10	10,66	4,0	5,9	5,0
48,13	10,63	4,0	5,9	5,0
48,15	10,59	4,0	5,9	5,0
48,18	10,56	4,0	5,9	5,0
48,20	10,53	4,0	5,9	5,0
48,22	10,50	4,0	5,9	5,0
48,25	10,47	4,0	5,9	5,0
48,27	10,43	4,0	5,9	5,0
48,30	10,40	4,0	5,9	5,0
48,32	10,37	4,0	5,9	5,0
48,35	10,34	4,0	5,9	5,0
48,37	10,30	4,0	5,9	5,0
48,40	10,27	4,0	5,9	5,0
48,42	10,24	4,0	5,9	5,0
48,44	10,20	4,0	5,9	5,0
48,47	10,16	4,0	5,9	5,0
48,49	10,13	4,0	5,9	5,0
48,52	10,10	4,0	5,9	5,0
48,54	10,06	4,0	5,9	5,0
48,57	10,03	4,0	5,9	5,0
48,59	9,98	4,0	5,9	5,0
48,62	9,95	4,0	5,9	5,0
48,64	9,92	4,0	5,9	5,0
48,66	9,89	4,0	5,9	5,0
48,69	9,84	4,0	5,9	5,0
48,71	9,80	4,0	5,9	5,0
48,74	9,77	4,0	5,9	5,0
48,76	9,73	4,0	5,9	5,0
48,79	9,69	4,0	5,9	5,0
48,81	9,66	4,0	5,9	5,0
48,84	9,62	4,0	5,9	5,0
48,86	9,58	4,0	5,9	5,0
48,88	9,53	4,0	5,9	5,0
48,91	9,50	4,0	5,9	5,0
48,93	9,46	4,0	5,9	5,0
48,96	9,42	4,0	5,9	5,0
48,98	9,37	4,0	5,9	5,0
49,01	9,34	4,0	5,9	5,0
49,03	9,31	4,0	5,9	5,0
49,05	9,26	4,0	5,9	5,0
49,08	9,22	4,0	5,9	5,0
49,10	9,18	4,0	5,9	5,0
49,13	9,14	4,0	5,9	5,0
49,15	9,10	4,0	5,9	5,0
49,18	9,05	4,0	5,9	5,0
49,20	9,00	4,0	5,9	5,0
49,23	8,96	4,0	5,9	5,0
49,25	8,93	4,0	5,9	5,0
49,27	8,89	4,0	5,9	5,0
49,30	8,84	4,0	5,9	5,0
49,32	8,80	4,0	5,9	5,0
49,35	8,77	4,0	5,9	5,0
49,37	8,73	4,0	5,9	5,0
49,40	8,67	4,0	5,9	5,0
49,42	8,63	4,0	5,9	5,0
49,45	8,60	4,0	5,9	5,0
49,47	8,56	4,0	5,9	5,0
49,49	8,51	4,0	5,9	5,0
49,52	8,47	4,0	5,9	5,0
49,54	8,44	4,0	5,9	5,0
49,57	8,39	4,0	5,9	5,0
49,59	8,34	4,0	5,9	5,0
49,62	8,31	4,0	5,9	5,0
49,64	8,28	4,0	5,9	5,0
49,67	8,23	4,0	5,9	5,0
49,69	8,18	4,0	5,9	5,0
49,71	8,15	4,0	5,9	5,0
49,74	8,12	4,0	5,9	5,0
49,76	8,08	4,0	5,9	5,0
49,79	8,03	4,0	5,9	5,0
49,81	8,00	4,0	5,9	5,0
49,84	7,97	4,0	5,9	5,0
49,86	7,93	4,0	5,9	5,0
49,89	7,88	4,0	5,9	5,0
49,91	7,84	4,0	5,9	5,0
49,93	7,81	4,0	5,9	5,0
49,96	7,77	4,0	5,9	5,0
49,98	7,72	4,0	5,9	5,0
50,01	7,69	4,0	5,9	5,0
50,03	7,66	4,0	5,9	5,0
50,06	7,62	4,0	5,9	5,0
50,08	7,58	4,0	5,9	5,0
50,10	7,55	4,0	5,9	5,0
50,13	7,51	4,0	5,9	5,0
50,15	7,47	4,0	5,9	5,0
50,18	7,43	4,0	5,9	5,0
50,20	7,40	4,0	5,9	5,0
50,23	7,37	4,0	5,9	5,0
50,25	7,34	4,0	5,9	5,0
50,28	7,30	4,0	5,9	5,0
50,30	7,28	4,0	5,9	5,0
50,32	7,25	4,0	5,9	5,0
50,35	7,20	4,0	5,9	5,0
50,37	7,17	4,0	5,9	5,0
50,40	7,14	4,0	5,9	5,0
50,42	7,11	4,0	5,9	5,0
50,45	7,08	4,0	5,9	5,0
50,47	7,05	4,0	5,9	5,0
50,50	7,03	4,0	5,9	5,0
50,52	7,00	4,0	5,9	5,0
50,54	6,97	4,0	5,9	5,0
50,57	6,94	4,0	5,9	5,0
50,59	6,93	4,0	5,9	5,0
50,62	6,90	4,0	5,9	5,0
50,64	6,86	4,0	5,9	5,0
50,67	6,84	4,0	5,9	5,0
50,69	6,82	4,0	5,9	5,0
50,72	6,80	4,0	5,9	5,0
50,74	6,76	4,0	5,9	5,0
50,76	6,74	4,0	5,9	5,0
50,79	6,73	4,0	5,9	5,0
50,81	6,71	4,0	5,9	5,0
50,84	6,68	4,0	5,9	5,0
50,86	6,66	4,0	5,9	5,0
50,89	6,64	4,0	5,9	5,0
50,91	6,62	4,0	5,9	5,0
50,94	6,59	4,0	5,9	5,0
50,96	6,57	4,0	5,9	5,0
50,98	6,55	4,0	5,9	5,0
51,01	6,54	4,0	5,9	5,0
51,03	6,52	4,0	5,9	5,0
51,06	6,50	4,0	5,9	5,0
51,08	6,48	4,0	5,9	5,0
51,11	6,46	4,0	5,9	5,0
51,13	6,45	4,0	5,9	5,0
51,15	6,42	4,0	5,9	5,0
51,18	6,40	4,0	5,9	5,0
51,20	6,39	4,0	5,9	5,0
51,23	6,37	4,0	5,9	5,0
51,25	6,35	4,0	5,9	5,0
51,28	6,34	4,0	5,9	5,0
51,30	6,32	4,0	5,9	5,0
51,33	6,30	4,0	5,9	5,0
51,35	6,28	4,0	5,9	5,0
51,37	6,27	4,0	5,9	5,0
51,40	6,26	4,0	5,9	5,0
51,42	6,24	4,0	5,9	5,0
51,45	6,22	4,0	5,9	5,0
51,47	6,20	4,0	5,9	5,0
51,50	6,19	4,0	5,9	5,0
51,52	6,18	4,0	5,9	5,0
51,55	6,16	4,0	5,9	5,0
51,57	6,14	4,0	5,9	5,0
51,59	6,13	4,0	5,9	5,0
51,62	6,11	4,0	5,9	5,0
51,64	6,10	4,0	5,9	5,0
51,67	6,08	4,0	5,9	5,0
51,69	6,06	4,0	5,9	5,0
51,72	6,05	4,0	5,9	5,0
51,74	6,04	4,0	5,9	5,0
51,77	6,02	4,0	5,9	5,0
51,79	6,00	4,0	5,9	5,0
51,81	5,99	4,0	5,9	5,0
51,84	5,98	4,0	5,9	5,0
51,86	5,96	4,0	5,9	5,0
51,89	5,94	4,0	5,9	5,0
51,91	5,94	4,0	5,9	5,0
51,94	5,93	4,0	5,9	5,0
51,96	5,91	4,0	5,9	5,0
51,99	5,89	4,0	5,9	5,0
52,01	5,89	4,0	5,9	5,0
52,03	5,88	4,0	5,9	5,0
52,06	5,86	4,0	5,9	5,0
52,08	5,85	4,0	5,9	5,0
52,11	5,84	4,0	5,9	5,0
52,13	5,84	4,0	5,9	5,0
52,16	5,82	4,0	5,9	5,0
52,18	5,81	4,0	5,9	5,0
52,20	5,81	4,0	5,9	5,0
52,23	5,81	4,0	5,9	5,0
52,25	5,79	4,0	5,9	5,0
52,28	5,78	4,0	5,9	5,0
52,30	5,78	4,0	5,9	5,0
52,33	5,77	4,0	5,9	5,0
52,35	5,76	4,0	5,9	5,0
52,38	5,75	4,0	5,9	5,0
52,40	5,76	4,0	5,9	5,0
52,42	5,76	4,0	5,9	5,0
52,45	5,75	4,0	5,9	5,0
52,47	5,75	4,0	5,9	5,0
52,50	5,75	4,0	5,9	5,0
52,52	5,75	4,0	5,9	5,0
52,55	5,75	4,0	5,9	5,0
52,57	5,75	4,0	5,9	5,0
52,60	5,76	4,0	5,9	5,0
52,62	5,76	4,0	5,9	5,0
52,64	5,75	4,0	5,9	5,0
52,67	5,75	4,0	5,9	5,0
52,69	5,77	4,0	5,9	5,0
52,72	5,77	4,0	5,9	5,0
52,74	5,76	4,0	5,9	5,0
52,77	5,77	4,0	5,9	5,0
52,79	5,78	4,0	5,9	5,0
52,82	5,78	4,0	5,9	5,0
52,84	5,78	4,0	5,9	5,0
52,86	5,80	4,0	5,9	5,0
52,89	5,81	4,0	5,9	5,0
52,91	5,81	4,0	5,9	5,0
52,94	5,81	4,0	5,9	5,0
52,96	5,82	4,0	5,9	5,0
52,99	5,85	4,0	5,9	5,0
53,01	5,85	4,0	5,9	5,0
53,04	5,84	4,0	5,9	5,0
53,06	5,86	4,0	5,9	5,0
53,08	5,88	4,0	5,9	5,0
53,11	5,88	4,0	5,9	5,0
53,13	5,88	4,0	5,9	5,0
53,16	5,90	4,0	5,9	5,0
53,18	5,92	4,0	5,9	5,0
53,21	5,92	4,0	5,9	5,0
53,23	5,92	4,0	5,9	5,0
53,26	5,94	4,0	5,9	5,0
53,28	5,96	4,0	5,9	5,0
53,30	5,96	4,0	5,9	5,0
53,33	5,97	4,0	5,9	5,0
53,35	5,99	4,0	5,9	5,0
53,38	6,01	4,0	5,9	5,0
53,40	6,02	4,0	5,9	5,0
53,43	6,03	4,0	5,9	5,0
53,45	6,03	4,0	5,9	5,0
53,47	6,05	4,0	5,9	5,0
53,50	6,06	4,0	5,9	5,0
53,52	6,07	4,0	5,9	5,0
53,55	6,08	4,0	5,9	5,0
53,57	6,09	4,0	5,9	5,0
53,60	6,11	4,0	5,9	5,0
53,62	6,13	4,0	5,9	5,0
53,65	6,14	4,0	5,9	5,0
53,67	6,15	4,0	5,9	5,0
53,69	6,18	4,0	5,9	5,0
53,72	6,18	4,0	5,9	5,0
53,74	6,20	4,0	5,9	5,0
53,77	6,21	4,0	5,9	5,0
53,79	6,24	4,0	5,9	5,0
53,82	6,25	4,0	5,9	5,0
53,84	6,26	4,0	5,9	5,0
53,87	6,28	4,0	5,9	5,0
53,89	6,30	4,0	5,9	5,0
53,91	6,31	4,0	5,9	5,0
53,94	6,33	4,0	5,9	5,0
53,96	6,35	4,0	5,9	5,0
53,99	6,37	4,0	5,9	5,0
54,01	6,39	4,0	5,9	5,0
54,04	6,40	4,0	5,9	5,0
54,06	6,43	4,0	5,9	5,0
54,09	6,45	4,0	5,9	5,0
54,11	6,48	4,0	5,9	5,0
54,13	6,50	4,0	5,9	5,0
54,16	6,51	4,0	5,9	5,0
54,18	6,53	4,0	5,9	5,0
54,21	6,56	4,0	5,9	5,0
54,23	6,58	4,0	5,9	5,0
54,26	6,59	4,0	5,9	5,0
54,28	6,61	4,0	5,9	5,0
54,31	6,65	4,0	5,9	5,0
54,33	6,67	4,0	5,9	5,0
54,35	6,68	4,0	5,9	5,0
54,38	6,71	4,0	5,9	5,0
54,40	6,74	4,0	5,9	5,0
54,43	6,76	4,0	5,9	5,0
54,45	6,78	4,0	5,9	5,0
54,48	6,81	4,0	5,9	5,0
54,50	6,84	4,0	5,9	5,0
54,52	6,87	4,0	5,9	5,0
54,55	6,88	4,0	5,9	5,0
54,57	6,92	4,0	5,9	5,0
54,60	6,96	4,0	5,9	5,0
54,62	6,98	4,0	5,9	5,0
54,65	7,00	4,0	5,9	5,0
54,67	7,03	4,0	5,9	5,0
54,70	7,06	4,0	5,9	5,0
54,72	7,08	4,0	5,9	5,0
54,74	7,10	4,0	5,9	5,0
54,77	7,14	4,0	5,9	5,0
54,79	7,18	4,0	5,9	5,0
54,82	7,20	4,0	5,9	5,0
54,84	7,22	4,0	5,9	5,0
54,87	7,26	4,0	5,9	5,0
54,89	7,31	4,0	5,9	5,0
54,92	7,33	4,0	5,9	5,0
54,94	7,35	4,0	5,9	5,0
54,96	7,39	4,0	5,9	5,0
54,99	7,43	4,0	5,9	5,0
55,01	7,45	4,0	5,9	5,0
55,04	7,48	4,0	5,9	5,0
55,06	7,52	4,0	5,9	5,0
55,09	7,56	4,0	5,9	5,0
55,11	7,58	4,0	5,9	5,0
55,14	7,61	4,0	5,9	5,0
55,16	7,65	4,0	5,9	5,0
55,18	7,69	4,0	5,9	5,0
55,21	7,71	4,0	5,9	5,0
55,23	7,74	4,0	5,9	5,0
55,26	7,78	4,0	5,9	5,0
55,28	7,83	4,0	5,9	5,0
55,31	7,85	4,0	5,9	5,0
55,33	7,88	4,0	5,9	5,0
55,36	7,92	4,0	5,9	5,0
55,38	7,96	4,0	5,9	5,0
55,40	7,99	4,0	5,9	5,0
55,43	8,01	4,0	5,9	5,0
55,45	8,05	4,0	5,9	5,0
55,48	8,10	4,0	5,9	5,0
55,50	8,12	4,0	5,9	5,0
55,53	8,15	4,0	5,9	5,0
55,55	8,20	4,0	5,9	5,0
55,57	8,24	4,0	5,9	5,0
55,60	8,27	4,0	5,9	5,0
55,62	8,30	4,0	5,9	5,0
55,65	8,34	4,0	5,9	5,0
55,67	8,38	4,0	5,9	5,0
55,70	8,41	4,0	5,9	5,0
55,72	8,44	4,0	5,9	5,0
55,75	8,49	4,0	5,9	5,0
55,77	8,53	4,0	5,9	5,0
55,79	8,56	4,0	5,9	5,0
55,82	8,60	4,0	5,9	5,0
55,84	8,64	4,0	5,9	5,0
55,87	8,68	4,0	5,9	5,0
55,89	8,72	4,0	5,9	5,0
55,92	8,75	4,0	5,9	5,0
55,94	8,78	4,0	5,9	5,0
55,97	8,84	4,0	5,9	5,0
55,99	8,88	4,0	5,9	5,0
56,01	8,91	4,0	5,9	5,0
56,04	8,95	4,0	5,9	5,0
56,06	9,00	4,0	5,9	5,0
56,09	9,04	4,0	5,9	5,0
56,11	9,08	4,0	5,9	5,0
56,14	9,11	4,0	5,9	5,0
56,16	9,16	4,0	5,9	5,0
56,19	9,20	4,0	5,9	5,0
56,21	9,23	4,0	5,9	5,0
56,23	9,27	4,0	5,9	5,0
56,26	9,32	4,0	5,9	5,0
56,28	9,36	4,0	5,9	5,0
56,31	9,40	4,0	5,9	5,0
56,33	9,44	4,0	5,9	5,0
56,36	9,49	4,0	5,9	5,0
56,38	9,53	4,0	5,9	5,0
56,41	9,57	4,0	5,9	5,0
56,43	9,61	4,0	5,9	5,0
56,45	9,66	4,0	5,9	5,0
56,48	9,71	4,0	5,9	5,0
56,50	9,75	4,0	5,9	5,0
56,53	9,79	4,0	5,9	5,0
56,55	9,83	4,0	5,9	5,0
56,58	9,88	4,0	5,9	5,0
56,60	9,93	4,0	5,9	5,0
56,62	9,96	4,0	5,9	5,0
56,65	9,99	4,0	5,9	5,0
56,67	10,05	4,0	5,9	5,0
56,70	10,10	4,0	5,9	5,0
56,72	10,13	4,0	5,9	5,0
56,75	10,17	4,0	5,9	5,0
56,77	10,22	4,0	5,9	5,0
56,80	10,27	4,0	5,9	5,0
56,82	10,31	4,0	5,9	5,0
56,84	10,34	4,0	5,9	5,0
56,87	10,40	4,0	5,9	5,0
56,89	10,45	4,0	5,9	5,0
56,92	10,48	4,0	5,9	5,0
56,94	10,52	4,0	5,9	5,0
56,97	10,58	4,0	5,9	5,0
56,99	10,63	4,0	5,9	5,0
57,02	10,66	4,0	5,9	5,0
57,04	10,70	4,0	5,9	5,0
57,06	10,76	4,0	5,9	5,0
57,09	10,81	4,0	5,9	5,0
57,11	10,84	4,0	5,9	5,0
57,14	10,88	4,0	5,9	5,0
57,16	10,93	4,0	5,9	5,0
57,19	10,99	4,0	5,9	5,0
57,21	11,03	4,0	5,9	5,0
57,24	11,07	4,0	5,9	5,0
57,26	11,12	4,0	5,9	5,0
57,28	11,17	4,0	5,9	5,0
57,31	11,21	4,0	5,9	5,0
57,33	11,25	4,0	5,9	5,0
57,36	11,30	4,0	5,9	5,0
57,38	11,35	4,0	5,9	5,0
57,41	11,39	4,0	5,9	5,0
57,43	11,44	4,0	5,9	5,0
57,46	11,49	4,0	5,9	5,0
57,48	11,54	4,0	5,9	5,0
57,50	11,58	4,0	5,9	5,0
57,53	11,63	4,0	5,9	5,0
57,55	11,68	4,0	5,9	5,0
57,58	11,73	4,0	5,9	5,0
57,60	11,77	4,0	5,9	5,0
57,63	11,81	4,0	5,9	5,0
57,65	11,88	4,0	5,9	5,0
57,68	11,92	4,0	5,9	5,0
57,70	11,96	4,0	5,9	5,0
57,72	12,01	4,0	5,9	5,0
57,75	12,07	4,0	5,9	5,0
57,77	12,12	4,0	5,9	5,0
57,80	12,15	4,0	5,9	5,0
57,82	12,21	4,0	5,9	5,0
57,85	12,26	4,0	5,9	5,0
57,87	12,30	4,0	5,9	5,0
57,89	12,34	4,0	5,9	5,0
57,92	12,40	4,0	5,9	5,0
57,94	12,45	4,0	5,9	5,0
57,97	12,50	4,0	5,9	5,0
57,99	12,53	4,0	5,9	5,0
58,02	12,59	4,0	5,9	5,0
58,04	12,65	4,0	5,9	5,0
58,07	12,69	4,0	5,9	5,0
58,09	12,73	4,0	5,9	5,0
58,11	12,79	4,0	5,9	5,0
58,14	12,85	4,0	5,9	5,0
58,16	12,89	4,0	5,9	5,0
58,19	12,93	4,0	5,9	5,0
58,21	12,98	4,0	5,9	5,0
58,24	13,04	4,0	5,9	5,0
58,26	13,08	4,0	5,9	5,0
58,29	13,12	4,0	5,9	5,0
58,31	13,17	4,0	5,9	5,0
58,33	13,22	4,0	5,9	5,0
58,36	13,27	4,0	5,9	5,0
58,38	13,33	4,0	5,9	5,0
58,41	13,37	4,0	5,9	5,0
58,43	13,42	4,0	5,9	5,0
58,46	13,47	4,0	5,9	5,0
58,48	13,52	4,0	5,9	5,0
58,51	13,57	4,0	5,9	5,0
58,53	13,62	4,0	5,9	5,0
58,55	13,67	4,0	5,9	5,0
58,58	13,71	4,0	5,9	5,0
58,60	13,76	4,0	5,9	5,0
58,63	13,80	4,0	5,9	5,0
58,65	13,86	4,0	5,9	5,0
58,68	13,91	4,0	5,9	5,0
58,70	13,95	4,0	5,9	5,0
58,73	14,00	4,0	5,9	5,0
58,75	14,06	4,0	5,9	5,0
58,77	14,11	4,0	5,9	5,0
58,80	14,15	4,0	5,9	5,0
58,82	14,20	4,0	5,9	5,0
58,85	14,25	4,0	5,9	5,0
58,87	14,30	4,0	5,9	5,0
58,90	14,35	4,0	5,9	5,0
58,92	14,40	4,0	5,9	5,0
58,94	14,45	4,0	5,9	5,0
58,97	14,50	4,0	5,9	5,0
58,99	14,55	4,0	5,9	5,0
59,02	14,59	4,0	5,9	5,0
59,04	14,63	4,0	5,9	5,0
59,07	14,68	4,0	5,9	5,0
59,09	14,74	4,0	5,9	5,0
59,12	14,78	4,0	5,9	5,0
59,14	14,82	4,0	5,9	5,0
59,16	14,88	4,0	5,9	5,0
59,19	14,93	4,0	5,9	5,0
59,21	14,97	4,0	5,9	5,0
59,24	15,01	4,0	5,9	5,0
59,26	15,07	4,0	5,9	5,0
59,29	15,12	4,0	5,9	5,0
59,31	15,15	4,0	5,9	5,0
59,34	15,20	4,0	5,9	5,0
59,36	15,26	4,0	5,9	5,0
59,38	15,30	4,0	5,9	5,0
59,41	15,34	4,0	5,9	5,0
59,43	15,39	4,0	5,9	5,0
59,46	15,44	4,0	5,9	5,0
59,48	15,49	4,0	5,9	5,0
59,51	15,52	4,0	5,9	5,0
59,53	15,57	4,0	5,9	5,0
59,56	15,62	4,0	5,9	5,0
59,58	15,67	4,0	5,9	5,0
59,60	15,71	4,0	5,9	5,0
59,63	15,76	4,0	5,9	5,0
59,65	15,82	4,0	5,9	5,0
59,68	15,86	4,0	5,9	5,0
59,70	15,90	4,0	5,9	5,0
59,73	15,95	4,0	5,9	5,0
59,75	16,00	4,0	5,9	5,0
59,78	16,04	4,0	5,9	5,0
59,80	16,08	4,0	5,9	5,0
59,82	16,14	4,0	5,9	5,0
59,85	16,19	4,0	5,9	5,0
59,87	16,23	4,0	5,9	5,0
59,90	16,27	4,0	5,9	5,0
59,92	16,33	4,0	5,9	5,0
59,95	16,38	4,0	5,9	5,0
59,97	16,41	4,0	5,9	5,0
59,99	16,46	4,0	5,9	5,0
60,02	16,51	4,0	5,9	5,0
60,04	16,57	4,0	5,9	5,0
60,07	16,61	4,0	5,9	5,0
60,09	16,65	4,0	5,9	5,0
60,12	16,70	4,0	5,9	5,0
60,14	16,75	4,0	5,9	5,0
60,17	16,79	4,0	5,9	5,0
60,19	16,83	4,0	5,9	5,0
60,21	16,89	4,0	5,9	5,0
60,24	16,94	4,0	5,9	5,0
60,26	16,97	4,0	5,9	5,0
60,29	17,01	4,0	5,9	5,0
60,31	17,06	4,0	5,9	5,0
60,34	17,11	4,0	5,9	5,0
60,36	17,14	4,0	5,9	5,0
60,39	17,19	4,0	5,9	5,0
60,41	17,24	4,0	5,9	5,0
60,43	17,29	4,0	5,9	5,0
60,46	17,32	4,0	5,9	5,0
60,48	17,36	4,0	5,9	5,0
60,51	17,42	4,0	5,9	5,0
60,53	17,46	4,0	5,9	5,0
60,56	17,50	4,0	5,9	5,0
60,58	17,54	4,0	5,9	5,0
60,61	17,59	4,0	5,9	5,0
60,63	17,64	4,0	5,9	5,0
60,65	17,67	4,0	5,9	5,0
60,68	17,71	4,0	5,9	5,0
60,70	17,77	4,0	5,9	5,0
60,73	17,81	4,0	5,9	5,0
60,75	17,86	4,0	5,9	5,0
60,78	17,90	4,0	5,9	5,0
60,80	17,94	4,0	5,9	5,0
60,83	17,99	4,0	5,9	5,0
60,85	18,03	4,0	5,9	5,0
60,87	18,07	4,0	5,9	5,0
60,90	18,11	4,0	5,9	5,0
60,92	18,16	4,0	5,9	5,0
60,95	18,21	4,0	5,9	5,0
60,97	18,24	4,0	5,9	5,0
61,00	18,28	4,0	5,9	5,0
61,02	18,34	4,0	5,9	5,0
61,05	18,38	4,0	5,9	5,0
61,07	18,41	4,0	5,9	5,0
61,09	18,45	4,0	5,9	5,0
61,12	18,50	4,0	5,9	5,0
61,14	18,55	4,0	5,9	5,0
61,17	18,58	4,0	5,9	5,0
61,19	18,62	4,0	5,9	5,0
61,22	18,66	4,0	5,9	5,0
61,24	18,71	4,0	5,9	5,0
61,26	18,74	4,0	5,9	5,0
61,29	18,78	4,0	5,9	5,0
61,31	18,82	4,0	5,9	5,0
61,34	18,87	4,0	5,9	5,0
61,36	18,90	4,0	5,9	5,0
61,39	18,94	4,0	5,9	5,0
61,41	18,97	4,0	5,9	5,0
61,44	19,02	4,0	5,9	5,0
61,46	19,06	4,0	5,9	5,0
61,48	19,09	4,0	5,9	5,0
61,51	19,13	4,0	5,9	5,0
61,53	19,17	4,0	5,9	5,0
61,56	19,22	4,0	5,9	5,0
61,58	19,25	4,0	5,9	5,0
61,61	19,28	4,0	5,9	5,0
61,63	19,33	4,0	5,9	5,0
61,66	19,37	4,0	5,9	5,0
61,68	19,39	4,0	5,9	5,0
61,70	19,43	4,0	5,9	5,0
61,73	19,48	4,0	5,9	5,0
61,75	19,52	4,0	5,9	5,0
61,78	19,55	4,0	5,9	5,0
61,80	19,58	4,0	5,9	5,0
61,83	19,64	4,0	5,9	5,0
61,85	19,68	4,0	5,9	5,0
61,88	19,70	4,0	5,9	5,0
61,90	19,74	4,0	5,9	5,0
61,92	19,79	4,0	5,9	5,0
61,95	19,83	4,0	5,9	5,0
61,97	19,86	4,0	5,9	5,0
62,00	19,89	4,0	5,9	5,0
62,02	19,94	4,0	5,9	5,0
62,05	19,99	4,0	5,9	5,0
62,07	20,01	4,0	5,9	5,0
62,10	20,05	4,0	5,9	5,0
62,12	20,09	4,0	5,9	5,0
62,14	20,13	4,0	5,9	5,0
62,17	20,15	4,0	5,9	5,0
62,19	20,18	4,0	5,9	5,0
62,22	20,23	4,0	5,9	5,0
62,24	20,27	4,0	5,9	5,0
62,27	20,30	4,0	5,9	5,0
62,29	20,33	4,0	5,9	5,0
62,31	20,37	4,0	5,9	5,0
62,34	20,41	4,0	5,9	5,0
62,36	20,43	4,0	5,9	5,0
62,39	20,46	4,0	5,9	5,0
62,41	20,50	4,0	5,9	5,0
62,44	20,54	4,0	5,9	5,0
62,46	20,57	4,0	5,9	5,0
62,49	20,60	4,0	5,9	5,0
62,51	20,64	4,0	5,9	5,0
62,53	20,68	4,0	5,9	5,0
62,56	20,70	4,0	5,9	5,0
62,58	20,73	4,0	5,9	5,0
62,61	20,78	4,0	5,9	5,0
62,63	20,81	4,0	5,9	5,0
62,66	20,83	4,0	5,9	5,0
62,68	20,86	4,0	5,9	5,0
62,71	20,90	4,0	5,9	5,0
62,73	20,94	4,0	5,9	5,0
62,75	20,96	4,0	5,9	5,0
62,78	20,99	4,0	5,9	5,0
62,80	21,03	4,0	5,9	5,0
62,83	21,06	4,0	5,9	5,0
62,85	21,08	4,0	5,9	5,0
62,88	21,12	4,0	5,9	5,0
62,90	21,15	4,0	5,9	5,0
62,93	21,19	4,0	5,9	5,0
62,95	21,21	4,0	5,9	5,0
62,97	21,25	4,0	5,9	5,0
63,00	21,29	4,0	5,9	5,0
63,02	21,32	4,0	5,9	5,0
63,05	21,34	4,0	5,9	5,0
63,07	21,38	4,0	5,9	5,0
63,10	21,41	4,0	5,9	5,0
63,12	21,44	4,0	5,9	5,0
63,15	21,46	4,0	5,9	5,0
63,17	21,49	4,0	5,9	5,0
63,19	21,52	4,0	5,9	5,0
63,22	21,56	4,0	5,9	5,0
63,24	21,58	4,0	5,9	5,0
63,27	21,60	4,0	5,9	5,0
63,29	21,63	4,0	5,9	5,0
63,32	21,66	4,0	5,9	5,0
63,34	21,68	4,0	5,9	5,0
63,36	21,70	4,0	5,9	5,0
63,39	21,72	4,0	5,9	5,0
63,41	21,76	4,0	5,9	5,0
63,44	21,78	4,0	5,9	5,0
63,46	21,80	4,0	5,9	5,0
63,49	21,82	4,0	5,9	5,0
63,51	21,85	4,0	5,9	5,0
63,54	21,87	4,0	5,9	5,0
63,56	21,88	4,0	5,9	5,0
63,58	21,89	4,0	5,9	5,0
63,61	21,92	4,0	5,9	5,0
63,63	21,94	4,0	5,9	5,0
63,66	21,95	4,0	5,9	5,0
63,68	21,97	4,0	5,9	5,0
63,71	22,00	4,0	5,9	5,0
63,73	22,01	4,0	5,9	5,0
63,76	22,02	4,0	5,9	5,0
63,78	22,04	4,0	5,9	5,0
63,80	22,06	4,0	5,9	5,0
63,83	22,07	4,0	5,9	5,0
63,85	22,09	4,0	5,9	5,0
63,88	22,09	4,0	5,9	5,0
63,90	22,10	4,0	5,9	5,0
63,93	22,12	4,0	5,9	5,0
63,95	22,14	4,0	5,9	5,0
63,98	22,14	4,0	5,9	5,0
64,00	22,15	4,0	5,9	5,0
64,02	22,17	4,0	5,9	5,0
64,05	22,18	4,0	5,9	5,0
64,07	22,18	4,0	5,9	5,0
64,10	22,18	4,0	5,9	5,0
64,12	22,20	4,0	5,9	5,0
64,15	22,21	4,0	5,9	5,0
64,17	22,20	4,0	5,9	5,0
64,20	22,21	4,0	5,9	5,0
64,22	22,23	4,0	5,9	5,0
64,24	22,24	4,0	5,9	5,0
64,27	22,23	4,0	5,9	5,0
64,29	22,23	4,0	5,9	5,0
64,32	22,24	4,0	5,9	5,0
64,34	22,25	4,0	5,9	5,0
64,37	22,24	4,0	5,9	5,0
64,39	22,24	4,0	5,9	5,0
64,41	22,26	4,0	5,9	5,0
64,44	22,26	4,0	5,9	5,0
64,46	22,25	4,0	5,9	5,0
64,49	22,25	4,0	5,9	5,0
64,51	22,27	4,0	5,9	5,0
64,54	22,27	4,0	5,9	5,0
64,56	22,25	4,0	5,9	5,0
64,59	22,26	4,0	5,9	5,0
64,61	22,27	4,0	5,9	5,0
64,63	22,27	4,0	5,9	5,0
64,66	22,27	4,0	5,9	5,0
64,68	22,27	4,0	5,9	5,0
64,71	22,29	4,0	5,9	5,0
64,73	22,28	4,0	5,9	5,0
64,76	22,27	4,0	5,9	5,0
64,78	22,28	4,0	5,9	5,0
64,81	22,28	4,0	5,9	5,0
64,83	22,28	4,0	5,9	5,0
64,85	22,28	4,0	5,9	5,0
64,88	22,28	4,0	5,9	5,0
64,90	22,29	4,0	5,9	5,0
64,93	22,28	4,0	5,9	5,0
64,95	22,28	4,0	5,9	5,0
64,98	22,28	4,0	5,9	5,0
65,00	22,28	4,0	5,9	5,0
65,03	22,28	4,0	5,9	5,0
65,05	22,27	4,0	5,9	5,0
65,07	22,28	4,0	5,9	5,0
65,10	22,28	4,0	5,9	5,0
65,12	22,27	4,0	5,9	5,0
65,15	22,27	4,0	5,9	5,0
65,17	22,28	4,0	5,9	5,0
65,20	22,28	4,0	5,9	5,0
65,22	22,27	4,0	5,9	5,0
65,25	22,26	4,0	5,9	5,0
65,27	22,27	4,0	5,9	5,0
65,29	22,26	4,0	5,9	5,0
65,32	22,24	4,0	5,9	5,0
65,34	22,24	4,0	5,9	5,0
65,37	22,25	4,0	5,9	5,0
65,39	22,24	4,0	5,9	5,0
65,42	22,23	4,0	5,9	5,0
65,44	22,22	4,0	5,9	5,0
65,47	22,23	4,0	5,9	5,0
65,49	22,23	4,0	5,9	5,0
65,51	22,20	4,0	5,9	5,0
65,54	22,20	4,0	5,9	5,0
65,56	22,20	4,0	5,9	5,0
65,59	22,20	4,0	5,9	5,0
65,61	22,18	4,0	5,9	5,0
65,64	22,17	4,0	5,9	5,0
65,66	22,16	4,0	5,9	5,0
65,68	22,16	4,0	5,9	5,0
65,71	22,15	4,0	5,9	5,0
65,73	22,14	4,0	5,9	5,0
65,76	22,12	4,0	5,9	5,0
65,78	22,12	4,0	5,9	5,0
65,81	22,10	4,0	5,9	5,0
65,83	22,09	4,0	5,9	5,0
65,86	22,07	4,0	5,9	5,0
65,88	22,06	4,0	5,9	5,0
65,90	22,05	4,0	5,9	5,0
65,93	22,03	4,0	5,9	5,0
65,95	22,01	4,0	5,9	5,0
65,98	22,01	4,0	5,9	5,0
66,00	21,99	4,0	5,9	5,0
66,03	21,97	4,0	5,9	5,0
66,05	21,95	4,0	5,9	5,0
66,08	21,94	4,0	5,9	5,0
66,10	21,93	4,0	5,9	5,0
66,12	21,90	4,0	5,9	5,0
66,15	21,88	4,0	5,9	5,0
66,17	21,87	4,0	5,9	5,0
66,20	21,85	4,0	5,9	5,0
66,22	21,83	4,0	5,9	5,0
66,25	21,81	4,0	5,9	5,0
66,27	21,80	4,0	5,9	5,0
66,30	21,78	4,0	5,9	5,0
66,32	21,77	4,0	5,9	5,0
66,34	21,74	4,0	5,9	5,0
66,37	21,72	4,0	5,9	5,0
66,39	21,70	4,0	5,9	5,0
66,42	21,69	4,0	5,9	5,0
66,44	21,66	4,0	5,9	5,0
66,47	21,63	4,0	5,9	5,0
66,49	21,61	4,0	5,9	5,0
66,52	21,60	4,0	5,9	5,0
66,54	21,58	4,0	5,9	5,0
66,56	21,55	4,0	5,9	5,0
66,59	21,54	4,0	5,9	5,0
66,61	21,52	4,0	5,9	5,0
66,64	21,50	4,0	5,9	5,0
66,66	21,47	4,0	5,9	5,0
66,69	21,46	4,0	5,9	5,0
66,71	21,43	4,0	5,9	5,0
66,73	21,41	4,0	5,9	5,0
66,76	21,38	4,0	5,9	5,0
66,78	21,37	4,0	5,9	5,0
66,81	21,35	4,0	5,9	5,0
66,83	21,32	4,0	5,9	5,0
66,86	21,30	4,0	5,9	5,0
66,88	21,28	4,0	5,9	5,0
66,91	21,26	4,0	5,9	5,0
66,93	21,23	4,0	5,9	5,0
66,95	21,20	4,0	5,9	5,0
66,98	21,19	4,0	5,9	5,0
67,00	21,17	4,0	5,9	5,0
67,03	21,14	4,0	5,9	5,0
67,05	21,12	4,0	5,9	5,0
67,08	21,11	4,0	5,9	5,0
67,10	21,09	4,0	5,9	5,0
67,13	21,06	4,0	5,9	5,0
67,15	21,04	4,0	5,9	5,0
67,17	21,03	4,0	5,9	5,0
67,20	21,00	4,0	5,9	5,0
67,22	20,97	4,0	5,9	5,0
67,25	20,94	4,0	5,9	5,0
67,27	20,93	4,0	5,9	5,0
67,30	20,91	4,0	5,9	5,0
67,32	20,88	4,0	5,9	5,0
67,35	20,86	4,0	5,9	5,0
67,37	20,86	4,0	5,9	5,0
67,39	20,84	4,0	5,9	5,0
67,42	20,81	4,0	5,9	5,0
67,44	20,78	4,0	5,9	5,0
67,47	20,77	4,0	5,9	5,0
67,49	20,75	4,0	5,9	5,0
67,52	20,72	4,0	5,9	5,0
67,54	20,70	4,0	5,9	5,0
67,57	20,69	4,0	5,9	5,0
67,59	20,67	4,0	5,9	5,0
67,61	20,64	4,0	5,9	5,0
67,64	20,62	4,0	5,9	5,0
67,66	20,61	4,0	5,9	5,0
67,69	20,59	4,0	5,9	5,0
67,71	20,55	4,0	5,9	5,0
67,74	20,53	4,0	5,9	5,0
67,76	20,53	4,0	5,9	5,0
67,78	20,50	4,0	5,9	5,0
67,81	20,47	4,0	5,9	5,0
67,83	20,45	4,0	5,9	5,0
67,86	20,44	4,0	5,9	5,0
67,88	20,43	4,0	5,9	5,0
67,91	20,39	4,0	5,9	5,0
67,93	20,37	4,0	5,9	5,0
67,96	20,37	4,0	5,9	5,0
67,98	20,34	4,0	5,9	5,0
68,00	20,31	4,0	5,9	5,0
68,03	20,29	4,0	5,9	5,0
68,05	20,28	4,0	5,9	5,0
68,08	20,25	4,0	5,9	5,0
68,10	20,23	4,0	5,9	5,0
68,13	20,20	4,0	5,9	5,0
68,15	20,18	4,0	5,9	5,0
68,18	20,16	4,0	5,9	5,0
68,20	20,14	4,0	5,9	5,0
68,22	20,11	4,0	5,9	5,0
68,25	20,09	4,0	5,9	5,0
68,27	20,08	4,0	5,9	5,0
68,30	20,05	4,0	5,9	5,0
68,32	20,02	4,0	5,9	5,0
68,35	20,00	4,0	5,9	5,0
68,37	19,99	4,0	5,9	5,0
68,40	19,96	4,0	5,9	5,0
68,42	19,92	4,0	5,9	5,0
68,44	19,90	4,0	5,9	5,0
68,47	19,89	4,0	5,9	5,0
68,49	19,86	4,0	5,9	5,0
68,52	19,84	4,0	5,9	5,0
68,54	19,81	4,0	5,9	5,0
68,57	19,80	4,0	5,9	5,0
68,59	19,77	4,0	5,9	5,0
68,62	19,73	4,0	5,9	5,0
68,64	19,71	4,0	5,9	5,0
68,66	19,69	4,0	5,9	5,0
68,69	19,67	4,0	5,9	5,0
68,71	19,64	4,0	5,9	5,0
68,74	19,62	4,0	5,9	5,0
68,76	19,59	4,0	5,9	5,0
68,79	19,58	4,0	5,9	5,0
68,81	19,56	4,0	5,9	5,0
68,83	19,53	4,0	5,9	5,0
68,86	19,50	4,0	5,9	5,0
68,88	19,48	4,0	5,9	5,0
68,91	19,46	4,0	5,9	5,0
68,93	19,42	4,0	5,9	5,0
68,96	19,40	4,0	5,9	5,0
68,98	19,39	4,0	5,9	5,0
69,01	19,37	4,0	5,9	5,0
69,03	19,34	4,0	5,9	5,0
69,05	19,32	4,0	5,9	5,0
69,08	19,31	4,0	5,9	5,0
69,10	19,29	4,0	5,9	5,0
69,13	19,25	4,0	5,9	5,0
69,15	19,24	4,0	5,9	5,0
69,18	19,23	4,0	5,9	5,0
69,20	19,21	4,0	5,9	5,0
69,23	19,18	4,0	5,9	5,0
69,25	19,16	4,0	5,9	5,0
69,27	19,16	4,0	5,9	5,0
69,30	19,14	4,0	5,9	5,0
69,32	19,11	4,0	5,9	5,0
69,35	19,10	4,0	5,9	5,0
69,37	19,09	4,0	5,9	5,0
69,40	19,07	4,0	5,9	5,0
69,42	19,04	4,0	5,9	5,0
69,45	19,03	4,0	5,9	5,0
69,47	19,03	4,0	5,9	5,0
69,49	19,01	4,0	5,9	5,0
69,52	18,99	4,0	5,9	5,0
69,54	18,98	4,0	5,9	5,0
69,57	18,98	4,0	5,9	5,0
69,59	18,96	4,0	5,9	5,0
69,62	18,94	4,0	5,9	5,0
69,64	18,93	4,0	5,9	5,0
69,67	18,93	4,0	5,9	5,0
69,69	18,91	4,0	5,9	5,0
69,71	18,88	4,0	5,9	5,0
69,74	18,87	4,0	5,9	5,0
69,76	18,87	4,0	5,9	5,0
69,79	18,85	4,0	5,9	5,0
69,81	18,83	4,0	5,9	5,0
69,84	18,82	4,0	5,9	5,0
69,86	18,82	4,0	5,9	5,0
69,89	18,79	4,0	5,9	5,0
69,91	18,77	4,0	5,9	5,0
69,93	18,77	4,0	5,9	5,0
69,96	18,77	4,0	5,9	5,0
69,98	18,75	4,0	5,9	5,0
70,01	18,73	4,0	5,9	5,0
70,03	18,72	4,0	5,9	5,0
70,06	18,72	4,0	5,9	5,0
70,08	18,70	4,0	5,9	5,0
70,10	18,68	4,0	5,9	5,0
70,13	18,68	4,0	5,9	5,0
70,15	18,67	4,0	5,9	5,0
70,18	18,66	4,0	5,9	5,0
70,20	18,64	4,0	5,9	5,0
70,23	18,64	4,0	5,9	5,0
70,25	18,63	4,0	5,9	5,0
70,28	18,61	4,0	5,9	5,0
70,30	18,60	4,0	5,9	5,0
70,32	18,59	4,0	5,9	5,0
70,35	18,58	4,0	5,9	5,0
70,37	18,56	4,0	5,9	5,0
70,40	18,54	4,0	5,9	5,0
70,42	18,55	4,0	5,9	5,0
70,45	18,54	4,0	5,9	5,0
70,47	18,52	4,0	5,9	5,0
70,50	18,51	4,0	5,9	5,0
70,52	18,50	4,0	5,9	5,0
70,54	18,49	4,0	5,9	5,0
70,57	18,49	4,0	5,9	5,0
70,59	18,48	4,0	5,9	5,0
70,62	18,46	4,0	5,9	5,0
70,64	18,46	4,0	5,9	5,0
70,67	18,46	4,0	5,9	5,0
70,69	18,44	4,0	5,9	5,0
70,72	18,43	4,0	5,9	5,0
70,74	18,43	4,0	5,9	5,0
70,76	18,43	4,0	5,9	5,0
70,79	18,41	4,0	5,9	5,0
70,81	18,40	4,0	5,9	5,0
70,84	18,39	4,0	5,9	5,0
70,86	18,39	4,0	5,9	5,0
70,89	18,38	4,0	5,9	5,0
70,91	18,37	4,0	5,9	5,0
70,94	18,38	4,0	5,9	5,0
70,96	18,38	4,0	5,9	5,0
70,98	18,36	4,0	5,9	5,0
71,01	18,36	4,0	5,9	5,0
71,03	18,36	4,0	5,9	5,0
71,06	18,36	4,0	5,9	5,0
71,08	18,35	4,0	5,9	5,0
71,11	18,34	4,0	5,9	5,0
71,13	18,35	4,0	5,9	5,0
71,15	18,35	4,0	5,9	5,0
71,18	18,35	4,0	5,9	5,0
71,20	18,34	4,0	5,9	5,0
71,23	18,33	4,0	5,9	5,0
71,25	18,33	4,0	5,9	5,0
71,28	18,34	4,0	5,9	5,0
71,30	18,33	4,0	5,9	5,0
71,33	18,32	4,0	5,9	5,0
71,35	18,33	4,0	5,9	5,0
71,37	18,34	4,0	5,9	5,0
71,40	18,34	4,0	5,9	5,0
71,42	18,32	4,0	5,9	5,0
71,45	18,33	4,0	5,9	5,0
71,47	18,34	4,0	5,9	5,0
71,50	18,34	4,0	5,9	5,0
71,52	18,33	4,0	5,9	5,0
71,55	18,33	4,0	5,9	5,0
71,57	18,35	4,0	5,9	5,0
71,59	18,34	4,0	5,9	5,0
71,62	18,34	4,0	5,9	5,0
71,64	18,35	4,0	5,9	5,0
71,67	18,36	4,0	5,9	5,0
71,69	18,36	4,0	5,9	5,0
71,72	18,36	4,0	5,9	5,0
71,74	18,37	4,0	5,9	5,0
71,77	18,38	4,0	5,9	5,0
71,79	18,38	4,0	5,9	5,0
71,81	18,38	4,0	5,9	5,0
71,84	18,39	4,0	5,9	5,0
71,86	18,40	4,0	5,9	5,0
71,89	18,40	4,0	5,9	5,0
71,91	18,40	4,0	5,9	5,0
71,94	18,41	4,0	5,9	5,0
71,96	18,42	4,0	5,9	5,0
71,99	18,42	4,0	5,9	5,0
72,01	18,42	4,0	5,9	5,0
72,03	18,43	4,0	5,9	5,0
72,06	18,45	4,0	5,9	5,0
72,08	18,45	4,0	5,9	5,0
72,11	18,45	4,0	5,9	5,0
72,13	18,47	4,0	5,9	5,0
72,16	18,48	4,0	5,9	5,0
72,18	18,48	4,0	5,9	5,0
72,20	18,49	4,0	5,9	5,0
72,23	18,51	4,0	5,9	5,0
72,25	18,52	4,0	5,9	5,0
72,28	18,51	4,0	5,9	5,0
72,30	18,52	4,0	5,9	5,0
72,33	18,54	4,0	5,9	5,0
72,35	18,55	4,0	5,9	5,0
72,38	18,55	4,0	5,9	5,0
72,40	18,56	4,0	5,9	5,0
72,42	18,58	4,0	5,9	5,0
72,45	18,59	4,0	5,9	5,0
72,47	18,59	4,0	5,9	5,0
72,50	18,60	4,0	5,9	5,0
72,52	18,62	4,0	5,9	5,0
72,55	18,64	4,0	5,9	5,0
72,57	18,64	4,0	5,9	5,0
72,60	18,66	4,0	5,9	5,0
72,62	18,69	4,0	5,9	5,0
72,64	18,70	4,0	5,9	5,0
72,67	18,70	4,0	5,9	5,0
72,69	18,72	4,0	5,9	5,0
72,72	18,74	4,0	5,9	5,0
72,74	18,75	4,0	5,9	5,0
72,77	18,75	4,0	5,9	5,0
72,79	18,77	4,0	5,9	5,0
72,82	18,80	4,0	5,9	5,0
72,84	18,81	4,0	5,9	5,0
72,86	18,82	4,0	5,9	5,0
72,89	18,84	4,0	5,9	5,0
72,91	18,87	4,0	5,9	5,0
72,94	18,88	4,0	5,9	5,0
72,96	18,90	4,0	5,9	5,0
72,99	18,91	4,0	5,9	5,0
73,01	18,93	4,0	5,9	5,0
73,04	18,95	4,0	5,9	5,0
73,06	18,97	4,0	5,9	5,0
73,08	18,99	4,0	5,9	5,0
73,11	19,01	4,0	5,9	5,0
73,13	19,03	4,0	5,9	5,0
73,16	19,06	4,0	5,9	5,0
73,18	19,07	4,0	5,9	5,0
73,21	19,09	4,0	5,9	5,0
73,23	19,12	4,0	5,9	5,0
73,25	19,13	4,0	5,9	5,0
73,28	19,15	4,0	5,9	5,0
73,30	19,17	4,0	5,9	5,0
73,33	19,20	4,0	5,9	5,0
73,35	19,23	4,0	5,9	5,0
73,38	19,24	4,0	5,9	5,0
73,40	19,27	4,0	5,9	5,0
73,43	19,30	4,0	5,9	5,0
73,45	19,32	4,0	5,9	5,0
73,47	19,34	4,0	5,9	5,0
73,50	19,36	4,0	5,9	5,0
73,52	19,40	4,0	5,9	5,0
73,55	19,42	4,0	5,9	5,0
73,57	19,44	4,0	5,9	5,0
73,60	19,46	4,0	5,9	5,0
73,62	19,49	4,0	5,9	5,0
73,65	19,52	4,0	5,9	5,0
73,67	19,55	4,0	5,9	5,0
73,69	19,56	4,0	5,9	5,0
73,72	19,59	4,0	5,9	5,0
73,74	19,62	4,0	5,9	5,0
73,77	19,66	4,0	5,9	5,0
73,79	19,68	4,0	5,9	5,0
73,82	19,70	4,0	5,9	5,0
73,84	19,74	4,0	5,9	5,0
73,87	19,78	4,0	5,9	5,0
73,89	19,80	4,0	5,9	5,0
73,91	19,82	4,0	5,9	5,0
73,94	19,86	4,0	5,9	5,0
73,96	19,89	4,0	5,9	5,0
73,99	19,92	4,0	5,9	5,0
74,01	19,94	4,0	5,9	5,0
74,04	19,98	4,0	5,9	5,0
74,06	20,01	4,0	5,9	5,0
74,09	20,03	4,0	5,9	5,0
74,11	20,07	4,0	5,9	5,0
74,13	20,11	4,0	5,9	5,0
74,16	20,14	4,0	5,9	5,0
74,18	20,16	4,0	5,9	5,0
74,21	20,19	4,0	5,9	5,0
74,23	20,23	4,0	5,9	5,0
74,26	20,27	4,0	5,9	5,0
74,28	20,29	4,0	5,9	5,0
74,31	20,33	4,0	5,9	5,0
74,33	20,37	4,0	5,9	5,0
74,35	20,40	4,0	5,9	5,0
74,38	20,43	4,0	5,9	5,0
74,40	20,46	4,0	5,9	5,0
74,43	20,51	4,0	5,9	5,0
74,45	20,53	4,0	5,9	5,0
74,48	20,56	4,0	5,9	5,0
74,50	20,60	4,0	5,9	5,0
74,52	20,65	4,0	5,9	5,0
74,55	20,68	4,0	5,9	5,0
74,57	20,71	4,0	5,9	5,0
74,60	20,75	4,0	5,9	5,0
74,62	20,80	4,0	5,9	5,0
74,65	20,82	4,0	5,9	5,0
74,67	20,85	4,0	5,9	5,0
74,70	20,90	4,0	5,9	5,0
74,72	20,95	4,0	5,9	5,0
74,74	20,98	4,0	5,9	5,0
74,77	21,01	4,0	5,9	5,0
74,79	21,05	4,0	5,9	5,0
74,82	21,10	4,0	5,9	5,0
74,84	21,13	4,0	5,9	5,0
74,87	21,16	4,0	5,9	5,0
74,89	21,21	4,0	5,9	5,0
74,92	21,26	4,0	5,9	5,0
74,94	21,29	4,0	5,9	5,0
74,96	21,32	4,0	5,9	5,0
74,99	21,37	4,0	5,9	5,0
75,01	21,43	4,0	5,9	5,0
75,04	21,46	4,0	5,9	5,0
75,06	21,49	4,0	5,9	5,0
75,09	21,54	4,0	5,9	5,0
75,11	21,60	4,0	5,9	5,0
75,14	21,63	4,0	5,9	5,0
75,16	21,66	4,0	5,9	5,0
75,18	21,71	4,0	5,9	5,0
75,21	21,77	4,0	5,9	5,0
75,23	21,80	4,0	5,9	5,0
75,26	21,83	4,0	5,9	5,0
75,28	21,89	4,0	5,9	5,0
75,31	21,94	4,0	5,9	5,0
75,33	21,97	4,0	5,9	5,0
75,36	22,01	4,0	5,9	5,0
75,38	22,06	4,0	5,9	5,0
75,40	22,11	4,0	5,9	5,0
75,43	22,16	4,0	5,9	5,0
75,45	22,21	4,0	5,9	5,0
75,48	22,25	4,0	5,9	5,0
75,50	22,30	4,0	5,9	5,0
75,53	22,36	4,0	5,9	5,0
75,55	22,39	4,0	5,9	5,0
75,57	22,44	4,0	5,9	5,0
75,60	22,49	4,0	5,9	5,0
75,62	22,54	4,0	5,9	5,0
75,65	22,59	4,0	5,9	5,0
75,67	22,63	4,0	5,9	5,0
75,70	22,69	4,0	5,9	5,0
75,72	22,74	4,0	5,9	5,0
75,75	22,78	4,0	5,9	5,0
75,77	22,83	4,0	5,9	5,0
75,79	22,88	4,0	5,9	5,0
75,82	22,93	4,0	5,9	5,0
75,84	22,98	4,0	5,9	5,0
75,87	23,01	4,0	5,9	5,0
75,89	23,07	4,0	5,9	5,0
75,92	23,13	4,0	5,9	5,0
75,94	23,17	4,0	5,9	5,0
75,97	23,22	4,0	5,9	5,0
75,99	23,27	4,0	5,9	5,0
76,01	23,33	4,0	5,9	5,0
76,04	23,38	4,0	5,9	5,0
76,06	23,42	4,0	5,9	5,0
76,09	23,46	4,0	5,9	5,0
76,11	23,51	4,0	5,9	5,0
76,14	23,57	4,0	5,9	5,0
76,16	23,62	4,0	5,9	5,0
76,19	23,66	4,0	5,9	5,0
76,21	23,72	4,0	5,9	5,0
76,23	23,78	4,0	5,9	5,0
76,26	23,82	4,0	5,9	5,0
76,28	23,87	4,0	5,9	5,0
76,31	23,92	4,0	5,9	5,0
76,33	23,99	4,0	5,9	5,0
76,36	24,03	4,0	5,9	5,0
76,38	24,08	4,0	5,9	5,0
76,41	24,14	4,0	5,9	5,0
76,43	24,20	4,0	5,9	5,0
76,45	24,25	4,0	5,9	5,0
76,48	24,30	4,0	5,9	5,0
76,50	24,37	4,0	5,9	5,0
76,53	24,43	4,0	5,9	5,0
76,55	24,48	4,0	5,9	5,0
76,58	24,52	4,0	5,9	5,0
76,60	24,59	4,0	5,9	5,0
76,62	24,65	4,0	5,9	5,0
76,65	24,71	4,0	5,9	5,0
76,67	24,76	4,0	5,9	5,0
76,70	24,82	4,0	5,9	5,0
76,72	24,89	4,0	5,9	5,0
76,75	24,94	4,0	5,9	5,0
76,77	24,98	4,0	5,9	5,0
76,80	25,05	4,0	5,9	5,0
76,82	25,11	4,0	5,9	5,0
76,84	25,16	4,0	5,9	5,0
76,87	25,21	4,0	5,9	5,0
76,89	25,28	4,0	5,9	5,0
76,92	25,35	4,0	5,9	5,0
76,94	25,40	4,0	5,9	5,0
76,97	25,45	4,0	5,9	5,0
76,99	25,52	4,0	5,9	5,0
77,02	25,58	4,0	5,9	5,0
77,04	25,63	4,0	5,9	5,0
77,06	25,68	4,0	5,9	5,0
77,09	25,74	4,0	5,9	5,0
77,11	25,81	4,0	5,9	5,0
77,14	25,86	4,0	5,9	5,0
77,16	25,91	4,0	5,9	5,0
77,19	25,98	4,0	5,9	5,0
77,21	26,04	4,0	5,9	5,0
77,24	26,10	4,0	5,9	5,0
77,26	26,15	4,0	5,9	5,0
77,28	26,22	4,0	5,9	5,0
77,31	26,28	4,0	5,9	5,0
77,33	26,32	4,0	5,9	5,0
77,36	26,38	4,0	5,9	5,0
77,38	26,46	4,0	5,9	5,0
77,41	26,52	4,0	5,9	5,0
77,43	26,57	4,0	5,9	5,0
77,46	26,63	4,0	5,9	5,0
77,48	26,71	4,0	5,9	5,0
77,50	26,77	4,0	5,9	5,0
77,53	26,82	4,0	5,9	5,0
77,55	26,88	4,0	5,9	5,0
77,58	26,95	4,0	5,9	5,0
77,60	27,02	4,0	5,9	5,0
77,63	27,07	4,0	5,9	5,0
77,65	27,13	4,0	5,9	5,0
77,68	27,21	4,0	5,9	5,0
77,70	27,27	4,0	5,9	5,0
77,72	27,32	4,0	5,9	5,0
77,75	27,39	4,0	5,9	5,0
77,77	27,46	4,0	5,9	5,0
77,80	27,51	4,0	5,9	5,0
77,82	27,57	4,0	5,9	5,0
77,85	27,63	4,0	5,9	5,0
77,87	27,68	4,0	5,9	5,0
77,89	27,75	4,0	5,9	5,0
77,92	27,82	4,0	5,9	5,0
77,94	27,88	4,0	5,9	5,0
77,97	27,94	4,0	5,9	5,0
77,99	28,02	4,0	5,9	5,0
78,02	28,08	4,0	5,9	5,0
78,04	28,14	4,0	5,9	5,0
78,07	28,20	4,0	5,9	5,0
78,09	28,27	4,0	5,9	5,0
78,11	28,34	4,0	5,9	5,0
78,14	28,40	4,0	5,9	5,0
78,16	28,46	4,0	5,9	5,0
78,19	28,53	4,0	5,9	5,0
78,21	28,59	4,0	5,9	5,0
78,24	28,64	4,0	5,9	5,0
78,26	28,70	4,0	5,9	5,0
78,29	28,77	4,0	5,9	5,0
78,31	28,83	4,0	5,9	5,0
78,33	28,89	4,0	5,9	5,0
78,36	28,95	4,0	5,9	5,0
78,38	29,02	4,0	5,9	5,0
78,41	29,09	4,0	5,9	5,0
78,43	29,14	4,0	5,9	5,0
78,46	29,21	4,0	5,9	5,0
78,48	29,29	4,0	5,9	5,0
78,51	29,36	4,0	5,9	5,0
78,53	29,43	4,0	5,9	5,0
78,55	29,48	4,0	5,9	5,0
78,58	29,54	4,0	5,9	5,0
78,60	29,61	4,0	5,9	5,0
78,63	29,69	4,0	5,9	5,0
78,65	29,73	4,0	5,9	5,0
78,68	29,79	4,0	5,9	5,0
78,70	29,86	4,0	5,9	5,0
78,73	29,94	4,0	5,9	5,0
78,75	29,99	4,0	5,9	5,0
78,77	30,04	4,0	5,9	5,0
78,80	30,12	4,0	5,9	5,0
78,82	30,21	4,0	5,9	5,0
78,85	30,26	4,0	5,9	5,0
78,87	30,32	4,0	5,9	5,0
78,90	30,40	4,0	5,9	5,0
78,92	30,48	4,0	5,9	5,0
78,94	30,53	4,0	5,9	5,0
78,97	30,60	4,0	5,9	5,0
78,99	30,66	4,0	5,9	5,0
79,02	30,73	4,0	5,9	5,0
79,04	30,79	4,0	5,9	5,0
79,07	30,85	4,0	5,9	5,0
79,09	30,92	4,0	5,9	5,0
79,12	30,99	4,0	5,9	5,0
79,14	31,05	4,0	5,9	5,0
79,16	31,11	4,0	5,9	5,0
79,19	31,19	4,0	5,9	5,0
79,21	31,26	4,0	5,9	5,0
79,24	31,31	4,0	5,9	5,0
79,26	31,38	4,0	5,9	5,0
79,29	31,46	4,0	5,9	5,0
79,31	31,53	4,0	5,9	5,0
79,34	31,59	4,0	5,9	5,0
79,36	31,66	4,0	5,9	5,0
79,38	31,73	4,0	5,9	5,0
79,41	31,80	4,0	5,9	5,0
79,43	31,85	4,0	5,9	5,0
79,46	31,92	4,0	5,9	5,0
79,48	31,99	4,0	5,9	5,0
79,51	32,05	4,0	5,9	5,0
79,53	32,10	4,0	5,9	5,0
79,56	32,17	4,0	5,9	5,0
79,58	32,25	4,0	5,9	5,0
79,60	32,31	4,0	5,9	5,0
79,63	32,36	4,0	5,9	5,0
79,65	32,44	4,0	5,9	5,0
79,68	32,51	4,0	5,9	5,0
79,70	32,57	4,0	5,9	5,0
79,73	32,63	4,0	5,9	5,0
79,75	32,71	4,0	5,9	5,0
79,78	32,79	4,0	5,9	5,0
79,80	32,85	4,0	5,9	5,0
79,82	32,90	4,0	5,9	5,0
79,85	32,98	4,0	5,9	5,0
79,87	33,06	4,0	5,9	5,0
79,90	33,11	4,0	5,9	5,0
79,92	33,16	4,0	5,9	5,0
79,95	33,24	4,0	5,9	5,0
79,97	33,31	4,0	5,9	5,0
79,99	33,37	4,0	5,9	5,0
80,02	33,42	4,0	5,9	5,0
80,04	33,50	4,0	5,9	5,0
80,07	33,58	4,0	5,9	5,0
80,09	33,63	4,0	5,9	5,0
80,12	33,69	4,0	5,9	5,0
80,14	33,76	4,0	5,9	5,0
80,17	33,84	4,0	5,9	5,0
80,19	33,89	4,0	5,9	5,0
80,21	33,95	4,0	5,9	5,0
80,24	34,03	4,0	5,9	5,0
80,26	34,10	4,0	5,9	5,0
80,29	34,17	4,0	5,9	5,0
80,31	34,23	4,0	5,9	5,0
80,34	34,29	4,0	5,9	5,0
80,36	34,36	4,0	5,9	5,0
80,39	34,42	4,0	5,9	5,0
80,41	34,49	4,0	5,9	5,0
80,43	34,54	4,0	5,9	5,0
80,46	34,61	4,0	5,9	5,0
80,48	34,68	4,0	5,9	5,0
80,51	34,73	4,0	5,9	5,0
80,53	34,79	4,0	5,9	5,0
80,56	34,86	4,0	5,9	5,0
80,58	34,93	4,0	5,9	5,0
80,61	34,98	4,0	5,9	5,0
80,63	35,04	4,0	5,9	5,0
80,65	35,10	4,0	5,9	5,0
80,68	35,17	4,0	5,9	5,0
80,70	35,21	4,0	5,9	5,0
80,73	35,27	4,0	5,9	5,0
80,75	35,34	4,0	5,9	5,0
80,78	35,40	4,0	5,9	5,0
80,80	35,45	4,0	5,9	5,0
80,83	35,51	4,0	5,9	5,0
80,85	35,57	4,0	5,9	5,0
80,87	35,64	4,0	5,9	5,0
80,90	35,68	4,0	5,9	5,0
80,92	35,74	4,0	5,9	5,0
80,95	35,78	4,0	5,9	5,0
80,97	35,84	4,0	5,9	5,0
81,00	35,91	4,0	5,9	5,0
81,02	35,96	4,0	5,9	5,0
81,04	36,01	4,0	5,9	5,0
81,07	36,07	4,0	5,9	5,0
81,09	36,13	4,0	5,9	5,0
81,12	36,18	4,0	5,9	5,0
81,14	36,23	4,0	5,9	5,0
81,17	36,29	4,0	5,9	5,0
81,19	36,35	4,0	5,9	5,0
81,22	36,40	4,0	5,9	5,0
81,24	36,46	4,0	5,9	5,0
81,26	36,52	4,0	5,9	5,0
81,29	36,58	4,0	5,9	5,0
81,31	36,64	4,0	5,9	5,0
81,34	36,68	4,0	5,9	5,0
81,36	36,74	4,0	5,9	5,0
81,39	36,81	4,0	5,9	5,0
81,41	36,86	4,0	5,9	5,0
81,44	36,91	4,0	5,9	5,0
81,46	36,98	4,0	5,9	5,0
81,48	37,04	4,0	5,9	5,0
81,51	37,08	4,0	5,9	5,0
81,53	37,13	4,0	5,9	5,0
81,56	37,20	4,0	5,9	5,0
81,58	37,26	4,0	5,9	5,0
81,61	37,31	4,0	5,9	5,0
81,63	37,36	4,0	5,9	5,0
81,66	37,43	4,0	5,9	5,0
81,68	37,49	4,0	5,9	5,0
81,70	37,53	4,0	5,9	5,0
81,73	37,57	4,0	5,9	5,0
81,75	37,64	4,0	5,9	5,0
81,78	37,71	4,0	5,9	5,0
81,80	37,74	4,0	5,9	5,0
81,83	37,79	4,0	5,9	5,0
81,85	37,85	4,0	5,9	5,0
81,88	37,91	4,0	5,9	5,0
81,90	37,95	4,0	5,9	5,0
81,92	38,00	4,0	5,9	5,0
81,95	38,06	4,0	5,9	5,0
81,97	38,12	4,0	5,9	5,0
82,00	38,17	4,0	5,9	5,0
82,02	38,22	4,0	5,9	5,0
82,05	38,28	4,0	5,9	5,0
82,07	38,34	4,0	5,9	5,0
82,10	38,38	4,0	5,9	5,0
82,12	38,42	4,0	5,9	5,0
82,14	38,48	4,0	5,9	5,0
82,17	38,54	4,0	5,9	5,0
82,19	38,58	4,0	5,9	5,0
82,22	38,63	4,0	5,9	5,0
82,24	38,70	4,0	5,9	5,0
82,27	38,76	4,0	5,9	5,0
82,29	38,79	4,0	5,9	5,0
82,31	38,83	4,0	5,9	5,0
82,34	38,90	4,0	5,9	5,0
82,36	38,96	4,0	5,9	5,0
82,39	38,99	4,0	5,9	5,0
82,41	39,04	4,0	5,9	5,0
82,44	39,10	4,0	5,9	5,0
82,46	39,16	4,0	5,9	5,0
82,49	39,20	4,0	5,9	5,0
82,51	39,24	4,0	5,9	5,0
82,53	39,30	4,0	5,9	5,0
82,56	39,35	4,0	5,9	5,0
82,58	39,39	4,0	5,9	5,0
82,61	39,44	4,0	5,9	5,0
82,63	39,49	4,0	5,9	5,0
82,66	39,54	4,0	5,9	5,0
82,68	39,57	4,0	5,9	5,0
82,71	39,63	4,0	5,9	5,0
82,73	39,67	4,0	5,9	5,0
82,75	39,72	4,0	5,9	5,0
82,78	39,77	4,0	5,9	5,0
82,80	39,81	4,0	5,9	5,0
82,83	39,85	4,0	5,9	5,0
82,85	39,90	4,0	5,9	5,0
82,88	39,94	4,0	5,9	5,0
82,90	39,97	4,0	5,9	5,0
82,93	40,01	4,0	5,9	5,0
82,95	40,05	4,0	5,9	5,0
82,97	40,10	4,0	5,9	5,0
83,00	40,13	4,0	5,9	5,0
83,02	40,16	4,0	5,9	5,0
83,05	40,22	4,0	5,9	5,0
83,07	40,26	4,0	5,9	5,0
83,10	40,29	4,0	5,9	5,0
83,12	40,33	4,0	5,9	5,0
83,15	40,39	4,0	5,9	5,0
83,17	40,44	4,0	5,9	5,0
83,19	40,46	4,0	5,9	5,0
83,22	40,50	4,0	5,9	5,0
83,24	40,55	4,0	5,9	5,0
83,27	40,58	4,0	5,9	5,0
83,29	40,61	4,0	5,9	5,0
83,32	40,64	4,0	5,9	5,0
83,34	40,69	4,0	5,9	5,0
83,36	40,73	4,0	5,9	5,0
83,39	40,77	4,0	5,9	5,0
83,41	40,80	4,0	5,9	5,0
83,44	40,83	4,0	5,9	5,0
83,46	40,89	4,0	5,9	5,0
83,49	40,93	4,0	5,9	5,0
83,51	40,95	4,0	5,9	5,0
83,54	40,99	4,0	5,9	5,0
83,56	41,04	4,0	5,9	5,0
83,58	41,08	4,0	5,9	5,0
83,61	41,11	4,0	5,9	5,0
83,63	41,14	4,0	5,9	5,0
83,66	41,19	4,0	5,9	5,0
83,68	41,24	4,0	5,9	5,0
83,71	41,27	4,0	5,9	5,0
83,73	41,30	4,0	5,9	5,0
83,76	41,35	4,0	5,9	5,0
83,78	41,39	4,0	5,9	5,0
83,80	41,41	4,0	5,9	5,0
83,83	41,44	4,0	5,9	5,0
83,85	41,49	4,0	5,9	5,0
83,88	41,53	4,0	5,9	5,0
83,90	41,56	4,0	5,9	5,0
83,93	41,59	4,0	5,9	5,0
83,95	41,65	4,0	5,9	5,0
83,98	41,69	4,0	5,9	5,0
84,00	41,71	4,0	5,9	5,0
84,02	41,74	4,0	5,9	5,0
84,05	41,78	4,0	5,9	5,0
84,07	41,83	4,0	5,9	5,0
84,10	41,85	4,0	5,9	5,0
84,12	41,89	4,0	5,9	5,0
84,15	41,93	4,0	5,9	5,0
84,17	41,98	4,0	5,9	5,0
84,20	42,00	4,0	5,9	5,0
84,22	42,03	4,0	5,9	5,0
84,24	42,08	4,0	5,9	5,0
84,27	42,12	4,0	5,9	5,0
84,29	42,14	4,0	5,9	5,0
84,32	42,17	4,0	5,9	5,0
84,34	42,22	4,0	5,9	5,0
84,37	42,25	4,0	5,9	5,0
84,39	42,27	4,0	5,9	5,0
84,41	42,31	4,0	5,9	5,0
84,44	42,36	4,0	5,9	5,0
84,46	42,38	4,0	5,9	5,0
84,49	42,40	4,0	5,9	5,0
84,51	42,43	4,0	5,9	5,0
84,54	42,47	4,0	5,9	5,0
84,56	42,49	4,0	5,9	5,0
84,59	42,52	4,0	5,9	5,0
84,61	42,55	4,0	5,9	5,0
84,63	42,59	4,0	5,9	5,0
84,66	42,62	4,0	5,9	5,0
84,68	42,65	4,0	5,9	5,0
84,71	42,69	4,0	5,9	5,0
84,73	42,73	4,0	5,9	5,0
84,76	42,74	4,0	5,9	5,0
84,78	42,76	4,0	5,9	5,0
84,81	42,81	4,0	5,9	5,0
84,83	42,85	4,0	5,9	5,0
84,85	42,87	4,0	5,9	5,0
84,88	42,89	4,0	5,9	5,0
84,90	42,93	4,0	5,9	5,0
84,93	42,96	4,0	5,9	5,0
84,95	42,99	4,0	5,9	5,0
84,98	43,01	4,0	5,9	5,0
85,00	43,05	4,0	5,9	5,0
85,03	43,08	4,0	5,9	5,0
85,05	43,11	4,0	5,9	5,0
85,07	43,13	4,0	5,9	5,0
85,10	43,17	4,0	5,9	5,0
85,12	43,21	4,0	5,9	5,0
85,15	43,23	4,0	5,9	5,0
85,17	43,25	4,0	5,9	5,0
85,20	43,28	4,0	5,9	5,0
85,22	43,30	4,0	5,9	5,0
85,25	43,33	4,0	5,9	5,0
85,27	43,36	4,0	5,9	5,0
85,29	43,38	4,0	5,9	5,0
85,32	43,40	4,0	5,9	5,0
85,34	43,43	4,0	5,9	5,0
85,37	43,45	4,0	5,9	5,0
85,39	43,47	4,0	5,9	5,0
85,42	43,50	4,0	5,9	5,0
85,44	43,53	4,0	5,9	5,0
85,47	43,54	4,0	5,9	5,0
85,49	43,56	4,0	5,9	5,0
85,51	43,60	4,0	5,9	5,0
85,54	43,63	4,0	5,9	5,0
85,56	43,65	4,0	5,9	5,0
85,59	43,67	4,0	5,9	5,0
85,61	43,71	4,0	5,9	5,0
85,64	43,73	4,0	5,9	5,0
85,66	43,75	4,0	5,9	5,0
85,68	43,77	4,0	5,9	5,0
85,71	43,80	4,0	5,9	5,0
85,73	43,82	4,0	5,9	5,0
85,76	43,85	4,0	5,9	5,0
85,78	43,87	4,0	5,9	5,0
85,81	43,90	4,0	5,9	5,0
85,83	43,93	4,0	5,9	5,0
85,86	43,98	4,0	5,9	5,0
85,88	44,00	4,0	5,9	5,0
85,90	44,01	4,0	5,9	5,0
85,93	44,03	4,0	5,9	5,0
85,95	44,08	4,0	5,9	5,0
85,98	44,10	4,0	5,9	5,0
86,00	44,11	4,0	5,9	5,0
86,03	44,14	4,0	5,9	5,0
86,05	44,18	4,0	5,9	5,0
86,08	44,20	4,0	5,9	5,0
86,10	44,22	4,0	5,9	5,0
86,12	44,25	4,0	5,9	5,0
86,15	44,29	4,0	5,9	5,0
86,17	44,30	4,0	5,9	5,0
86,20	44,32	4,0	5,9	5,0
86,22	44,35	4,0	5,9	5,0
86,25	44,39	4,0	5,9	5,0
86,27	44,41	4,0	5,9	5,0
86,30	44,43	4,0	5,9	5,0
86,32	44,46	4,0	5,9	5,0
86,34	44,50	4,0	5,9	5,0
86,37	44,52	4,0	5,9	5,0
86,39	44,53	4,0	5,9	5,0
86,42	44,56	4,0	5,9	5,0
86,44	44,59	4,0	5,9	5,0
86,47	44,61	4,0	5,9	5,0
86,49	44,63	4,0	5,9	5,0
86,52	44,66	4,0	5,9	5,0
86,54	44,70	4,0	5,9	5,0
86,56	44,72	4,0	5,9	5,0
86,59	44,75	4,0	5,9	5,0
86,61	44,78	4,0	5,9	5,0
86,64	44,81	4,0	5,9	5,0
86,66	44,83	4,0	5,9	5,0
86,69	44,85	4,0	5,9	5,0
86,71	44,88	4,0	5,9	5,0
86,73	44,91	4,0	5,9	5,0
86,76	44,92	4,0	5,9	5,0
86,78	44,94	4,0	5,9	5,0
86,81	44,98	4,0	5,9	5,0
86,83	45,02	4,0	5,9	5,0
86,86	45,02	4,0	5,9	5,0
86,88	45,03	4,0	5,9	5,0
86,91	45,06	4,0	5,9	5,0
86,93	45,08	4,0	5,9	5,0
86,95	45,09	4,0	5,9	5,0
86,98	45,12	4,0	5,9	5,0
87,00	45,16	4,0	5,9	5,0
87,03	45,18	4,0	5,9	5,0
87,05	45,20	4,0	5,9	5,0
87,08	45,21	4,0	5,9	5,0
87,10	45,25	4,0	5,9	5,0
87,13	45,27	4,0	5,9	5,0
87,15	45,28	4,0	5,9	5,0
87,17	45,31	4,0	5,9	5,0
87,20	45,34	4,0	5,9	5,0
87,22	45,37	4,0	5,9	5,0
87,25	45,38	4,0	5,9	5,0
87,27	45,40	4,0	5,9	5,0
87,30	45,45	4,0	5,9	5,0
87,32	45,47	4,0	5,9	5,0
87,35	45,48	4,0	5,9	5,0
87,37	45,51	4,0	5,9	5,0
87,39	45,55	4,0	5,9	5,0
87,42	45,58	4,0	5,9	5,0
87,44	45,58	4,0	5,9	5,0
87,47	45,60	4,0	5,9	5,0
87,49	45,64	4,0	5,9	5,0
87,52	45,67	4,0	5,9	5,0
87,54	45,68	4,0	5,9	5,0
87,57	45,71	4,0	5,9	5,0
87,59	45,75	4,0	5,9	5,0
87,61	45,77	4,0	5,9	5,0
87,64	45,79	4,0	5,9	5,0
87,66	45,81	4,0	5,9	5,0
87,69	45,82	4,0	5,9	5,0
87,71	45,85	4,0	5,9	5,0
87,74	45,87	4,0	5,9	5,0
87,76	45,90	4,0	5,9	5,0
87,78	45,92	4,0	5,9	5,0
87,81	45,95	4,0	5,9	5,0
87,83	45,97	4,0	5,9	5,0
87,86	45,99	4,0	5,9	5,0
87,88	46,00	4,0	5,9	5,0
87,91	46,03	4,0	5,9	5,0
87,93	46,06	4,0	5,9	5,0
87,96	46,07	4,0	5,9	5,0
87,98	46,10	4,0	5,9	5,0
88,00	46,14	4,0	5,9	5,0
88,03	46,16	4,0	5,9	5,0
88,05	46,18	4,0	5,9	5,0
88,08	46,21	4,0	5,9	5,0
88,10	46,25	4,0	5,9	5,0
88,13	46,28	4,0	5,9	5,0
88,15	46,29	4,0	5,9	5,0
88,18	46,32	4,0	5,9	5,0
88,20	46,36	4,0	5,9	5,0
88,22	46,38	4,0	5,9	5,0
88,25	46,40	4,0	5,9	5,0
88,27	46,44	4,0	5,9	5,0
88,30	46,46	4,0	5,9	5,0
88,32	46,49	4,0	5,9	5,0
88,35	46,53	4,0	5,9	5,0
88,37	46,55	4,0	5,9	5,0
88,40	46,57	4,0	5,9	5,0
88,42	46,61	4,0	5,9	5,0
88,44	46,65	4,0	5,9	5,0
88,47	46,66	4,0	5,9	5,0
88,49	46,68	4,0	5,9	5,0
88,52	46,73	4,0	5,9	5,0
88,54	46,77	4,0	5,9	5,0
88,57	46,79	4,0	5,9	5,0
88,59	46,81	4,0	5,9	5,0
88,62	46,86	4,0	5,9	5,0
88,64	46,89	4,0	5,9	5,0
88,66	46,91	4,0	5,9	5,0
88,69	46,94	4,0	5,9	5,0
88,71	46,98	4,0	5,9	5,0
88,74	47,01	4,0	5,9	5,0
88,76	47,02	4,0	5,9	5,0
88,79	47,05	4,0	5,9	5,0
88,81	47,09	4,0	5,9	5,0
88,83	47,12	4,0	5,9	5,0
88,86	47,13	4,0	5,9	5,0
88,88	47,16	4,0	5,9	5,0
88,91	47,20	4,0	5,9	5,0
88,93	47,23	4,0	5,9	5,0
88,96	47,24	4,0	5,9	5,0
88,98	47,27	4,0	5,9	5,0
89,01	47,32	4,0	5,9	5,0
89,03	47,35	4,0	5,9	5,0
89,05	47,37	4,0	5,9	5,0
89,08	47,40	4,0	5,9	5,0
89,10	47,44	4,0	5,9	5,0
89,13	47,47	4,0	5,9	5,0
89,15	47,49	4,0	5,9	5,0
89,18	47,52	4,0	5,9	5,0
89,20	47,57	4,0	5,9	5,0
89,23	47,59	4,0	5,9	5,0
89,25	47,61	4,0	5,9	5,0
89,27	47,64	4,0	5,9	5,0
89,30	47,69	4,0	5,9	5,0
89,32	47,71	4,0	5,9	5,0
89,35	47,73	4,0	5,9	5,0
89,37	47,76	4,0	5,9	5,0
89,40	47,81	4,0	5,9	5,0
89,42	47,84	4,0	5,9	5,0
89,45	47,87	4,0	5,9	5,0
89,47	47,90	4,0	5,9	5,0
89,49	47,95	4,0	5,9	5,0
89,52	47,98	4,0	5,9	5,0
89,54	48,00	4,0	5,9	5,0
89,57	48,03	4,0	5,9	5,0
89,59	48,08	4,0	5,9	5,0
89,62	48,11	4,0	5,9	5,0
89,64	48,13	4,0	5,9	5,0
89,67	48,18	4,0	5,9	5,0
89,69	48,22	4,0	5,9	5,0
89,71	48,25	4,0	5,9	5,0
89,74	48,27	4,0	5,9	5,0
89,76	48,31	4,0	5,9	5,0
89,79	48,36	4,0	5,9	5,0
89,81	48,39	4,0	5,9	5,0
89,84	48,42	4,0	5,9	5,0
89,86	48,46	4,0	5,9	5,0
89,89	48,51	4,0	5,9	5,0
89,91	48,54	4,0	5,9	5,0
89,93	48,57	4,0	5,9	5,0
89,96	48,61	4,0	5,9	5,0
89,98	48,66	4,0	5,9	5,0
90,01	48,69	4,0	5,9	5,0
90,03	48,72	4,0	5,9	5,0
90,06	48,75	4,0	5,9	5,0
90,08	48,79	4,0	5,9	5,0
90,10	48,84	4,0	5,9	5,0
90,13	48,88	4,0	5,9	5,0
90,15	48,91	4,0	5,9	5,0
90,18	48,95	4,0	5,9	5,0
90,20	49,00	4,0	5,9	5,0
90,23	49,05	4,0	5,9	5,0
90,25	49,07	4,0	5,9	5,0
90,28	49,12	4,0	5,9	5,0
90,30	49,17	4,0	5,9	5,0
90,32	49,20	4,0	5,9	5,0
90,35	49,24	4,0	5,9	5,0
90,37	49,28	4,0	5,9	5,0
90,40	49,33	4,0	5,9	5,0
90,42	49,35	4,0	5,9	5,0
90,45	49,39	4,0	5,9	5,0
90,47	49,44	4,0	5,9	5,0
90,50	49,47	4,0	5,9	5,0
90,52	49,49	4,0	5,9	5,0
90,54	49,52	4,0	5,9	5,0
90,57	49,57	4,0	5,9	5,0
90,59	49,60	4,0	5,9	5,0
90,62	49,62	4,0	5,9	5,0
90,64	49,64	4,0	5,9	5,0
90,67	49,69	4,0	5,9	5,0
90,69	49,71	4,0	5,9	5,0
90,72	49,74	4,0	5,9	5,0
90,74	49,77	4,0	5,9	5,0
90,76	49,79	4,0	5,9	5,0
90,79	49,79	4,0	5,9	5,0
90,81	49,82	4,0	5,9	5,0
90,84	49,86	4,0	5,9	5,0
90,86	49,87	4,0	5,9	5,0
90,89	49,87	4,0	5,9	5,0
90,91	49,90	4,0	5,9	5,0
90,94	49,92	4,0	5,9	5,0
90,96	49,92	4,0	5,9	5,0
90,98	49,92	4,0	5,9	5,0
91,01	49,94	4,0	5,9	5,0
91,03	49,96	4,0	5,9	5,0
91,06	49,96	4,0	5,9	5,0
91,08	49,96	4,0	5,9	5,0
91,11	49,97	4,0	5,9	5,0
91,13	49,98	4,0	5,9	5,0
91,15	49,98	4,0	5,9	5,0
91,18	49,98	4,0	5,9	5,0
91,20	49,98	4,0	5,9	5,0
91,23	49,99	4,0	5,9	5,0
91,25	49,99	4,0	5,9	5,0
91,28	49,98	4,0	5,9	5,0
91,30	49,99	4,0	5,9	5,0
91,33	49,99	4,0	5,9	5,0
91,35	49,99	4,0	5,9	5,0
91,37	49,99	4,0	5,9	5,0
91,40	49,99	4,0	5,9	5,0
91,42	49,99	4,0	5,9	5,0
91,45	49,99	4,0	5,9	5,0
91,47	49,99	4,0	5,9	5,0
91,50	49,99	4,0	5,9	5,0
91,52	49,99	4,0	5,9	5,0
91,55	49,99	4,0	5,9	5,0
91,57	49,99	4,0	5,9	5,0
91,59	49,99	4,0	5,9	5,0
91,62	49,99	4,0	5,9	5,0
91,64	49,99	4,0	5,9	5,0
91,67	49,99	4,0	5,9	5,0
91,69	49,99	4,0	5,9	5,0
91,72	49,99	4,0	5,9	5,0
91,74	49,99	4,0	5,9	5,0
91,77	49,99	4,0	5,9	5,0
91,79	49,99	4,0	5,9	5,0
91,81	49,99	4,0	5,9	5,0
91,84	49,99	4,0	5,9	5,0
91,86	49,99	4,0	5,9	5,0
91,89	49,99	4,0	5,9	5,0
91,91	49,99	4,0	5,9	5,0
91,94	49,99	4,0	5,9	5,0
91,96	49,99	4,0	5,9	5,0
91,99	49,99	4,0	5,9	5,0
92,01	49,99	4,0	5,9	5,0
92,03	49,99	4,0	5,9	5,0
92,06	49,99	4,0	5,9	5,0
92,08	49,99	4,0	5,9	5,0
92,11	49,99	4,0	5,9	5,0
92,13	49,99	4,0	5,9	5,0
92,16	49,99	4,0	5,9	5,0
92,18	49,99	4,0	5,9	5,0
92,20	49,99	4,0	5,9	5,0
92,23	49,99	4,0	5,9	5,0
92,25	49,99	4,0	5,9	5,0
92,28	49,99	4,0	5,9	5,0
92,30	49,99	4,0	5,9	5,0
92,33	49,99	4,0	5,9	5,0
92,35	49,99	4,0	5,9	5,0
92,38	49,99	4,0	5,9	5,0
92,40	49,99	4,0	5,9	5,0
92,42	49,99	4,0	5,9	5,0
92,45	49,99	4,0	5,9	5,0
92,47	49,99	4,0	5,9	5,0
92,50	49,99	4,0	5,9	5,0
92,52	49,99	4,0	5,9	5,0
92,55	49,99	4,0	5,9	5,0
92,57	49,99	4,0	5,9	5,0
92,60	49,99	4,0	5,9	5,0
92,62	49,99	4,0	5,9	5,0
92,64	49,99	4,0	5,9	5,0
92,67	49,99	4,0	5,9	5,0
92,69	49,99	4,0	5,9	5,0
92,72	49,99	4,0	5,9	5,0
92,74	49,99	4,0	5,9	5,0
92,77	49,99	4,0	5,9	5,0
92,79	49,99	4,0	5,9	5,0
92,82	49,99	4,0	5,9	5,0
92,84	49,99	4,0	5,9	5,0
92,86	49,99	4,0	5,9	5,0
92,89	49,99	4,0	5,9	5,0
92,91	49,99	4,0	5,9	5,0
92,94	49,99	4,0	5,9	5,0
92,96	49,99	4,0	5,9	5,0
92,99	49,99	4,0	5,9	5,0
93,01	49,99	4,0	5,9	5,0
93,04	49,99	4,0	5,9	5,0
93,06	49,99	4,0	5,9	5,0
93,08	49,99	4,0	5,9	5,0
93,11	49,99	4,0	5,9	5,0
93,13	49,99	4,0	5,9	5,0
93,16	49,99	4,0	5,9	5,0
93,18	49,99	4,0	5,9	5,0
93,21	49,99	4,0	5,9	5,0
93,23	49,99	4,0	5,9	5,0
93,25	49,99	4,0	5,9	5,0
93,28	49,99	4,0	5,9	5,0
93,30	49,99	4,0	5,9	5,0
93,33	49,99	4,0	5,9	5,0
93,35	49,99	4,0	5,9	5,0
93,38	49,99	4,0	5,9	5,0
93,40	49,99	4,0	5,9	5,0
93,43	49,99	4,0	5,9	5,0
93,45	49,99	4,0	5,9	5,0
93,47	49,99	4,0	5,9	5,0
93,50	49,99	4,0	5,9	5,0
93,52	49,99	4,0	5,9	5,0
93,55	49,99	4,0	5,9	5,0
93,57	49,99	4,0	5,9	5,0
93,60	49,99	4,0	5,9	5,0
93,62	49,99	4,0	5,9	5,0
93,65	49,99	4,0	5,9	5,0
93,67	49,99	4,0	5,9	5,0
93,69	49,99	4,0	5,9	5,0
93,72	49,99	4,0	5,9	5,0
93,74	49,99	4,0	5,9	5,0
93,77	49,99	4,0	5,9	5,0
93,79	49,99	4,0	5,9	5,0
93,82	49,99	4,0	5,9	5,0
93,84	49,99	4,0	5,9	5,0
93,87	49,99	4,0	5,9	5,0
93,89	49,99	4,0	5,9	5,0
93,91	49,99	4,0	5,9	5,0
93,94	49,99	4,0	5,9	5,0
93,96	49,99	4,0	5,9	5,0
93,99	49,99	4,0	5,9	5,0
94,01	49,99	4,0	5,9	5,0
94,04	49,99	4,0	5,9	5,0
94,06	49,99	4,0	5,9	5,0
94,09	49,99	4,0	5,9	5,0
94,11	49,99	4,0	5,9	5,0
94,13	49,99	4,0	5,9	5,0
94,16	49,99	4,0	5,9	5,0
94,18	49,99	4,0	5,9	5,0
94,21	49,99	4,0	5,9	5,0
94,23	49,99	4,0	5,9	5,0
94,26	49,99	4,0	5,9	5,0
94,28	49,99	4,0	5,9	5,0
94,31	49,99	4,0	5,9	5,0
94,33	49,99	4,0	5,9	5,0
94,35	49,99	4,0	5,9	5,0
94,38	49,99	4,0	5,9	5,0
94,40	49,99	4,0	5,9	5,0
94,43	49,99	4,0	5,9	5,0
94,45	49,99	4,0	5,9	5,0
94,48	49,99	4,0	5,9	5,0
94,50	49,99	4,0	5,9	5,0
94,52	49,99	4,0	5,9	5,0
94,55	49,99	4,0	5,9	5,0
94,57	49,99	4,0	5,9	5,0
94,60	49,99	4,0	5,9	5,0
94,62	49,99	4,0	5,9	5,0
94,65	49,99	4,0	5,9	5,0
94,67	49,99	4,0	5,9	5,0
94,70	49,99	4,0	5,9	5,0
94,72	49,99	4,0	5,9	5,0
94,74	49,99	4,0	5,9	5,0
94,77	49,99	4,0	5,9	5,0
94,79	49,99	4,0	5,9	5,0
94,82	49,99	4,0	5,9	5,0
94,84	49,99	4,0	5,9	5,0
94,87	49,99	4,0	5,9	5,0
94,89	49,99	4,0	5,9	5,0
94,92	49,99	4,0	5,9	5,0
94,94	49,99	4,0	5,9	5,0
94,96	49,99	4,0	5,9	5,0
94,99	49,99	4,0	5,9	5,0
95,01	49,99	4,0	5,9	5,0
95,04	49,99	4,0	5,9	5,0
95,06	49,99	4,0	5,9	5,0
95,09	49,99	4,0	5,9	5,0
95,11	49,99	4,0	5,9	5,0
95,14	49,99	4,0	5,9	5,0
95,16	49,99	4,0	5,9	5,0
95,18	49,99	4,0	5,9	5,0
95,21	49,99	4,0	5,9	5,0
95,23	49,99	4,0	5,9	5,0
95,26	49,99	4,0	5,9	5,0
95,28	49,99	4,0	5,9	5,0
95,31	49,99	4,0	5,9	5,0
95,33	49,99	4,0	5,9	5,0
95,36	49,99	4,0	5,9	5,0
95,38	49,99	4,0	5,9	5,0
95,40	49,99	4,0	5,9	5,0
95,43	49,99	4,0	5,9	5,0
95,45	49,99	4,0	5,9	5,0
95,48	49,99	4,0	5,9	5,0
95,50	49,99	4,0	5,9	5,0
95,53	49,99	4,0	5,9	5,0
95,55	49,99	4,0	5,9	5,0
95,57	49,99	4,0	5,9	5,0
95,60	49,99	4,0	5,9	5,0
95,62	49,99	4,0	5,9	5,0
95,65	49,99	4,0	5,9	5,0
95,67	49,99	4,0	5,9	5,0
95,70	49,99	4,0	5,9	5,0
95,72	49,99	4,0	5,9	5,0
95,75	49,99	4,0	5,9	5,0
95,77	49,99	4,0	5,9	5,0
95,79	49,99	4,0	5,9	5,0
95,82	49,99	4,0	5,9	5,0
95,84	49,99	4,0	5,9	5,0
95,87	49,99	4,0	5,9	5,0
95,89	49,99	4,0	5,9	5,0
95,92	49,99	4,0	5,9	5,0
95,94	49,99	4,0	5,9	5,0
95,97	49,99	4,0	5,9	5,0
95,99	49,99	4,0	5,9	5,0
96,01	49,99	4,0	5,9	5,0
96,04	49,99	4,0	5,9	5,0
96,06	49,99	4,0	5,9	5,0
96,09	49,99	4,0	5,9	5,0
96,11	49,99	4,0	5,9	5,0
96,14	49,99	4,0	5,9	5,0
96,16	49,99	4,0	5,9	5,0
96,19	49,99	4,0	5,9	5,0
96,21	49,99	4,0	5,9	5,0
96,23	49,99	4,0	5,9	5,0
96,26	49,99	4,0	5,9	5,0
96,28	49,99	4,0	5,9	5,0
96,31	49,99	4,0	5,9	5,0
96,33	49,99	4,0	5,9	5,0
96,36	49,99	4,0	5,9	5,0
96,38	49,99	4,0	5,9	5,0
96,41	49,99	4,0	5,9	5,0
96,43	49,99	4,0	5,9	5,0
96,45	49,99	4,0	5,9	5,0
96,48	49,99	4,0	5,9	5,0
96,50	49,99	4,0	5,9	5,0
96,53	49,99	4,0	5,9	5,0
96,55	49,99	4,0	5,9	5,0
96,58	49,99	4,0	5,9	5,0
96,60	49,99	4,0	5,9	5,0
96,62	49,99	4,0	5,9	5,0
96,65	49,99	4,0	5,9	5,0
96,67	49,99	4,0	5,9	5,0
96,70	49,99	4,0	5,9	5,0
96,72	49,99	4,0	5,9	5,0
96,75	49,99	4,0	5,9	5,0
96,77	49,99	4,0	5,9	5,0
96,80	49,99	4,0	5,9	5,0
96,82	49,99	4,0	5,9	5,0
96,84	49,99	4,0	5,9	5,0
96,87	49,99	4,0	5,9	5,0
96,89	49,99	4,0	5,9	5,0
96,92	49,99	4,0	5,9	5,0
96,94	49,99	4,0	5,9	5,0
96,97	49,99	4,0	5,9	5,0
96,99	49,99	4,0	5,9	5,0
97,02	49,99	4,0	5,9	5,0
97,04	49,99	4,0	5,9	5,0
97,06	49,99	4,0	5,9	5,0
97,09	49,99	4,0	5,9	5,0
97,11	49,99	4,0	5,9	5,0
97,14	49,99	4,0	5,9	5,0
97,16	49,99	4,0	5,9	5,0
97,19	49,99	4,0	5,9	5,0
97,21	49,99	4,0	5,9	5,0
97,24	49,99	4,0	5,9	5,0
97,26	49,99	4,0	5,9	5,0
97,28	49,99	4,0	5,9	5,0
97,31	49,99	4,0	5,9	5,0
97,33	49,99	4,0	5,9	5,0
97,36	49,99	4,0	5,9	5,0
97,38	49,99	4,0	5,9	5,0
97,41	49,99	4,0	5,9	5,0
97,43	49,99	4,0	5,9	5,0
97,46	49,99	4,0	5,9	5,0
97,48	49,99	4,0	5,9	5,0
97,50	49,99	4,0	5,9	5,0
97,53	49,99	4,0	5,9	5,0
97,55	49,99	4,0	5,9	5,0
97,58	49,99	4,0	5,9	5,0
97,60	49,99	4,0	5,9	5,0
97,63	49,99	4,0	5,9	5,0
97,65	49,99	4,0	5,9	5,0
97,68	49,99	4,0	5,9	5,0
97,70	49,99	4,0	5,9	5,0
97,72	49,99	4,0	5,9	5,0
97,75	49,99	4,0	5,9	5,0
97,77	49,99	4,0	5,9	5,0
97,80	49,99	4,0	5,9	5,0
97,82	49,99	4,0	5,9	5,0
97,85	49,99	4,0	5,9	5,0
97,87	49,99	4,0	5,9	5,0
97,89	49,99	4,0	5,9	5,0
97,92	49,99	4,0	5,9	5,0
97,94	49,99	4,0	5,9	5,0
97,97	49,99	4,0	5,9	5,0
97,99	49,99	4,0	5,9	5,0
98,02	49,99	4,0	5,9	5,0
98,04	49,99	4,0	5,9	5,0
98,07	49,99	4,0	5,9	5,0
98,09	49,99	4,0	5,9	5,0
98,11	49,99	4,0	5,9	5,0
98,14	49,99	4,0	5,9	5,0
98,16	49,99	4,0	5,9	5,0
98,19	49,99	4,0	5,9	5,0
98,21	49,99	4,0	5,9	5,0
98,24	49,99	4,0	5,9	5,0
98,26	49,99	4,0	5,9	5,0
98,29	49,99	4,0	5,9	5,0
98,31	49,99	4,0	5,9	5,0
98,33	49,99	4,0	5,9	5,0
98,36	49,99	4,0	5,9	5,0
98,38	49,99	4,0	5,9	5,0
98,41	49,99	4,0	5,9	5,0
98,43	49,99	4,0	5,9	5,0
98,46	49,99	4,0	5,9	5,0
98,48	49,99	4,0	5,9	5,0
98,51	49,99	4,0	5,9	5,0
98,53	49,99	4,0	5,9	5,0
98,55	49,99	4,0	5,9	5,0
98,58	49,99	4,0	5,9	5,0
98,60	49,99	4,0	5,9	5,0
98,63	49,99	4,0	5,9	5,0
98,65	49,99	4,0	5,9	5,0
98,68	49,99	4,0	5,9	5,0
98,70	49,99	4,0	5,9	5,0
98,73	49,99	4,0	5,9	5,0
98,75	49,99	4,0	5,9	5,0
98,77	49,99	4,0	5,9	5,0
98,80	49,99	4,0	5,9	5,0
98,82	49,99	4,0	5,9	5,0
98,85	49,99	4,0	5,9	5,0
98,87	49,99	4,0	5,9	5,0
98,90	49,99	4,0	5,9	5,0
98,92	49,99	4,0	5,9	5,0
98,94	49,99	4,0	5,9	5,0
98,97	49,99	4,0	5,9	5,0
98,99	49,99	4,0	5,9	5,0
