Voltage U1	Corriente IA	Voltage U2	Voltage U3	Voltage UH
U1/V	IA/nA	U2/V	U3/V	UH/V

0,02	0,08	1,0	5,9	3,0
0,04	0,08	1,0	5,9	3,0
0,07	0,08	1,0	5,9	3,0
0,09	0,09	1,0	5,9	3,0
0,12	0,10	1,0	5,9	3,0
0,14	0,10	1,0	5,9	3,0
0,17	0,10	1,0	5,9	3,0
0,19	0,11	1,0	5,9	3,0
0,21	0,11	1,0	5,9	3,0
0,24	0,11	1,0	5,9	3,0
0,26	0,11	1,0	5,9	3,0
0,29	0,12	1,0	5,9	3,0
0,31	0,12	1,0	5,9	3,0
0,34	0,12	1,0	5,9	3,0
0,36	0,12	1,0	5,9	3,0
0,39	0,13	1,0	5,9	3,0
0,41	0,13	1,0	5,9	3,0
0,43	0,13	1,0	5,9	3,0
0,46	0,12	1,0	5,9	3,0
0,48	0,12	1,0	5,9	3,0
0,51	0,13	1,0	5,9	3,0
0,53	0,13	1,0	5,9	3,0
0,56	0,12	1,0	5,9	3,0
0,58	0,12	1,0	5,9	3,0
0,61	0,12	1,0	5,9	3,0
0,63	0,12	1,0	5,9	3,0
0,65	0,12	1,0	5,9	3,0
0,68	0,12	1,0	5,9	3,0
0,70	0,13	1,0	5,9	3,0
0,73	0,13	1,0	5,9	3,0
0,75	0,12	1,0	5,9	3,0
0,78	0,12	1,0	5,9	3,0
0,80	0,12	1,0	5,9	3,0
0,83	0,12	1,0	5,9	3,0
0,85	0,11	1,0	5,9	3,0
0,87	0,11	1,0	5,9	3,0
0,90	0,12	1,0	5,9	3,0
0,92	0,12	1,0	5,9	3,0
0,95	0,11	1,0	5,9	3,0
0,97	0,12	1,0	5,9	3,0
1,00	0,12	1,0	5,9	3,0
1,02	0,12	1,0	5,9	3,0
1,05	0,11	1,0	5,9	3,0
1,07	0,11	1,0	5,9	3,0
1,09	0,11	1,0	5,9	3,0
1,12	0,11	1,0	5,9	3,0
1,14	0,11	1,0	5,9	3,0
1,17	0,11	1,0	5,9	3,0
1,19	0,11	1,0	5,9	3,0
1,22	0,11	1,0	5,9	3,0
1,24	0,11	1,0	5,9	3,0
1,26	0,11	1,0	5,9	3,0
1,29	0,11	1,0	5,9	3,0
1,31	0,11	1,0	5,9	3,0
1,34	0,11	1,0	5,9	3,0
1,36	0,11	1,0	5,9	3,0
1,39	0,11	1,0	5,9	3,0
1,41	0,11	1,0	5,9	3,0
1,44	0,11	1,0	5,9	3,0
1,46	0,11	1,0	5,9	3,0
1,48	0,11	1,0	5,9	3,0
1,51	0,11	1,0	5,9	3,0
1,53	0,11	1,0	5,9	3,0
1,56	0,12	1,0	5,9	3,0
1,58	0,12	1,0	5,9	3,0
1,61	0,11	1,0	5,9	3,0
1,63	0,11	1,0	5,9	3,0
1,66	0,12	1,0	5,9	3,0
1,68	0,12	1,0	5,9	3,0
1,70	0,12	1,0	5,9	3,0
1,73	0,12	1,0	5,9	3,0
1,75	0,13	1,0	5,9	3,0
1,78	0,13	1,0	5,9	3,0
1,80	0,12	1,0	5,9	3,0
1,83	0,12	1,0	5,9	3,0
1,85	0,13	1,0	5,9	3,0
1,88	0,13	1,0	5,9	3,0
1,90	0,12	1,0	5,9	3,0
1,92	0,12	1,0	5,9	3,0
1,95	0,13	1,0	5,9	3,0
1,97	0,13	1,0	5,9	3,0
2,00	0,12	1,0	5,9	3,0
2,02	0,12	1,0	5,9	3,0
2,05	0,12	1,0	5,9	3,0
2,07	0,12	1,0	5,9	3,0
2,10	0,11	1,0	5,9	3,0
2,12	0,12	1,0	5,9	3,0
2,14	0,12	1,0	5,9	3,0
2,17	0,12	1,0	5,9	3,0
2,19	0,12	1,0	5,9	3,0
2,22	0,12	1,0	5,9	3,0
2,24	0,12	1,0	5,9	3,0
2,27	0,12	1,0	5,9	3,0
2,29	0,12	1,0	5,9	3,0
2,31	0,11	1,0	5,9	3,0
2,34	0,11	1,0	5,9	3,0
2,36	0,12	1,0	5,9	3,0
2,39	0,12	1,0	5,9	3,0
2,41	0,11	1,0	5,9	3,0
2,44	0,11	1,0	5,9	3,0
2,46	0,12	1,0	5,9	3,0
2,49	0,12	1,0	5,9	3,0
2,51	0,11	1,0	5,9	3,0
2,53	0,11	1,0	5,9	3,0
2,56	0,11	1,0	5,9	3,0
2,58	0,11	1,0	5,9	3,0
2,61	0,11	1,0	5,9	3,0
2,63	0,11	1,0	5,9	3,0
2,66	0,12	1,0	5,9	3,0
2,68	0,12	1,0	5,9	3,0
2,71	0,11	1,0	5,9	3,0
2,73	0,11	1,0	5,9	3,0
2,75	0,12	1,0	5,9	3,0
2,78	0,11	1,0	5,9	3,0
2,80	0,11	1,0	5,9	3,0
2,83	0,11	1,0	5,9	3,0
2,85	0,11	1,0	5,9	3,0
2,88	0,11	1,0	5,9	3,0
2,90	0,11	1,0	5,9	3,0
2,93	0,11	1,0	5,9	3,0
2,95	0,11	1,0	5,9	3,0
2,97	0,11	1,0	5,9	3,0
3,00	0,11	1,0	5,9	3,0
3,02	0,11	1,0	5,9	3,0
3,05	0,11	1,0	5,9	3,0
3,07	0,11	1,0	5,9	3,0
3,10	0,11	1,0	5,9	3,0
3,12	0,11	1,0	5,9	3,0
3,15	0,11	1,0	5,9	3,0
3,17	0,12	1,0	5,9	3,0
3,19	0,12	1,0	5,9	3,0
3,22	0,12	1,0	5,9	3,0
3,24	0,11	1,0	5,9	3,0
3,27	0,12	1,0	5,9	3,0
3,29	0,12	1,0	5,9	3,0
3,32	0,12	1,0	5,9	3,0
3,34	0,12	1,0	5,9	3,0
3,36	0,12	1,0	5,9	3,0
3,39	0,12	1,0	5,9	3,0
3,41	0,12	1,0	5,9	3,0
3,44	0,12	1,0	5,9	3,0
3,46	0,13	1,0	5,9	3,0
3,49	0,13	1,0	5,9	3,0
3,51	0,12	1,0	5,9	3,0
3,54	0,12	1,0	5,9	3,0
3,56	0,13	1,0	5,9	3,0
3,58	0,13	1,0	5,9	3,0
3,61	0,12	1,0	5,9	3,0
3,63	0,12	1,0	5,9	3,0
3,66	0,13	1,0	5,9	3,0
3,68	0,12	1,0	5,9	3,0
3,71	0,12	1,0	5,9	3,0
3,73	0,12	1,0	5,9	3,0
3,76	0,12	1,0	5,9	3,0
3,78	0,12	1,0	5,9	3,0
3,80	0,11	1,0	5,9	3,0
3,83	0,12	1,0	5,9	3,0
3,85	0,12	1,0	5,9	3,0
3,88	0,13	1,0	5,9	3,0
3,90	0,12	1,0	5,9	3,0
3,93	0,12	1,0	5,9	3,0
3,95	0,12	1,0	5,9	3,0
3,98	0,12	1,0	5,9	3,0
4,00	0,11	1,0	5,9	3,0
4,02	0,12	1,0	5,9	3,0
4,05	0,12	1,0	5,9	3,0
4,07	0,12	1,0	5,9	3,0
4,10	0,11	1,0	5,9	3,0
4,12	0,11	1,0	5,9	3,0
4,15	0,12	1,0	5,9	3,0
4,17	0,12	1,0	5,9	3,0
4,20	0,11	1,0	5,9	3,0
4,22	0,11	1,0	5,9	3,0
4,24	0,11	1,0	5,9	3,0
4,27	0,11	1,0	5,9	3,0
4,29	0,11	1,0	5,9	3,0
4,32	0,12	1,0	5,9	3,0
4,34	0,12	1,0	5,9	3,0
4,37	0,12	1,0	5,9	3,0
4,39	0,11	1,0	5,9	3,0
4,42	0,12	1,0	5,9	3,0
4,44	0,12	1,0	5,9	3,0
4,46	0,12	1,0	5,9	3,0
4,49	0,11	1,0	5,9	3,0
4,51	0,11	1,0	5,9	3,0
4,54	0,11	1,0	5,9	3,0
4,56	0,11	1,0	5,9	3,0
4,59	0,12	1,0	5,9	3,0
4,61	0,11	1,0	5,9	3,0
4,63	0,11	1,0	5,9	3,0
4,66	0,12	1,0	5,9	3,0
4,68	0,11	1,0	5,9	3,0
4,71	0,11	1,0	5,9	3,0
4,73	0,11	1,0	5,9	3,0
4,76	0,12	1,0	5,9	3,0
4,78	0,12	1,0	5,9	3,0
4,81	0,12	1,0	5,9	3,0
4,83	0,12	1,0	5,9	3,0
4,85	0,13	1,0	5,9	3,0
4,88	0,12	1,0	5,9	3,0
4,90	0,12	1,0	5,9	3,0
4,93	0,12	1,0	5,9	3,0
4,95	0,13	1,0	5,9	3,0
4,98	0,12	1,0	5,9	3,0
5,00	0,12	1,0	5,9	3,0
5,03	0,12	1,0	5,9	3,0
5,05	0,13	1,0	5,9	3,0
5,07	0,12	1,0	5,9	3,0
5,10	0,12	1,0	5,9	3,0
5,12	0,12	1,0	5,9	3,0
5,15	0,13	1,0	5,9	3,0
5,17	0,12	1,0	5,9	3,0
5,20	0,12	1,0	5,9	3,0
5,22	0,12	1,0	5,9	3,0
5,25	0,12	1,0	5,9	3,0
5,27	0,12	1,0	5,9	3,0
5,29	0,12	1,0	5,9	3,0
5,32	0,12	1,0	5,9	3,0
5,34	0,12	1,0	5,9	3,0
5,37	0,12	1,0	5,9	3,0
5,39	0,12	1,0	5,9	3,0
5,42	0,12	1,0	5,9	3,0
5,44	0,12	1,0	5,9	3,0
5,47	0,12	1,0	5,9	3,0
5,49	0,12	1,0	5,9	3,0
5,51	0,11	1,0	5,9	3,0
5,54	0,11	1,0	5,9	3,0
5,56	0,12	1,0	5,9	3,0
5,59	0,12	1,0	5,9	3,0
5,61	0,11	1,0	5,9	3,0
5,64	0,10	1,0	5,9	3,0
5,66	0,10	1,0	5,9	3,0
5,68	0,10	1,0	5,9	3,0
5,71	0,10	1,0	5,9	3,0
5,73	0,10	1,0	5,9	3,0
5,76	0,10	1,0	5,9	3,0
5,78	0,10	1,0	5,9	3,0
5,81	0,10	1,0	5,9	3,0
5,83	0,11	1,0	5,9	3,0
5,86	0,11	1,0	5,9	3,0
5,88	0,10	1,0	5,9	3,0
5,90	0,09	1,0	5,9	3,0
5,93	0,10	1,0	5,9	3,0
5,95	0,10	1,0	5,9	3,0
5,98	0,10	1,0	5,9	3,0
6,00	0,10	1,0	5,9	3,0
6,03	0,10	1,0	5,9	3,0
6,05	0,10	1,0	5,9	3,0
6,08	0,10	1,0	5,9	3,0
6,10	0,09	1,0	5,9	3,0
6,12	0,10	1,0	5,9	3,0
6,15	0,10	1,0	5,9	3,0
6,17	0,10	1,0	5,9	3,0
6,20	0,10	1,0	5,9	3,0
6,22	0,10	1,0	5,9	3,0
6,25	0,11	1,0	5,9	3,0
6,27	0,10	1,0	5,9	3,0
6,30	0,11	1,0	5,9	3,0
6,32	0,12	1,0	5,9	3,0
6,34	0,12	1,0	5,9	3,0
6,37	0,12	1,0	5,9	3,0
6,39	0,11	1,0	5,9	3,0
6,42	0,11	1,0	5,9	3,0
6,44	0,11	1,0	5,9	3,0
6,47	0,11	1,0	5,9	3,0
6,49	0,11	1,0	5,9	3,0
6,52	0,12	1,0	5,9	3,0
6,54	0,12	1,0	5,9	3,0
6,56	0,12	1,0	5,9	3,0
6,59	0,11	1,0	5,9	3,0
6,61	0,12	1,0	5,9	3,0
6,64	0,12	1,0	5,9	3,0
6,66	0,11	1,0	5,9	3,0
6,69	0,11	1,0	5,9	3,0
6,71	0,12	1,0	5,9	3,0
6,73	0,12	1,0	5,9	3,0
6,76	0,12	1,0	5,9	3,0
6,78	0,12	1,0	5,9	3,0
6,81	0,12	1,0	5,9	3,0
6,83	0,12	1,0	5,9	3,0
6,86	0,11	1,0	5,9	3,0
6,88	0,11	1,0	5,9	3,0
6,91	0,12	1,0	5,9	3,0
6,93	0,12	1,0	5,9	3,0
6,95	0,11	1,0	5,9	3,0
6,98	0,12	1,0	5,9	3,0
7,00	0,12	1,0	5,9	3,0
7,03	0,12	1,0	5,9	3,0
7,05	0,12	1,0	5,9	3,0
7,08	0,12	1,0	5,9	3,0
7,10	0,12	1,0	5,9	3,0
7,13	0,12	1,0	5,9	3,0
7,15	0,12	1,0	5,9	3,0
7,17	0,12	1,0	5,9	3,0
7,20	0,12	1,0	5,9	3,0
7,22	0,12	1,0	5,9	3,0
7,25	0,12	1,0	5,9	3,0
7,27	0,11	1,0	5,9	3,0
7,30	0,11	1,0	5,9	3,0
7,32	0,12	1,0	5,9	3,0
7,35	0,12	1,0	5,9	3,0
7,37	0,11	1,0	5,9	3,0
7,39	0,11	1,0	5,9	3,0
7,42	0,12	1,0	5,9	3,0
7,44	0,12	1,0	5,9	3,0
7,47	0,12	1,0	5,9	3,0
7,49	0,12	1,0	5,9	3,0
7,52	0,12	1,0	5,9	3,0
7,54	0,12	1,0	5,9	3,0
7,57	0,12	1,0	5,9	3,0
7,59	0,12	1,0	5,9	3,0
7,61	0,11	1,0	5,9	3,0
7,64	0,11	1,0	5,9	3,0
7,66	0,11	1,0	5,9	3,0
7,69	0,11	1,0	5,9	3,0
7,71	0,11	1,0	5,9	3,0
7,74	0,11	1,0	5,9	3,0
7,76	0,11	1,0	5,9	3,0
7,78	0,11	1,0	5,9	3,0
7,81	0,10	1,0	5,9	3,0
7,83	0,11	1,0	5,9	3,0
7,86	0,11	1,0	5,9	3,0
7,88	0,11	1,0	5,9	3,0
7,91	0,11	1,0	5,9	3,0
7,93	0,12	1,0	5,9	3,0
7,96	0,12	1,0	5,9	3,0
7,98	0,12	1,0	5,9	3,0
8,00	0,11	1,0	5,9	3,0
8,03	0,12	1,0	5,9	3,0
8,05	0,12	1,0	5,9	3,0
8,08	0,12	1,0	5,9	3,0
8,10	0,11	1,0	5,9	3,0
8,13	0,12	1,0	5,9	3,0
8,15	0,12	1,0	5,9	3,0
8,18	0,12	1,0	5,9	3,0
8,20	0,12	1,0	5,9	3,0
8,22	0,12	1,0	5,9	3,0
8,25	0,13	1,0	5,9	3,0
8,27	0,12	1,0	5,9	3,0
8,30	0,12	1,0	5,9	3,0
8,32	0,12	1,0	5,9	3,0
8,35	0,12	1,0	5,9	3,0
8,37	0,12	1,0	5,9	3,0
8,40	0,12	1,0	5,9	3,0
8,42	0,13	1,0	5,9	3,0
8,44	0,13	1,0	5,9	3,0
8,47	0,12	1,0	5,9	3,0
8,49	0,12	1,0	5,9	3,0
8,52	0,12	1,0	5,9	3,0
8,54	0,12	1,0	5,9	3,0
8,57	0,11	1,0	5,9	3,0
8,59	0,12	1,0	5,9	3,0
8,62	0,12	1,0	5,9	3,0
8,64	0,12	1,0	5,9	3,0
8,66	0,12	1,0	5,9	3,0
8,69	0,12	1,0	5,9	3,0
8,71	0,12	1,0	5,9	3,0
8,74	0,12	1,0	5,9	3,0
8,76	0,11	1,0	5,9	3,0
8,79	0,11	1,0	5,9	3,0
8,81	0,11	1,0	5,9	3,0
8,84	0,11	1,0	5,9	3,0
8,86	0,11	1,0	5,9	3,0
8,88	0,11	1,0	5,9	3,0
8,91	0,11	1,0	5,9	3,0
8,93	0,11	1,0	5,9	3,0
8,96	0,11	1,0	5,9	3,0
8,98	0,12	1,0	5,9	3,0
9,01	0,12	1,0	5,9	3,0
9,03	0,12	1,0	5,9	3,0
9,05	0,11	1,0	5,9	3,0
9,08	0,11	1,0	5,9	3,0
9,10	0,11	1,0	5,9	3,0
9,13	0,11	1,0	5,9	3,0
9,15	0,10	1,0	5,9	3,0
9,18	0,11	1,0	5,9	3,0
9,20	0,11	1,0	5,9	3,0
9,23	0,11	1,0	5,9	3,0
9,25	0,10	1,0	5,9	3,0
9,27	0,11	1,0	5,9	3,0
9,30	0,11	1,0	5,9	3,0
9,32	0,11	1,0	5,9	3,0
9,35	0,10	1,0	5,9	3,0
9,37	0,11	1,0	5,9	3,0
9,40	0,11	1,0	5,9	3,0
9,42	0,11	1,0	5,9	3,0
9,45	0,11	1,0	5,9	3,0
9,47	0,11	1,0	5,9	3,0
9,49	0,11	1,0	5,9	3,0
9,52	0,11	1,0	5,9	3,0
9,54	0,11	1,0	5,9	3,0
9,57	0,11	1,0	5,9	3,0
9,59	0,11	1,0	5,9	3,0
9,62	0,11	1,0	5,9	3,0
9,64	0,10	1,0	5,9	3,0
9,67	0,10	1,0	5,9	3,0
9,69	0,10	1,0	5,9	3,0
9,71	0,11	1,0	5,9	3,0
9,74	0,11	1,0	5,9	3,0
9,76	0,11	1,0	5,9	3,0
9,79	0,11	1,0	5,9	3,0
9,81	0,12	1,0	5,9	3,0
9,84	0,11	1,0	5,9	3,0
9,86	0,11	1,0	5,9	3,0
9,89	0,11	1,0	5,9	3,0
9,91	0,12	1,0	5,9	3,0
9,93	0,12	1,0	5,9	3,0
9,96	0,12	1,0	5,9	3,0
9,98	0,12	1,0	5,9	3,0
10,01	0,12	1,0	5,9	3,0
10,03	0,11	1,0	5,9	3,0
10,06	0,11	1,0	5,9	3,0
10,08	0,11	1,0	5,9	3,0
10,10	0,11	1,0	5,9	3,0
10,13	0,11	1,0	5,9	3,0
10,15	0,11	1,0	5,9	3,0
10,18	0,11	1,0	5,9	3,0
10,20	0,11	1,0	5,9	3,0
10,23	0,11	1,0	5,9	3,0
10,25	0,11	1,0	5,9	3,0
10,28	0,10	1,0	5,9	3,0
10,30	0,11	1,0	5,9	3,0
10,32	0,11	1,0	5,9	3,0
10,35	0,11	1,0	5,9	3,0
10,37	0,11	1,0	5,9	3,0
10,40	0,11	1,0	5,9	3,0
10,42	0,11	1,0	5,9	3,0
10,45	0,11	1,0	5,9	3,0
10,47	0,10	1,0	5,9	3,0
10,50	0,10	1,0	5,9	3,0
10,52	0,10	1,0	5,9	3,0
10,54	0,10	1,0	5,9	3,0
10,57	0,10	1,0	5,9	3,0
10,59	0,10	1,0	5,9	3,0
10,62	0,10	1,0	5,9	3,0
10,64	0,10	1,0	5,9	3,0
10,67	0,10	1,0	5,9	3,0
10,69	0,11	1,0	5,9	3,0
10,72	0,11	1,0	5,9	3,0
10,74	0,11	1,0	5,9	3,0
10,76	0,10	1,0	5,9	3,0
10,79	0,11	1,0	5,9	3,0
10,81	0,11	1,0	5,9	3,0
10,84	0,11	1,0	5,9	3,0
10,86	0,10	1,0	5,9	3,0
10,89	0,11	1,0	5,9	3,0
10,91	0,11	1,0	5,9	3,0
10,94	0,11	1,0	5,9	3,0
10,96	0,11	1,0	5,9	3,0
10,98	0,11	1,0	5,9	3,0
11,01	0,11	1,0	5,9	3,0
11,03	0,11	1,0	5,9	3,0
11,06	0,11	1,0	5,9	3,0
11,08	0,12	1,0	5,9	3,0
11,11	0,12	1,0	5,9	3,0
11,13	0,12	1,0	5,9	3,0
11,15	0,12	1,0	5,9	3,0
11,18	0,13	1,0	5,9	3,0
11,20	0,13	1,0	5,9	3,0
11,23	0,12	1,0	5,9	3,0
11,25	0,12	1,0	5,9	3,0
11,28	0,13	1,0	5,9	3,0
11,30	0,13	1,0	5,9	3,0
11,33	0,13	1,0	5,9	3,0
11,35	0,13	1,0	5,9	3,0
11,37	0,14	1,0	5,9	3,0
11,40	0,14	1,0	5,9	3,0
11,42	0,13	1,0	5,9	3,0
11,45	0,12	1,0	5,9	3,0
11,47	0,14	1,0	5,9	3,0
11,50	0,13	1,0	5,9	3,0
11,52	0,13	1,0	5,9	3,0
11,55	0,13	1,0	5,9	3,0
11,57	0,14	1,0	5,9	3,0
11,59	0,14	1,0	5,9	3,0
11,62	0,13	1,0	5,9	3,0
11,64	0,13	1,0	5,9	3,0
11,67	0,14	1,0	5,9	3,0
11,69	0,14	1,0	5,9	3,0
11,72	0,13	1,0	5,9	3,0
11,74	0,13	1,0	5,9	3,0
11,77	0,13	1,0	5,9	3,0
11,79	0,13	1,0	5,9	3,0
11,81	0,12	1,0	5,9	3,0
11,84	0,12	1,0	5,9	3,0
11,86	0,12	1,0	5,9	3,0
11,89	0,12	1,0	5,9	3,0
11,91	0,13	1,0	5,9	3,0
11,94	0,11	1,0	5,9	3,0
11,96	0,11	1,0	5,9	3,0
11,99	0,11	1,0	5,9	3,0
12,01	0,12	1,0	5,9	3,0
12,03	0,11	1,0	5,9	3,0
12,06	0,11	1,0	5,9	3,0
12,08	0,11	1,0	5,9	3,0
12,11	0,12	1,0	5,9	3,0
12,13	0,11	1,0	5,9	3,0
12,16	0,11	1,0	5,9	3,0
12,18	0,11	1,0	5,9	3,0
12,21	0,11	1,0	5,9	3,0
12,23	0,10	1,0	5,9	3,0
12,25	0,10	1,0	5,9	3,0
12,28	0,10	1,0	5,9	3,0
12,30	0,11	1,0	5,9	3,0
12,33	0,10	1,0	5,9	3,0
12,35	0,10	1,0	5,9	3,0
12,38	0,10	1,0	5,9	3,0
12,40	0,10	1,0	5,9	3,0
12,42	0,10	1,0	5,9	3,0
12,45	0,10	1,0	5,9	3,0
12,47	0,11	1,0	5,9	3,0
12,50	0,11	1,0	5,9	3,0
12,52	0,10	1,0	5,9	3,0
12,55	0,10	1,0	5,9	3,0
12,57	0,10	1,0	5,9	3,0
12,60	0,11	1,0	5,9	3,0
12,62	0,11	1,0	5,9	3,0
12,64	0,11	1,0	5,9	3,0
12,67	0,10	1,0	5,9	3,0
12,69	0,11	1,0	5,9	3,0
12,72	0,11	1,0	5,9	3,0
12,74	0,11	1,0	5,9	3,0
12,77	0,11	1,0	5,9	3,0
12,79	0,12	1,0	5,9	3,0
12,82	0,12	1,0	5,9	3,0
12,84	0,12	1,0	5,9	3,0
12,86	0,11	1,0	5,9	3,0
12,89	0,12	1,0	5,9	3,0
12,91	0,12	1,0	5,9	3,0
12,94	0,12	1,0	5,9	3,0
12,96	0,12	1,0	5,9	3,0
12,99	0,13	1,0	5,9	3,0
13,01	0,13	1,0	5,9	3,0
13,04	0,13	1,0	5,9	3,0
13,06	0,13	1,0	5,9	3,0
13,08	0,14	1,0	5,9	3,0
13,11	0,14	1,0	5,9	3,0
13,13	0,13	1,0	5,9	3,0
13,16	0,13	1,0	5,9	3,0
13,18	0,14	1,0	5,9	3,0
13,21	0,14	1,0	5,9	3,0
13,23	0,14	1,0	5,9	3,0
13,26	0,14	1,0	5,9	3,0
13,28	0,14	1,0	5,9	3,0
13,30	0,14	1,0	5,9	3,0
13,33	0,14	1,0	5,9	3,0
13,35	0,13	1,0	5,9	3,0
13,38	0,14	1,0	5,9	3,0
13,40	0,14	1,0	5,9	3,0
13,43	0,13	1,0	5,9	3,0
13,45	0,13	1,0	5,9	3,0
13,47	0,14	1,0	5,9	3,0
13,50	0,14	1,0	5,9	3,0
13,52	0,13	1,0	5,9	3,0
13,55	0,13	1,0	5,9	3,0
13,57	0,13	1,0	5,9	3,0
13,60	0,13	1,0	5,9	3,0
13,62	0,12	1,0	5,9	3,0
13,65	0,12	1,0	5,9	3,0
13,67	0,12	1,0	5,9	3,0
13,69	0,12	1,0	5,9	3,0
13,72	0,11	1,0	5,9	3,0
13,74	0,11	1,0	5,9	3,0
13,77	0,12	1,0	5,9	3,0
13,79	0,12	1,0	5,9	3,0
13,82	0,11	1,0	5,9	3,0
13,84	0,11	1,0	5,9	3,0
13,87	0,11	1,0	5,9	3,0
13,89	0,11	1,0	5,9	3,0
13,91	0,10	1,0	5,9	3,0
13,94	0,10	1,0	5,9	3,0
13,96	0,10	1,0	5,9	3,0
13,99	0,10	1,0	5,9	3,0
14,01	0,10	1,0	5,9	3,0
14,04	0,10	1,0	5,9	3,0
14,06	0,10	1,0	5,9	3,0
14,09	0,10	1,0	5,9	3,0
14,11	0,10	1,0	5,9	3,0
14,13	0,10	1,0	5,9	3,0
14,16	0,10	1,0	5,9	3,0
14,18	0,10	1,0	5,9	3,0
14,21	0,10	1,0	5,9	3,0
14,23	0,10	1,0	5,9	3,0
14,26	0,10	1,0	5,9	3,0
14,28	0,10	1,0	5,9	3,0
14,31	0,10	1,0	5,9	3,0
14,33	0,10	1,0	5,9	3,0
14,35	0,10	1,0	5,9	3,0
14,38	0,11	1,0	5,9	3,0
14,40	0,11	1,0	5,9	3,0
14,43	0,11	1,0	5,9	3,0
14,45	0,11	1,0	5,9	3,0
14,48	0,12	1,0	5,9	3,0
14,50	0,12	1,0	5,9	3,0
14,52	0,12	1,0	5,9	3,0
14,55	0,12	1,0	5,9	3,0
14,57	0,13	1,0	5,9	3,0
14,60	0,12	1,0	5,9	3,0
14,62	0,12	1,0	5,9	3,0
14,65	0,12	1,0	5,9	3,0
14,67	0,13	1,0	5,9	3,0
14,70	0,13	1,0	5,9	3,0
14,72	0,13	1,0	5,9	3,0
14,74	0,13	1,0	5,9	3,0
14,77	0,13	1,0	5,9	3,0
14,79	0,13	1,0	5,9	3,0
14,82	0,13	1,0	5,9	3,0
14,84	0,13	1,0	5,9	3,0
14,87	0,14	1,0	5,9	3,0
14,89	0,14	1,0	5,9	3,0
14,92	0,14	1,0	5,9	3,0
14,94	0,14	1,0	5,9	3,0
14,96	0,15	1,0	5,9	3,0
14,99	0,14	1,0	5,9	3,0
15,01	0,14	1,0	5,9	3,0
15,04	0,13	1,0	5,9	3,0
15,06	0,13	1,0	5,9	3,0
15,09	0,13	1,0	5,9	3,0
15,11	0,13	1,0	5,9	3,0
15,14	0,13	1,0	5,9	3,0
15,16	0,13	1,0	5,9	3,0
15,18	0,13	1,0	5,9	3,0
15,21	0,13	1,0	5,9	3,0
15,23	0,12	1,0	5,9	3,0
15,26	0,12	1,0	5,9	3,0
15,28	0,12	1,0	5,9	3,0
15,31	0,12	1,0	5,9	3,0
15,33	0,12	1,0	5,9	3,0
15,36	0,12	1,0	5,9	3,0
15,38	0,12	1,0	5,9	3,0
15,40	0,12	1,0	5,9	3,0
15,43	0,11	1,0	5,9	3,0
15,45	0,11	1,0	5,9	3,0
15,48	0,12	1,0	5,9	3,0
15,50	0,12	1,0	5,9	3,0
15,53	0,11	1,0	5,9	3,0
15,55	0,11	1,0	5,9	3,0
15,57	0,11	1,0	5,9	3,0
15,60	0,11	1,0	5,9	3,0
15,62	0,10	1,0	5,9	3,0
15,65	0,10	1,0	5,9	3,0
15,67	0,10	1,0	5,9	3,0
15,70	0,10	1,0	5,9	3,0
15,72	0,10	1,0	5,9	3,0
15,75	0,10	1,0	5,9	3,0
15,77	0,10	1,0	5,9	3,0
15,79	0,10	1,0	5,9	3,0
15,82	0,10	1,0	5,9	3,0
15,84	0,10	1,0	5,9	3,0
15,87	0,10	1,0	5,9	3,0
15,89	0,10	1,0	5,9	3,0
15,92	0,10	1,0	5,9	3,0
15,94	0,11	1,0	5,9	3,0
15,97	0,11	1,0	5,9	3,0
15,99	0,11	1,0	5,9	3,0
16,01	0,10	1,0	5,9	3,0
16,04	0,11	1,0	5,9	3,0
16,06	0,11	1,0	5,9	3,0
16,09	0,11	1,0	5,9	3,0
16,11	0,11	1,0	5,9	3,0
16,14	0,12	1,0	5,9	3,0
16,16	0,12	1,0	5,9	3,0
16,19	0,12	1,0	5,9	3,0
16,21	0,11	1,0	5,9	3,0
16,23	0,12	1,0	5,9	3,0
16,26	0,12	1,0	5,9	3,0
16,28	0,12	1,0	5,9	3,0
16,31	0,12	1,0	5,9	3,0
16,33	0,13	1,0	5,9	3,0
16,36	0,13	1,0	5,9	3,0
16,38	0,13	1,0	5,9	3,0
16,41	0,13	1,0	5,9	3,0
16,43	0,14	1,0	5,9	3,0
16,45	0,14	1,0	5,9	3,0
16,48	0,13	1,0	5,9	3,0
16,50	0,13	1,0	5,9	3,0
16,53	0,14	1,0	5,9	3,0
16,55	0,14	1,0	5,9	3,0
16,58	0,14	1,0	5,9	3,0
16,60	0,14	1,0	5,9	3,0
16,63	0,15	1,0	5,9	3,0
16,65	0,15	1,0	5,9	3,0
16,67	0,14	1,0	5,9	3,0
16,70	0,14	1,0	5,9	3,0
16,72	0,15	1,0	5,9	3,0
16,75	0,15	1,0	5,9	3,0
16,77	0,14	1,0	5,9	3,0
16,80	0,14	1,0	5,9	3,0
16,82	0,14	1,0	5,9	3,0
16,84	0,14	1,0	5,9	3,0
16,87	0,14	1,0	5,9	3,0
16,89	0,14	1,0	5,9	3,0
16,92	0,14	1,0	5,9	3,0
16,94	0,14	1,0	5,9	3,0
16,97	0,13	1,0	5,9	3,0
16,99	0,12	1,0	5,9	3,0
17,02	0,12	1,0	5,9	3,0
17,04	0,12	1,0	5,9	3,0
17,06	0,13	1,0	5,9	3,0
17,09	0,12	1,0	5,9	3,0
17,11	0,12	1,0	5,9	3,0
17,14	0,12	1,0	5,9	3,0
17,16	0,12	1,0	5,9	3,0
17,19	0,11	1,0	5,9	3,0
17,21	0,11	1,0	5,9	3,0
17,24	0,11	1,0	5,9	3,0
17,26	0,11	1,0	5,9	3,0
17,28	0,11	1,0	5,9	3,0
17,31	0,11	1,0	5,9	3,0
17,33	0,11	1,0	5,9	3,0
17,36	0,11	1,0	5,9	3,0
17,38	0,10	1,0	5,9	3,0
17,41	0,10	1,0	5,9	3,0
17,43	0,10	1,0	5,9	3,0
17,46	0,10	1,0	5,9	3,0
17,48	0,10	1,0	5,9	3,0
17,50	0,10	1,0	5,9	3,0
17,53	0,09	1,0	5,9	3,0
17,55	0,10	1,0	5,9	3,0
17,58	0,10	1,0	5,9	3,0
17,60	0,10	1,0	5,9	3,0
17,63	0,10	1,0	5,9	3,0
17,65	0,10	1,0	5,9	3,0
17,68	0,10	1,0	5,9	3,0
17,70	0,10	1,0	5,9	3,0
17,72	0,10	1,0	5,9	3,0
17,75	0,11	1,0	5,9	3,0
17,77	0,11	1,0	5,9	3,0
17,80	0,11	1,0	5,9	3,0
17,82	0,10	1,0	5,9	3,0
17,85	0,11	1,0	5,9	3,0
17,87	0,11	1,0	5,9	3,0
17,89	0,11	1,0	5,9	3,0
17,92	0,11	1,0	5,9	3,0
17,94	0,12	1,0	5,9	3,0
17,97	0,12	1,0	5,9	3,0
17,99	0,12	1,0	5,9	3,0
18,02	0,12	1,0	5,9	3,0
18,04	0,13	1,0	5,9	3,0
18,07	0,13	1,0	5,9	3,0
18,09	0,13	1,0	5,9	3,0
18,11	0,13	1,0	5,9	3,0
18,14	0,14	1,0	5,9	3,0
18,16	0,14	1,0	5,9	3,0
18,19	0,13	1,0	5,9	3,0
18,21	0,14	1,0	5,9	3,0
18,24	0,15	1,0	5,9	3,0
18,26	0,14	1,0	5,9	3,0
18,29	0,14	1,0	5,9	3,0
18,31	0,14	1,0	5,9	3,0
18,33	0,14	1,0	5,9	3,0
18,36	0,14	1,0	5,9	3,0
18,38	0,13	1,0	5,9	3,0
18,41	0,13	1,0	5,9	3,0
18,43	0,14	1,0	5,9	3,0
18,46	0,14	1,0	5,9	3,0
18,48	0,13	1,0	5,9	3,0
18,51	0,13	1,0	5,9	3,0
18,53	0,14	1,0	5,9	3,0
18,55	0,14	1,0	5,9	3,0
18,58	0,13	1,0	5,9	3,0
18,60	0,13	1,0	5,9	3,0
18,63	0,14	1,0	5,9	3,0
18,65	0,13	1,0	5,9	3,0
18,68	0,12	1,0	5,9	3,0
18,70	0,12	1,0	5,9	3,0
18,73	0,13	1,0	5,9	3,0
18,75	0,13	1,0	5,9	3,0
18,77	0,12	1,0	5,9	3,0
18,80	0,12	1,0	5,9	3,0
18,82	0,12	1,0	5,9	3,0
18,85	0,12	1,0	5,9	3,0
18,87	0,11	1,0	5,9	3,0
18,90	0,11	1,0	5,9	3,0
18,92	0,11	1,0	5,9	3,0
18,94	0,11	1,0	5,9	3,0
18,97	0,11	1,0	5,9	3,0
18,99	0,12	1,0	5,9	3,0
19,02	0,12	1,0	5,9	3,0
19,04	0,12	1,0	5,9	3,0
19,07	0,11	1,0	5,9	3,0
19,09	0,11	1,0	5,9	3,0
19,12	0,12	1,0	5,9	3,0
19,14	0,12	1,0	5,9	3,0
19,16	0,11	1,0	5,9	3,0
19,19	0,11	1,0	5,9	3,0
19,21	0,11	1,0	5,9	3,0
19,24	0,11	1,0	5,9	3,0
19,26	0,11	1,0	5,9	3,0
19,29	0,10	1,0	5,9	3,0
19,31	0,10	1,0	5,9	3,0
19,34	0,11	1,0	5,9	3,0
19,36	0,11	1,0	5,9	3,0
19,38	0,11	1,0	5,9	3,0
19,41	0,11	1,0	5,9	3,0
19,43	0,12	1,0	5,9	3,0
19,46	0,11	1,0	5,9	3,0
19,48	0,11	1,0	5,9	3,0
19,51	0,11	1,0	5,9	3,0
19,53	0,12	1,0	5,9	3,0
19,56	0,12	1,0	5,9	3,0
19,58	0,12	1,0	5,9	3,0
19,60	0,12	1,0	5,9	3,0
19,63	0,12	1,0	5,9	3,0
19,65	0,12	1,0	5,9	3,0
19,68	0,12	1,0	5,9	3,0
19,70	0,12	1,0	5,9	3,0
19,73	0,12	1,0	5,9	3,0
19,75	0,11	1,0	5,9	3,0
19,78	0,11	1,0	5,9	3,0
19,80	0,11	1,0	5,9	3,0
19,82	0,12	1,0	5,9	3,0
19,85	0,12	1,0	5,9	3,0
19,87	0,12	1,0	5,9	3,0
19,90	0,12	1,0	5,9	3,0
19,92	0,12	1,0	5,9	3,0
19,95	0,13	1,0	5,9	3,0
19,97	0,13	1,0	5,9	3,0
19,99	0,12	1,0	5,9	3,0
20,02	0,12	1,0	5,9	3,0
20,04	0,13	1,0	5,9	3,0
20,07	0,13	1,0	5,9	3,0
20,09	0,12	1,0	5,9	3,0
20,12	0,12	1,0	5,9	3,0
20,14	0,13	1,0	5,9	3,0
20,17	0,13	1,0	5,9	3,0
20,19	0,12	1,0	5,9	3,0
20,21	0,12	1,0	5,9	3,0
20,24	0,12	1,0	5,9	3,0
20,26	0,12	1,0	5,9	3,0
20,29	0,11	1,0	5,9	3,0
20,31	0,12	1,0	5,9	3,0
20,34	0,12	1,0	5,9	3,0
20,36	0,12	1,0	5,9	3,0
20,39	0,12	1,0	5,9	3,0
20,41	0,12	1,0	5,9	3,0
20,43	0,13	1,0	5,9	3,0
20,46	0,13	1,0	5,9	3,0
20,48	0,12	1,0	5,9	3,0
20,51	0,12	1,0	5,9	3,0
20,53	0,13	1,0	5,9	3,0
20,56	0,13	1,0	5,9	3,0
20,58	0,11	1,0	5,9	3,0
20,61	0,11	1,0	5,9	3,0
20,63	0,12	1,0	5,9	3,0
20,65	0,12	1,0	5,9	3,0
20,68	0,11	1,0	5,9	3,0
20,70	0,11	1,0	5,9	3,0
20,73	0,11	1,0	5,9	3,0
20,75	0,11	1,0	5,9	3,0
20,78	0,10	1,0	5,9	3,0
20,80	0,11	1,0	5,9	3,0
20,83	0,11	1,0	5,9	3,0
20,85	0,11	1,0	5,9	3,0
20,87	0,10	1,0	5,9	3,0
20,90	0,11	1,0	5,9	3,0
20,92	0,11	1,0	5,9	3,0
20,95	0,11	1,0	5,9	3,0
20,97	0,10	1,0	5,9	3,0
21,00	0,11	1,0	5,9	3,0
21,02	0,11	1,0	5,9	3,0
21,05	0,11	1,0	5,9	3,0
21,07	0,10	1,0	5,9	3,0
21,09	0,11	1,0	5,9	3,0
21,12	0,11	1,0	5,9	3,0
21,14	0,11	1,0	5,9	3,0
21,17	0,10	1,0	5,9	3,0
21,19	0,11	1,0	5,9	3,0
21,22	0,11	1,0	5,9	3,0
21,24	0,11	1,0	5,9	3,0
21,26	0,11	1,0	5,9	3,0
21,29	0,11	1,0	5,9	3,0
21,31	0,11	1,0	5,9	3,0
21,34	0,11	1,0	5,9	3,0
21,36	0,11	1,0	5,9	3,0
21,39	0,12	1,0	5,9	3,0
21,41	0,12	1,0	5,9	3,0
21,44	0,12	1,0	5,9	3,0
21,46	0,12	1,0	5,9	3,0
21,48	0,13	1,0	5,9	3,0
21,51	0,13	1,0	5,9	3,0
21,53	0,12	1,0	5,9	3,0
21,56	0,12	1,0	5,9	3,0
21,58	0,13	1,0	5,9	3,0
21,61	0,13	1,0	5,9	3,0
21,63	0,12	1,0	5,9	3,0
21,66	0,13	1,0	5,9	3,0
21,68	0,13	1,0	5,9	3,0
21,70	0,13	1,0	5,9	3,0
21,73	0,13	1,0	5,9	3,0
21,75	0,13	1,0	5,9	3,0
21,78	0,13	1,0	5,9	3,0
21,80	0,13	1,0	5,9	3,0
21,83	0,13	1,0	5,9	3,0
21,85	0,13	1,0	5,9	3,0
21,88	0,13	1,0	5,9	3,0
21,90	0,13	1,0	5,9	3,0
21,92	0,13	1,0	5,9	3,0
21,95	0,12	1,0	5,9	3,0
21,97	0,12	1,0	5,9	3,0
22,00	0,12	1,0	5,9	3,0
22,02	0,13	1,0	5,9	3,0
22,05	0,12	1,0	5,9	3,0
22,07	0,12	1,0	5,9	3,0
22,10	0,12	1,0	5,9	3,0
22,12	0,12	1,0	5,9	3,0
22,14	0,12	1,0	5,9	3,0
22,17	0,12	1,0	5,9	3,0
22,19	0,12	1,0	5,9	3,0
22,22	0,12	1,0	5,9	3,0
22,24	0,11	1,0	5,9	3,0
22,27	0,11	1,0	5,9	3,0
22,29	0,12	1,0	5,9	3,0
22,31	0,11	1,0	5,9	3,0
22,34	0,11	1,0	5,9	3,0
22,36	0,11	1,0	5,9	3,0
22,39	0,11	1,0	5,9	3,0
22,41	0,11	1,0	5,9	3,0
22,44	0,11	1,0	5,9	3,0
22,46	0,11	1,0	5,9	3,0
22,49	0,10	1,0	5,9	3,0
22,51	0,10	1,0	5,9	3,0
22,53	0,10	1,0	5,9	3,0
22,56	0,10	1,0	5,9	3,0
22,58	0,10	1,0	5,9	3,0
22,61	0,11	1,0	5,9	3,0
22,63	0,11	1,0	5,9	3,0
22,66	0,11	1,0	5,9	3,0
22,68	0,10	1,0	5,9	3,0
22,71	0,11	1,0	5,9	3,0
22,73	0,11	1,0	5,9	3,0
22,75	0,11	1,0	5,9	3,0
22,78	0,11	1,0	5,9	3,0
22,80	0,11	1,0	5,9	3,0
22,83	0,11	1,0	5,9	3,0
22,85	0,11	1,0	5,9	3,0
22,88	0,11	1,0	5,9	3,0
22,90	0,12	1,0	5,9	3,0
22,93	0,12	1,0	5,9	3,0
22,95	0,12	1,0	5,9	3,0
22,97	0,11	1,0	5,9	3,0
23,00	0,12	1,0	5,9	3,0
23,02	0,12	1,0	5,9	3,0
23,05	0,12	1,0	5,9	3,0
23,07	0,12	1,0	5,9	3,0
23,10	0,13	1,0	5,9	3,0
23,12	0,13	1,0	5,9	3,0
23,15	0,12	1,0	5,9	3,0
23,17	0,13	1,0	5,9	3,0
23,19	0,14	1,0	5,9	3,0
23,22	0,14	1,0	5,9	3,0
23,24	0,13	1,0	5,9	3,0
23,27	0,13	1,0	5,9	3,0
23,29	0,13	1,0	5,9	3,0
23,32	0,13	1,0	5,9	3,0
23,34	0,12	1,0	5,9	3,0
23,36	0,12	1,0	5,9	3,0
23,39	0,13	1,0	5,9	3,0
23,41	0,13	1,0	5,9	3,0
23,44	0,12	1,0	5,9	3,0
23,46	0,12	1,0	5,9	3,0
23,49	0,13	1,0	5,9	3,0
23,51	0,13	1,0	5,9	3,0
23,54	0,12	1,0	5,9	3,0
23,56	0,13	1,0	5,9	3,0
23,58	0,13	1,0	5,9	3,0
23,61	0,13	1,0	5,9	3,0
23,63	0,12	1,0	5,9	3,0
23,66	0,12	1,0	5,9	3,0
23,68	0,13	1,0	5,9	3,0
23,71	0,13	1,0	5,9	3,0
23,73	0,11	1,0	5,9	3,0
23,76	0,11	1,0	5,9	3,0
23,78	0,11	1,0	5,9	3,0
23,80	0,11	1,0	5,9	3,0
23,83	0,11	1,0	5,9	3,0
23,85	0,11	1,0	5,9	3,0
23,88	0,11	1,0	5,9	3,0
23,90	0,11	1,0	5,9	3,0
23,93	0,10	1,0	5,9	3,0
23,95	0,11	1,0	5,9	3,0
23,98	0,11	1,0	5,9	3,0
24,00	0,11	1,0	5,9	3,0
24,02	0,10	1,0	5,9	3,0
24,05	0,11	1,0	5,9	3,0
24,07	0,12	1,0	5,9	3,0
24,10	0,12	1,0	5,9	3,0
24,12	0,11	1,0	5,9	3,0
24,15	0,11	1,0	5,9	3,0
24,17	0,11	1,0	5,9	3,0
24,20	0,12	1,0	5,9	3,0
24,22	0,11	1,0	5,9	3,0
24,24	0,10	1,0	5,9	3,0
24,27	0,10	1,0	5,9	3,0
24,29	0,11	1,0	5,9	3,0
24,32	0,11	1,0	5,9	3,0
24,34	0,10	1,0	5,9	3,0
24,37	0,10	1,0	5,9	3,0
24,39	0,11	1,0	5,9	3,0
24,42	0,11	1,0	5,9	3,0
24,44	0,11	1,0	5,9	3,0
24,46	0,11	1,0	5,9	3,0
24,49	0,12	1,0	5,9	3,0
24,51	0,11	1,0	5,9	3,0
24,54	0,11	1,0	5,9	3,0
24,56	0,11	1,0	5,9	3,0
24,59	0,12	1,0	5,9	3,0
24,61	0,12	1,0	5,9	3,0
24,63	0,12	1,0	5,9	3,0
24,66	0,12	1,0	5,9	3,0
24,68	0,12	1,0	5,9	3,0
24,71	0,12	1,0	5,9	3,0
24,73	0,12	1,0	5,9	3,0
24,76	0,12	1,0	5,9	3,0
24,78	0,12	1,0	5,9	3,0
24,81	0,12	1,0	5,9	3,0
24,83	0,12	1,0	5,9	3,0
24,85	0,12	1,0	5,9	3,0
24,88	0,12	1,0	5,9	3,0
24,90	0,12	1,0	5,9	3,0
24,93	0,12	1,0	5,9	3,0
24,95	0,12	1,0	5,9	3,0
24,98	0,12	1,0	5,9	3,0
25,00	0,13	1,0	5,9	3,0
25,03	0,13	1,0	5,9	3,0
25,05	0,12	1,0	5,9	3,0
25,07	0,12	1,0	5,9	3,0
25,10	0,12	1,0	5,9	3,0
25,12	0,12	1,0	5,9	3,0
25,15	0,12	1,0	5,9	3,0
25,17	0,12	1,0	5,9	3,0
25,20	0,12	1,0	5,9	3,0
25,22	0,12	1,0	5,9	3,0
25,25	0,11	1,0	5,9	3,0
25,27	0,12	1,0	5,9	3,0
25,29	0,12	1,0	5,9	3,0
25,32	0,12	1,0	5,9	3,0
25,34	0,11	1,0	5,9	3,0
25,37	0,11	1,0	5,9	3,0
25,39	0,11	1,0	5,9	3,0
25,42	0,11	1,0	5,9	3,0
25,44	0,11	1,0	5,9	3,0
25,47	0,12	1,0	5,9	3,0
25,49	0,12	1,0	5,9	3,0
25,51	0,12	1,0	5,9	3,0
25,54	0,11	1,0	5,9	3,0
25,56	0,12	1,0	5,9	3,0
25,59	0,12	1,0	5,9	3,0
25,61	0,11	1,0	5,9	3,0
25,64	0,10	1,0	5,9	3,0
25,66	0,11	1,0	5,9	3,0
25,68	0,11	1,0	5,9	3,0
25,71	0,11	1,0	5,9	3,0
25,73	0,11	1,0	5,9	3,0
25,76	0,11	1,0	5,9	3,0
25,78	0,11	1,0	5,9	3,0
25,81	0,11	1,0	5,9	3,0
25,83	0,10	1,0	5,9	3,0
25,86	0,11	1,0	5,9	3,0
25,88	0,11	1,0	5,9	3,0
25,90	0,11	1,0	5,9	3,0
25,93	0,11	1,0	5,9	3,0
25,95	0,11	1,0	5,9	3,0
25,98	0,11	1,0	5,9	3,0
26,00	0,11	1,0	5,9	3,0
26,03	0,11	1,0	5,9	3,0
26,05	0,12	1,0	5,9	3,0
26,08	0,12	1,0	5,9	3,0
26,10	0,11	1,0	5,9	3,0
26,12	0,11	1,0	5,9	3,0
26,15	0,11	1,0	5,9	3,0
26,17	0,11	1,0	5,9	3,0
26,20	0,11	1,0	5,9	3,0
26,22	0,11	1,0	5,9	3,0
26,25	0,12	1,0	5,9	3,0
26,27	0,12	1,0	5,9	3,0
26,30	0,12	1,0	5,9	3,0
26,32	0,11	1,0	5,9	3,0
26,34	0,12	1,0	5,9	3,0
26,37	0,12	1,0	5,9	3,0
26,39	0,12	1,0	5,9	3,0
26,42	0,12	1,0	5,9	3,0
26,44	0,13	1,0	5,9	3,0
26,47	0,13	1,0	5,9	3,0
26,49	0,13	1,0	5,9	3,0
26,52	0,13	1,0	5,9	3,0
26,54	0,13	1,0	5,9	3,0
26,56	0,13	1,0	5,9	3,0
26,59	0,13	1,0	5,9	3,0
26,61	0,13	1,0	5,9	3,0
26,64	0,13	1,0	5,9	3,0
26,66	0,13	1,0	5,9	3,0
26,69	0,14	1,0	5,9	3,0
26,71	0,13	1,0	5,9	3,0
26,73	0,13	1,0	5,9	3,0
26,76	0,13	1,0	5,9	3,0
26,78	0,13	1,0	5,9	3,0
26,81	0,13	1,0	5,9	3,0
26,83	0,13	1,0	5,9	3,0
26,86	0,13	1,0	5,9	3,0
26,88	0,13	1,0	5,9	3,0
26,91	0,13	1,0	5,9	3,0
26,93	0,13	1,0	5,9	3,0
26,95	0,13	1,0	5,9	3,0
26,98	0,13	1,0	5,9	3,0
27,00	0,12	1,0	5,9	3,0
27,03	0,12	1,0	5,9	3,0
27,05	0,12	1,0	5,9	3,0
27,08	0,13	1,0	5,9	3,0
27,10	0,12	1,0	5,9	3,0
27,13	0,12	1,0	5,9	3,0
27,15	0,12	1,0	5,9	3,0
27,17	0,12	1,0	5,9	3,0
27,20	0,12	1,0	5,9	3,0
27,22	0,12	1,0	5,9	3,0
27,25	0,11	1,0	5,9	3,0
27,27	0,12	1,0	5,9	3,0
27,30	0,12	1,0	5,9	3,0
27,32	0,11	1,0	5,9	3,0
27,35	0,10	1,0	5,9	3,0
27,37	0,12	1,0	5,9	3,0
27,39	0,12	1,0	5,9	3,0
27,42	0,12	1,0	5,9	3,0
27,44	0,11	1,0	5,9	3,0
27,47	0,11	1,0	5,9	3,0
27,49	0,11	1,0	5,9	3,0
27,52	0,11	1,0	5,9	3,0
27,54	0,10	1,0	5,9	3,0
27,57	0,11	1,0	5,9	3,0
27,59	0,11	1,0	5,9	3,0
27,61	0,11	1,0	5,9	3,0
27,64	0,11	1,0	5,9	3,0
27,66	0,12	1,0	5,9	3,0
27,69	0,12	1,0	5,9	3,0
27,71	0,12	1,0	5,9	3,0
27,74	0,11	1,0	5,9	3,0
27,76	0,12	1,0	5,9	3,0
27,78	0,12	1,0	5,9	3,0
27,81	0,12	1,0	5,9	3,0
27,83	0,11	1,0	5,9	3,0
27,86	0,12	1,0	5,9	3,0
27,88	0,12	1,0	5,9	3,0
27,91	0,12	1,0	5,9	3,0
27,93	0,11	1,0	5,9	3,0
27,96	0,12	1,0	5,9	3,0
27,98	0,12	1,0	5,9	3,0
28,00	0,12	1,0	5,9	3,0
28,03	0,12	1,0	5,9	3,0
28,05	0,12	1,0	5,9	3,0
28,08	0,12	1,0	5,9	3,0
28,10	0,12	1,0	5,9	3,0
28,13	0,12	1,0	5,9	3,0
28,15	0,13	1,0	5,9	3,0
28,18	0,13	1,0	5,9	3,0
28,20	0,13	1,0	5,9	3,0
28,22	0,13	1,0	5,9	3,0
28,25	0,13	1,0	5,9	3,0
28,27	0,13	1,0	5,9	3,0
28,30	0,12	1,0	5,9	3,0
28,32	0,12	1,0	5,9	3,0
28,35	0,13	1,0	5,9	3,0
28,37	0,13	1,0	5,9	3,0
28,40	0,12	1,0	5,9	3,0
28,42	0,12	1,0	5,9	3,0
28,44	0,12	1,0	5,9	3,0
28,47	0,12	1,0	5,9	3,0
28,49	0,12	1,0	5,9	3,0
28,52	0,12	1,0	5,9	3,0
28,54	0,12	1,0	5,9	3,0
28,57	0,12	1,0	5,9	3,0
28,59	0,12	1,0	5,9	3,0
28,62	0,12	1,0	5,9	3,0
28,64	0,12	1,0	5,9	3,0
28,66	0,12	1,0	5,9	3,0
28,69	0,11	1,0	5,9	3,0
28,71	0,12	1,0	5,9	3,0
28,74	0,12	1,0	5,9	3,0
28,76	0,12	1,0	5,9	3,0
28,79	0,11	1,0	5,9	3,0
28,81	0,12	1,0	5,9	3,0
28,84	0,12	1,0	5,9	3,0
28,86	0,12	1,0	5,9	3,0
28,88	0,11	1,0	5,9	3,0
28,91	0,11	1,0	5,9	3,0
28,93	0,11	1,0	5,9	3,0
28,96	0,11	1,0	5,9	3,0
28,98	0,11	1,0	5,9	3,0
29,01	0,10	1,0	5,9	3,0
29,03	0,10	1,0	5,9	3,0
29,05	0,11	1,0	5,9	3,0
29,08	0,11	1,0	5,9	3,0
29,10	0,11	1,0	5,9	3,0
29,13	0,11	1,0	5,9	3,0
29,15	0,11	1,0	5,9	3,0
29,18	0,11	1,0	5,9	3,0
29,20	0,11	1,0	5,9	3,0
29,23	0,11	1,0	5,9	3,0
29,25	0,11	1,0	5,9	3,0
29,27	0,11	1,0	5,9	3,0
29,30	0,11	1,0	5,9	3,0
29,32	0,11	1,0	5,9	3,0
29,35	0,12	1,0	5,9	3,0
29,37	0,11	1,0	5,9	3,0
29,40	0,11	1,0	5,9	3,0
29,42	0,11	1,0	5,9	3,0
29,45	0,11	1,0	5,9	3,0
29,47	0,11	1,0	5,9	3,0
29,49	0,11	1,0	5,9	3,0
29,52	0,11	1,0	5,9	3,0
29,54	0,12	1,0	5,9	3,0
29,57	0,12	1,0	5,9	3,0
29,59	0,12	1,0	5,9	3,0
29,62	0,12	1,0	5,9	3,0
29,64	0,12	1,0	5,9	3,0
29,67	0,13	1,0	5,9	3,0
29,69	0,13	1,0	5,9	3,0
29,71	0,13	1,0	5,9	3,0
29,74	0,13	1,0	5,9	3,0
29,76	0,13	1,0	5,9	3,0
29,79	0,13	1,0	5,9	3,0
29,81	0,13	1,0	5,9	3,0
29,84	0,13	1,0	5,9	3,0
29,86	0,13	1,0	5,9	3,0
29,89	0,13	1,0	5,9	3,0
29,91	0,13	1,0	5,9	3,0
29,93	0,13	1,0	5,9	3,0
29,96	0,13	1,0	5,9	3,0
29,98	0,13	1,0	5,9	3,0
30,01	0,12	1,0	5,9	3,0
30,03	0,12	1,0	5,9	3,0
30,06	0,12	1,0	5,9	3,0
30,08	0,12	1,0	5,9	3,0
30,10	0,12	1,0	5,9	3,0
30,13	0,12	1,0	5,9	3,0
30,15	0,12	1,0	5,9	3,0
30,18	0,12	1,0	5,9	3,0
30,20	0,11	1,0	5,9	3,0
30,23	0,11	1,0	5,9	3,0
30,25	0,11	1,0	5,9	3,0
30,28	0,11	1,0	5,9	3,0
30,30	0,11	1,0	5,9	3,0
30,32	0,11	1,0	5,9	3,0
30,35	0,11	1,0	5,9	3,0
30,37	0,11	1,0	5,9	3,0
30,40	0,10	1,0	5,9	3,0
30,42	0,11	1,0	5,9	3,0
30,45	0,11	1,0	5,9	3,0
30,47	0,11	1,0	5,9	3,0
30,50	0,11	1,0	5,9	3,0
30,52	0,11	1,0	5,9	3,0
30,54	0,11	1,0	5,9	3,0
30,57	0,11	1,0	5,9	3,0
30,59	0,10	1,0	5,9	3,0
30,62	0,11	1,0	5,9	3,0
30,64	0,11	1,0	5,9	3,0
30,67	0,12	1,0	5,9	3,0
30,69	0,11	1,0	5,9	3,0
30,72	0,12	1,0	5,9	3,0
30,74	0,12	1,0	5,9	3,0
30,76	0,12	1,0	5,9	3,0
30,79	0,11	1,0	5,9	3,0
30,81	0,12	1,0	5,9	3,0
30,84	0,12	1,0	5,9	3,0
30,86	0,12	1,0	5,9	3,0
30,89	0,11	1,0	5,9	3,0
30,91	0,12	1,0	5,9	3,0
30,94	0,12	1,0	5,9	3,0
30,96	0,11	1,0	5,9	3,0
30,98	0,11	1,0	5,9	3,0
31,01	0,12	1,0	5,9	3,0
31,03	0,12	1,0	5,9	3,0
31,06	0,12	1,0	5,9	3,0
31,08	0,12	1,0	5,9	3,0
31,11	0,13	1,0	5,9	3,0
31,13	0,13	1,0	5,9	3,0
31,15	0,12	1,0	5,9	3,0
31,18	0,11	1,0	5,9	3,0
31,20	0,13	1,0	5,9	3,0
31,23	0,13	1,0	5,9	3,0
31,25	0,12	1,0	5,9	3,0
31,28	0,12	1,0	5,9	3,0
31,30	0,13	1,0	5,9	3,0
31,33	0,13	1,0	5,9	3,0
31,35	0,13	1,0	5,9	3,0
31,37	0,12	1,0	5,9	3,0
31,40	0,13	1,0	5,9	3,0
31,42	0,13	1,0	5,9	3,0
31,45	0,13	1,0	5,9	3,0
31,47	0,13	1,0	5,9	3,0
31,50	0,13	1,0	5,9	3,0
31,52	0,13	1,0	5,9	3,0
31,55	0,13	1,0	5,9	3,0
31,57	0,13	1,0	5,9	3,0
31,59	0,13	1,0	5,9	3,0
31,62	0,13	1,0	5,9	3,0
31,64	0,13	1,0	5,9	3,0
31,67	0,12	1,0	5,9	3,0
31,69	0,12	1,0	5,9	3,0
31,72	0,12	1,0	5,9	3,0
31,74	0,12	1,0	5,9	3,0
31,77	0,12	1,0	5,9	3,0
31,79	0,12	1,0	5,9	3,0
31,81	0,12	1,0	5,9	3,0
31,84	0,12	1,0	5,9	3,0
31,86	0,11	1,0	5,9	3,0
31,89	0,11	1,0	5,9	3,0
31,91	0,11	1,0	5,9	3,0
31,94	0,11	1,0	5,9	3,0
31,96	0,11	1,0	5,9	3,0
31,99	0,11	1,0	5,9	3,0
32,01	0,11	1,0	5,9	3,0
32,03	0,11	1,0	5,9	3,0
32,06	0,10	1,0	5,9	3,0
32,08	0,10	1,0	5,9	3,0
32,11	0,10	1,0	5,9	3,0
32,13	0,10	1,0	5,9	3,0
32,16	0,10	1,0	5,9	3,0
32,18	0,10	1,0	5,9	3,0
32,20	0,10	1,0	5,9	3,0
32,23	0,11	1,0	5,9	3,0
32,25	0,11	1,0	5,9	3,0
32,28	0,11	1,0	5,9	3,0
32,30	0,10	1,0	5,9	3,0
32,33	0,11	1,0	5,9	3,0
32,35	0,11	1,0	5,9	3,0
32,38	0,11	1,0	5,9	3,0
32,40	0,11	1,0	5,9	3,0
32,42	0,11	1,0	5,9	3,0
32,45	0,11	1,0	5,9	3,0
32,47	0,11	1,0	5,9	3,0
32,50	0,10	1,0	5,9	3,0
32,52	0,11	1,0	5,9	3,0
32,55	0,11	1,0	5,9	3,0
32,57	0,11	1,0	5,9	3,0
32,60	0,11	1,0	5,9	3,0
32,62	0,12	1,0	5,9	3,0
32,64	0,12	1,0	5,9	3,0
32,67	0,12	1,0	5,9	3,0
32,69	0,11	1,0	5,9	3,0
32,72	0,13	1,0	5,9	3,0
32,74	0,13	1,0	5,9	3,0
32,77	0,13	1,0	5,9	3,0
32,79	0,12	1,0	5,9	3,0
32,82	0,13	1,0	5,9	3,0
32,84	0,13	1,0	5,9	3,0
32,86	0,12	1,0	5,9	3,0
32,89	0,12	1,0	5,9	3,0
32,91	0,13	1,0	5,9	3,0
32,94	0,13	1,0	5,9	3,0
32,96	0,13	1,0	5,9	3,0
32,99	0,13	1,0	5,9	3,0
33,01	0,14	1,0	5,9	3,0
33,04	0,14	1,0	5,9	3,0
33,06	0,13	1,0	5,9	3,0
33,08	0,13	1,0	5,9	3,0
33,11	0,14	1,0	5,9	3,0
33,13	0,14	1,0	5,9	3,0
33,16	0,14	1,0	5,9	3,0
33,18	0,14	1,0	5,9	3,0
33,21	0,14	1,0	5,9	3,0
33,23	0,14	1,0	5,9	3,0
33,26	0,14	1,0	5,9	3,0
33,28	0,13	1,0	5,9	3,0
33,30	0,14	1,0	5,9	3,0
33,33	0,14	1,0	5,9	3,0
33,35	0,13	1,0	5,9	3,0
33,38	0,13	1,0	5,9	3,0
33,40	0,13	1,0	5,9	3,0
33,43	0,13	1,0	5,9	3,0
33,45	0,12	1,0	5,9	3,0
33,47	0,12	1,0	5,9	3,0
33,50	0,13	1,0	5,9	3,0
33,52	0,13	1,0	5,9	3,0
33,55	0,12	1,0	5,9	3,0
33,57	0,12	1,0	5,9	3,0
33,60	0,12	1,0	5,9	3,0
33,62	0,12	1,0	5,9	3,0
33,65	0,11	1,0	5,9	3,0
33,67	0,11	1,0	5,9	3,0
33,69	0,11	1,0	5,9	3,0
33,72	0,11	1,0	5,9	3,0
33,74	0,11	1,0	5,9	3,0
33,77	0,11	1,0	5,9	3,0
33,79	0,11	1,0	5,9	3,0
33,82	0,11	1,0	5,9	3,0
33,84	0,10	1,0	5,9	3,0
33,87	0,10	1,0	5,9	3,0
33,89	0,10	1,0	5,9	3,0
33,91	0,11	1,0	5,9	3,0
33,94	0,11	1,0	5,9	3,0
33,96	0,10	1,0	5,9	3,0
33,99	0,10	1,0	5,9	3,0
34,01	0,11	1,0	5,9	3,0
34,04	0,11	1,0	5,9	3,0
34,06	0,10	1,0	5,9	3,0
34,09	0,10	1,0	5,9	3,0
34,11	0,11	1,0	5,9	3,0
34,13	0,11	1,0	5,9	3,0
34,16	0,11	1,0	5,9	3,0
34,18	0,11	1,0	5,9	3,0
34,21	0,11	1,0	5,9	3,0
34,23	0,11	1,0	5,9	3,0
34,26	0,11	1,0	5,9	3,0
34,28	0,11	1,0	5,9	3,0
34,31	0,12	1,0	5,9	3,0
34,33	0,12	1,0	5,9	3,0
34,35	0,12	1,0	5,9	3,0
34,38	0,12	1,0	5,9	3,0
34,40	0,13	1,0	5,9	3,0
34,43	0,13	1,0	5,9	3,0
34,45	0,13	1,0	5,9	3,0
34,48	0,13	1,0	5,9	3,0
34,50	0,13	1,0	5,9	3,0
34,52	0,13	1,0	5,9	3,0
34,55	0,13	1,0	5,9	3,0
34,57	0,13	1,0	5,9	3,0
34,60	0,13	1,0	5,9	3,0
34,62	0,14	1,0	5,9	3,0
34,65	0,14	1,0	5,9	3,0
34,67	0,14	1,0	5,9	3,0
34,70	0,14	1,0	5,9	3,0
34,72	0,15	1,0	5,9	3,0
34,74	0,15	1,0	5,9	3,0
34,77	0,14	1,0	5,9	3,0
34,79	0,13	1,0	5,9	3,0
34,82	0,15	1,0	5,9	3,0
34,84	0,15	1,0	5,9	3,0
34,87	0,14	1,0	5,9	3,0
34,89	0,14	1,0	5,9	3,0
34,92	0,15	1,0	5,9	3,0
34,94	0,15	1,0	5,9	3,0
34,96	0,14	1,0	5,9	3,0
34,99	0,13	1,0	5,9	3,0
35,01	0,14	1,0	5,9	3,0
35,04	0,14	1,0	5,9	3,0
35,06	0,13	1,0	5,9	3,0
35,09	0,13	1,0	5,9	3,0
35,11	0,13	1,0	5,9	3,0
35,14	0,14	1,0	5,9	3,0
35,16	0,12	1,0	5,9	3,0
35,18	0,12	1,0	5,9	3,0
35,21	0,13	1,0	5,9	3,0
35,23	0,13	1,0	5,9	3,0
35,26	0,12	1,0	5,9	3,0
35,28	0,12	1,0	5,9	3,0
35,31	0,12	1,0	5,9	3,0
35,33	0,12	1,0	5,9	3,0
35,36	0,11	1,0	5,9	3,0
35,38	0,11	1,0	5,9	3,0
35,40	0,12	1,0	5,9	3,0
35,43	0,12	1,0	5,9	3,0
35,45	0,11	1,0	5,9	3,0
35,48	0,11	1,0	5,9	3,0
35,50	0,11	1,0	5,9	3,0
35,53	0,11	1,0	5,9	3,0
35,55	0,10	1,0	5,9	3,0
35,57	0,11	1,0	5,9	3,0
35,60	0,11	1,0	5,9	3,0
35,62	0,11	1,0	5,9	3,0
35,65	0,11	1,0	5,9	3,0
35,67	0,11	1,0	5,9	3,0
35,70	0,11	1,0	5,9	3,0
35,72	0,11	1,0	5,9	3,0
35,75	0,11	1,0	5,9	3,0
35,77	0,11	1,0	5,9	3,0
35,79	0,11	1,0	5,9	3,0
35,82	0,11	1,0	5,9	3,0
35,84	0,11	1,0	5,9	3,0
35,87	0,12	1,0	5,9	3,0
35,89	0,12	1,0	5,9	3,0
35,92	0,12	1,0	5,9	3,0
35,94	0,12	1,0	5,9	3,0
35,97	0,12	1,0	5,9	3,0
35,99	0,12	1,0	5,9	3,0
36,01	0,12	1,0	5,9	3,0
36,04	0,12	1,0	5,9	3,0
36,06	0,13	1,0	5,9	3,0
36,09	0,13	1,0	5,9	3,0
36,11	0,13	1,0	5,9	3,0
36,14	0,13	1,0	5,9	3,0
36,16	0,14	1,0	5,9	3,0
36,19	0,14	1,0	5,9	3,0
36,21	0,13	1,0	5,9	3,0
36,23	0,13	1,0	5,9	3,0
36,26	0,14	1,0	5,9	3,0
36,28	0,14	1,0	5,9	3,0
36,31	0,14	1,0	5,9	3,0
36,33	0,14	1,0	5,9	3,0
36,36	0,14	1,0	5,9	3,0
36,38	0,14	1,0	5,9	3,0
36,41	0,14	1,0	5,9	3,0
36,43	0,14	1,0	5,9	3,0
36,45	0,14	1,0	5,9	3,0
36,48	0,14	1,0	5,9	3,0
36,50	0,14	1,0	5,9	3,0
36,53	0,14	1,0	5,9	3,0
36,55	0,14	1,0	5,9	3,0
36,58	0,14	1,0	5,9	3,0
36,60	0,14	1,0	5,9	3,0
36,62	0,14	1,0	5,9	3,0
36,65	0,14	1,0	5,9	3,0
36,67	0,14	1,0	5,9	3,0
36,70	0,13	1,0	5,9	3,0
36,72	0,13	1,0	5,9	3,0
36,75	0,13	1,0	5,9	3,0
36,77	0,13	1,0	5,9	3,0
36,80	0,13	1,0	5,9	3,0
36,82	0,13	1,0	5,9	3,0
36,84	0,13	1,0	5,9	3,0
36,87	0,13	1,0	5,9	3,0
36,89	0,12	1,0	5,9	3,0
36,92	0,11	1,0	5,9	3,0
36,94	0,11	1,0	5,9	3,0
36,97	0,11	1,0	5,9	3,0
36,99	0,11	1,0	5,9	3,0
37,02	0,11	1,0	5,9	3,0
37,04	0,11	1,0	5,9	3,0
37,06	0,10	1,0	5,9	3,0
37,09	0,11	1,0	5,9	3,0
37,11	0,11	1,0	5,9	3,0
37,14	0,11	1,0	5,9	3,0
37,16	0,10	1,0	5,9	3,0
37,19	0,10	1,0	5,9	3,0
37,21	0,10	1,0	5,9	3,0
37,24	0,10	1,0	5,9	3,0
37,26	0,09	1,0	5,9	3,0
37,28	0,10	1,0	5,9	3,0
37,31	0,10	1,0	5,9	3,0
37,33	0,10	1,0	5,9	3,0
37,36	0,10	1,0	5,9	3,0
37,38	0,10	1,0	5,9	3,0
37,41	0,10	1,0	5,9	3,0
37,43	0,10	1,0	5,9	3,0
37,46	0,09	1,0	5,9	3,0
37,48	0,10	1,0	5,9	3,0
37,50	0,10	1,0	5,9	3,0
37,53	0,10	1,0	5,9	3,0
37,55	0,11	1,0	5,9	3,0
37,58	0,11	1,0	5,9	3,0
37,60	0,11	1,0	5,9	3,0
37,63	0,11	1,0	5,9	3,0
37,65	0,11	1,0	5,9	3,0
37,68	0,12	1,0	5,9	3,0
37,70	0,12	1,0	5,9	3,0
37,72	0,12	1,0	5,9	3,0
37,75	0,12	1,0	5,9	3,0
37,77	0,13	1,0	5,9	3,0
37,80	0,13	1,0	5,9	3,0
37,82	0,13	1,0	5,9	3,0
37,85	0,13	1,0	5,9	3,0
37,87	0,14	1,0	5,9	3,0
37,89	0,14	1,0	5,9	3,0
37,92	0,13	1,0	5,9	3,0
37,94	0,14	1,0	5,9	3,0
37,97	0,15	1,0	5,9	3,0
37,99	0,15	1,0	5,9	3,0
38,02	0,14	1,0	5,9	3,0
38,04	0,14	1,0	5,9	3,0
38,07	0,15	1,0	5,9	3,0
38,09	0,15	1,0	5,9	3,0
38,11	0,14	1,0	5,9	3,0
38,14	0,14	1,0	5,9	3,0
38,16	0,15	1,0	5,9	3,0
38,19	0,15	1,0	5,9	3,0
38,21	0,14	1,0	5,9	3,0
38,24	0,14	1,0	5,9	3,0
38,26	0,16	1,0	5,9	3,0
38,29	0,16	1,0	5,9	3,0
38,31	0,15	1,0	5,9	3,0
38,33	0,15	1,0	5,9	3,0
38,36	0,15	1,0	5,9	3,0
38,38	0,15	1,0	5,9	3,0
38,41	0,14	1,0	5,9	3,0
38,43	0,14	1,0	5,9	3,0
38,46	0,15	1,0	5,9	3,0
38,48	0,15	1,0	5,9	3,0
38,51	0,14	1,0	5,9	3,0
38,53	0,14	1,0	5,9	3,0
38,55	0,14	1,0	5,9	3,0
38,58	0,14	1,0	5,9	3,0
38,60	0,13	1,0	5,9	3,0
38,63	0,13	1,0	5,9	3,0
38,65	0,13	1,0	5,9	3,0
38,68	0,13	1,0	5,9	3,0
38,70	0,13	1,0	5,9	3,0
38,73	0,13	1,0	5,9	3,0
38,75	0,13	1,0	5,9	3,0
38,77	0,13	1,0	5,9	3,0
38,80	0,13	1,0	5,9	3,0
38,82	0,13	1,0	5,9	3,0
38,85	0,13	1,0	5,9	3,0
38,87	0,13	1,0	5,9	3,0
38,90	0,13	1,0	5,9	3,0
38,92	0,12	1,0	5,9	3,0
38,94	0,12	1,0	5,9	3,0
38,97	0,12	1,0	5,9	3,0
38,99	0,12	1,0	5,9	3,0
39,02	0,11	1,0	5,9	3,0
39,04	0,12	1,0	5,9	3,0
39,07	0,12	1,0	5,9	3,0
39,09	0,12	1,0	5,9	3,0
39,12	0,11	1,0	5,9	3,0
39,14	0,11	1,0	5,9	3,0
39,16	0,12	1,0	5,9	3,0
39,19	0,12	1,0	5,9	3,0
39,21	0,11	1,0	5,9	3,0
39,24	0,11	1,0	5,9	3,0
39,26	0,12	1,0	5,9	3,0
39,29	0,12	1,0	5,9	3,0
39,31	0,12	1,0	5,9	3,0
39,34	0,12	1,0	5,9	3,0
39,36	0,13	1,0	5,9	3,0
39,38	0,12	1,0	5,9	3,0
39,41	0,12	1,0	5,9	3,0
39,43	0,12	1,0	5,9	3,0
39,46	0,12	1,0	5,9	3,0
39,48	0,13	1,0	5,9	3,0
39,51	0,13	1,0	5,9	3,0
39,53	0,12	1,0	5,9	3,0
39,56	0,12	1,0	5,9	3,0
39,58	0,13	1,0	5,9	3,0
39,60	0,13	1,0	5,9	3,0
39,63	0,13	1,0	5,9	3,0
39,65	0,13	1,0	5,9	3,0
39,68	0,14	1,0	5,9	3,0
39,70	0,14	1,0	5,9	3,0
39,73	0,14	1,0	5,9	3,0
39,75	0,14	1,0	5,9	3,0
39,78	0,15	1,0	5,9	3,0
39,80	0,15	1,0	5,9	3,0
39,82	0,14	1,0	5,9	3,0
39,85	0,14	1,0	5,9	3,0
39,87	0,15	1,0	5,9	3,0
39,90	0,15	1,0	5,9	3,0
39,92	0,14	1,0	5,9	3,0
39,95	0,14	1,0	5,9	3,0
39,97	0,14	1,0	5,9	3,0
39,99	0,14	1,0	5,9	3,0
40,02	0,13	1,0	5,9	3,0
40,04	0,14	1,0	5,9	3,0
40,07	0,14	1,0	5,9	3,0
40,09	0,14	1,0	5,9	3,0
40,12	0,13	1,0	5,9	3,0
40,14	0,13	1,0	5,9	3,0
40,17	0,14	1,0	5,9	3,0
40,19	0,14	1,0	5,9	3,0
40,21	0,14	1,0	5,9	3,0
40,24	0,14	1,0	5,9	3,0
40,26	0,14	1,0	5,9	3,0
40,29	0,14	1,0	5,9	3,0
40,31	0,13	1,0	5,9	3,0
40,34	0,12	1,0	5,9	3,0
40,36	0,13	1,0	5,9	3,0
40,39	0,13	1,0	5,9	3,0
40,41	0,12	1,0	5,9	3,0
40,43	0,12	1,0	5,9	3,0
40,46	0,13	1,0	5,9	3,0
40,48	0,13	1,0	5,9	3,0
40,51	0,12	1,0	5,9	3,0
40,53	0,12	1,0	5,9	3,0
40,56	0,12	1,0	5,9	3,0
40,58	0,12	1,0	5,9	3,0
40,61	0,11	1,0	5,9	3,0
40,63	0,12	1,0	5,9	3,0
40,65	0,12	1,0	5,9	3,0
40,68	0,12	1,0	5,9	3,0
40,70	0,11	1,0	5,9	3,0
40,73	0,12	1,0	5,9	3,0
40,75	0,12	1,0	5,9	3,0
40,78	0,12	1,0	5,9	3,0
40,80	0,11	1,0	5,9	3,0
40,83	0,11	1,0	5,9	3,0
40,85	0,11	1,0	5,9	3,0
40,87	0,11	1,0	5,9	3,0
40,90	0,11	1,0	5,9	3,0
40,92	0,11	1,0	5,9	3,0
40,95	0,11	1,0	5,9	3,0
40,97	0,11	1,0	5,9	3,0
41,00	0,12	1,0	5,9	3,0
41,02	0,12	1,0	5,9	3,0
41,05	0,12	1,0	5,9	3,0
41,07	0,12	1,0	5,9	3,0
41,09	0,11	1,0	5,9	3,0
41,12	0,12	1,0	5,9	3,0
41,14	0,12	1,0	5,9	3,0
41,17	0,12	1,0	5,9	3,0
41,19	0,12	1,0	5,9	3,0
41,22	0,12	1,0	5,9	3,0
41,24	0,12	1,0	5,9	3,0
41,26	0,13	1,0	5,9	3,0
41,29	0,12	1,0	5,9	3,0
41,31	0,12	1,0	5,9	3,0
41,34	0,12	1,0	5,9	3,0
41,36	0,14	1,0	5,9	3,0
41,39	0,13	1,0	5,9	3,0
41,41	0,13	1,0	5,9	3,0
41,44	0,13	1,0	5,9	3,0
41,46	0,14	1,0	5,9	3,0
41,48	0,13	1,0	5,9	3,0
41,51	0,13	1,0	5,9	3,0
41,53	0,13	1,0	5,9	3,0
41,56	0,14	1,0	5,9	3,0
41,58	0,14	1,0	5,9	3,0
41,61	0,14	1,0	5,9	3,0
41,63	0,14	1,0	5,9	3,0
41,66	0,14	1,0	5,9	3,0
41,68	0,13	1,0	5,9	3,0
41,70	0,13	1,0	5,9	3,0
41,73	0,13	1,0	5,9	3,0
41,75	0,14	1,0	5,9	3,0
41,78	0,13	1,0	5,9	3,0
41,80	0,13	1,0	5,9	3,0
41,83	0,13	1,0	5,9	3,0
41,85	0,14	1,0	5,9	3,0
41,88	0,14	1,0	5,9	3,0
41,90	0,14	1,0	5,9	3,0
41,92	0,13	1,0	5,9	3,0
41,95	0,13	1,0	5,9	3,0
41,97	0,14	1,0	5,9	3,0
42,00	0,14	1,0	5,9	3,0
42,02	0,12	1,0	5,9	3,0
42,05	0,13	1,0	5,9	3,0
42,07	0,14	1,0	5,9	3,0
42,10	0,14	1,0	5,9	3,0
42,12	0,13	1,0	5,9	3,0
42,14	0,13	1,0	5,9	3,0
42,17	0,13	1,0	5,9	3,0
42,19	0,13	1,0	5,9	3,0
42,22	0,12	1,0	5,9	3,0
42,24	0,12	1,0	5,9	3,0
42,27	0,13	1,0	5,9	3,0
42,29	0,13	1,0	5,9	3,0
42,31	0,12	1,0	5,9	3,0
42,34	0,13	1,0	5,9	3,0
42,36	0,13	1,0	5,9	3,0
42,39	0,13	1,0	5,9	3,0
42,41	0,12	1,0	5,9	3,0
42,44	0,13	1,0	5,9	3,0
42,46	0,13	1,0	5,9	3,0
42,49	0,13	1,0	5,9	3,0
42,51	0,12	1,0	5,9	3,0
42,53	0,12	1,0	5,9	3,0
42,56	0,12	1,0	5,9	3,0
42,58	0,12	1,0	5,9	3,0
42,61	0,12	1,0	5,9	3,0
42,63	0,13	1,0	5,9	3,0
42,66	0,13	1,0	5,9	3,0
42,68	0,12	1,0	5,9	3,0
42,71	0,12	1,0	5,9	3,0
42,73	0,12	1,0	5,9	3,0
42,75	0,12	1,0	5,9	3,0
42,78	0,12	1,0	5,9	3,0
42,80	0,12	1,0	5,9	3,0
42,83	0,13	1,0	5,9	3,0
42,85	0,13	1,0	5,9	3,0
42,88	0,12	1,0	5,9	3,0
42,90	0,13	1,0	5,9	3,0
42,93	0,13	1,0	5,9	3,0
42,95	0,13	1,0	5,9	3,0
42,97	0,13	1,0	5,9	3,0
43,00	0,13	1,0	5,9	3,0
43,02	0,14	1,0	5,9	3,0
43,05	0,14	1,0	5,9	3,0
43,07	0,13	1,0	5,9	3,0
43,10	0,14	1,0	5,9	3,0
43,12	0,14	1,0	5,9	3,0
43,15	0,14	1,0	5,9	3,0
43,17	0,13	1,0	5,9	3,0
43,19	0,13	1,0	5,9	3,0
43,22	0,14	1,0	5,9	3,0
43,24	0,14	1,0	5,9	3,0
43,27	0,13	1,0	5,9	3,0
43,29	0,14	1,0	5,9	3,0
43,32	0,14	1,0	5,9	3,0
43,34	0,14	1,0	5,9	3,0
43,36	0,13	1,0	5,9	3,0
43,39	0,13	1,0	5,9	3,0
43,41	0,14	1,0	5,9	3,0
43,44	0,14	1,0	5,9	3,0
43,46	0,13	1,0	5,9	3,0
43,49	0,13	1,0	5,9	3,0
43,51	0,14	1,0	5,9	3,0
43,54	0,14	1,0	5,9	3,0
43,56	0,13	1,0	5,9	3,0
43,58	0,13	1,0	5,9	3,0
43,61	0,14	1,0	5,9	3,0
43,63	0,14	1,0	5,9	3,0
43,66	0,14	1,0	5,9	3,0
43,68	0,13	1,0	5,9	3,0
43,71	0,13	1,0	5,9	3,0
43,73	0,13	1,0	5,9	3,0
43,76	0,13	1,0	5,9	3,0
43,78	0,13	1,0	5,9	3,0
43,80	0,13	1,0	5,9	3,0
43,83	0,13	1,0	5,9	3,0
43,85	0,13	1,0	5,9	3,0
43,88	0,13	1,0	5,9	3,0
43,90	0,13	1,0	5,9	3,0
43,93	0,13	1,0	5,9	3,0
43,95	0,13	1,0	5,9	3,0
43,98	0,13	1,0	5,9	3,0
44,00	0,13	1,0	5,9	3,0
44,02	0,13	1,0	5,9	3,0
44,05	0,13	1,0	5,9	3,0
44,07	0,13	1,0	5,9	3,0
44,10	0,13	1,0	5,9	3,0
44,12	0,13	1,0	5,9	3,0
44,15	0,13	1,0	5,9	3,0
44,17	0,12	1,0	5,9	3,0
44,20	0,12	1,0	5,9	3,0
44,22	0,13	1,0	5,9	3,0
44,24	0,13	1,0	5,9	3,0
44,27	0,12	1,0	5,9	3,0
44,29	0,12	1,0	5,9	3,0
44,32	0,12	1,0	5,9	3,0
44,34	0,13	1,0	5,9	3,0
44,37	0,13	1,0	5,9	3,0
44,39	0,12	1,0	5,9	3,0
44,41	0,12	1,0	5,9	3,0
44,44	0,12	1,0	5,9	3,0
44,46	0,12	1,0	5,9	3,0
44,49	0,12	1,0	5,9	3,0
44,51	0,12	1,0	5,9	3,0
44,54	0,13	1,0	5,9	3,0
44,56	0,13	1,0	5,9	3,0
44,59	0,12	1,0	5,9	3,0
44,61	0,12	1,0	5,9	3,0
44,63	0,13	1,0	5,9	3,0
44,66	0,13	1,0	5,9	3,0
44,68	0,12	1,0	5,9	3,0
44,71	0,12	1,0	5,9	3,0
44,73	0,13	1,0	5,9	3,0
44,76	0,13	1,0	5,9	3,0
44,78	0,13	1,0	5,9	3,0
44,81	0,13	1,0	5,9	3,0
44,83	0,14	1,0	5,9	3,0
44,85	0,14	1,0	5,9	3,0
44,88	0,13	1,0	5,9	3,0
44,90	0,13	1,0	5,9	3,0
44,93	0,14	1,0	5,9	3,0
44,95	0,14	1,0	5,9	3,0
44,98	0,13	1,0	5,9	3,0
45,00	0,13	1,0	5,9	3,0
45,03	0,14	1,0	5,9	3,0
45,05	0,14	1,0	5,9	3,0
45,07	0,13	1,0	5,9	3,0
45,10	0,13	1,0	5,9	3,0
45,12	0,13	1,0	5,9	3,0
45,15	0,13	1,0	5,9	3,0
45,17	0,13	1,0	5,9	3,0
45,20	0,13	1,0	5,9	3,0
45,22	0,14	1,0	5,9	3,0
45,25	0,14	1,0	5,9	3,0
45,27	0,13	1,0	5,9	3,0
45,29	0,13	1,0	5,9	3,0
45,32	0,13	1,0	5,9	3,0
45,34	0,13	1,0	5,9	3,0
45,37	0,12	1,0	5,9	3,0
45,39	0,13	1,0	5,9	3,0
45,42	0,13	1,0	5,9	3,0
45,44	0,13	1,0	5,9	3,0
45,47	0,12	1,0	5,9	3,0
45,49	0,13	1,0	5,9	3,0
45,51	0,13	1,0	5,9	3,0
45,54	0,13	1,0	5,9	3,0
45,56	0,12	1,0	5,9	3,0
45,59	0,12	1,0	5,9	3,0
45,61	0,12	1,0	5,9	3,0
45,64	0,12	1,0	5,9	3,0
45,66	0,12	1,0	5,9	3,0
45,68	0,12	1,0	5,9	3,0
45,71	0,13	1,0	5,9	3,0
45,73	0,13	1,0	5,9	3,0
45,76	0,12	1,0	5,9	3,0
45,78	0,13	1,0	5,9	3,0
45,81	0,13	1,0	5,9	3,0
45,83	0,13	1,0	5,9	3,0
45,86	0,12	1,0	5,9	3,0
45,88	0,12	1,0	5,9	3,0
45,90	0,12	1,0	5,9	3,0
45,93	0,12	1,0	5,9	3,0
45,95	0,12	1,0	5,9	3,0
45,98	0,13	1,0	5,9	3,0
46,00	0,13	1,0	5,9	3,0
46,03	0,13	1,0	5,9	3,0
46,05	0,12	1,0	5,9	3,0
46,08	0,13	1,0	5,9	3,0
46,10	0,13	1,0	5,9	3,0
46,12	0,13	1,0	5,9	3,0
46,15	0,13	1,0	5,9	3,0
46,17	0,13	1,0	5,9	3,0
46,20	0,13	1,0	5,9	3,0
46,22	0,14	1,0	5,9	3,0
46,25	0,14	1,0	5,9	3,0
46,27	0,14	1,0	5,9	3,0
46,30	0,14	1,0	5,9	3,0
46,32	0,14	1,0	5,9	3,0
46,34	0,14	1,0	5,9	3,0
46,37	0,13	1,0	5,9	3,0
46,39	0,14	1,0	5,9	3,0
46,42	0,14	1,0	5,9	3,0
46,44	0,14	1,0	5,9	3,0
46,47	0,14	1,0	5,9	3,0
46,49	0,14	1,0	5,9	3,0
46,52	0,14	1,0	5,9	3,0
46,54	0,14	1,0	5,9	3,0
46,56	0,14	1,0	5,9	3,0
46,59	0,14	1,0	5,9	3,0
46,61	0,15	1,0	5,9	3,0
46,64	0,14	1,0	5,9	3,0
46,66	0,14	1,0	5,9	3,0
46,69	0,14	1,0	5,9	3,0
46,71	0,14	1,0	5,9	3,0
46,73	0,14	1,0	5,9	3,0
46,76	0,14	1,0	5,9	3,0
46,78	0,13	1,0	5,9	3,0
46,81	0,13	1,0	5,9	3,0
46,83	0,14	1,0	5,9	3,0
46,86	0,14	1,0	5,9	3,0
46,88	0,13	1,0	5,9	3,0
46,91	0,13	1,0	5,9	3,0
46,93	0,14	1,0	5,9	3,0
46,95	0,14	1,0	5,9	3,0
46,98	0,13	1,0	5,9	3,0
47,00	0,13	1,0	5,9	3,0
47,03	0,13	1,0	5,9	3,0
47,05	0,13	1,0	5,9	3,0
47,08	0,13	1,0	5,9	3,0
47,10	0,13	1,0	5,9	3,0
47,13	0,14	1,0	5,9	3,0
47,15	0,14	1,0	5,9	3,0
47,17	0,13	1,0	5,9	3,0
47,20	0,13	1,0	5,9	3,0
47,22	0,13	1,0	5,9	3,0
47,25	0,13	1,0	5,9	3,0
47,27	0,12	1,0	5,9	3,0
47,30	0,13	1,0	5,9	3,0
47,32	0,13	1,0	5,9	3,0
47,35	0,13	1,0	5,9	3,0
47,37	0,12	1,0	5,9	3,0
47,39	0,13	1,0	5,9	3,0
47,42	0,13	1,0	5,9	3,0
47,44	0,13	1,0	5,9	3,0
47,47	0,12	1,0	5,9	3,0
47,49	0,13	1,0	5,9	3,0
47,52	0,13	1,0	5,9	3,0
47,54	0,13	1,0	5,9	3,0
47,57	0,12	1,0	5,9	3,0
47,59	0,13	1,0	5,9	3,0
47,61	0,13	1,0	5,9	3,0
47,64	0,13	1,0	5,9	3,0
47,66	0,12	1,0	5,9	3,0
47,69	0,13	1,0	5,9	3,0
47,71	0,13	1,0	5,9	3,0
47,74	0,13	1,0	5,9	3,0
47,76	0,12	1,0	5,9	3,0
47,78	0,12	1,0	5,9	3,0
47,81	0,12	1,0	5,9	3,0
47,83	0,12	1,0	5,9	3,0
47,86	0,12	1,0	5,9	3,0
47,88	0,13	1,0	5,9	3,0
47,91	0,13	1,0	5,9	3,0
47,93	0,13	1,0	5,9	3,0
47,96	0,12	1,0	5,9	3,0
47,98	0,13	1,0	5,9	3,0
48,00	0,13	1,0	5,9	3,0
48,03	0,13	1,0	5,9	3,0
48,05	0,13	1,0	5,9	3,0
48,08	0,13	1,0	5,9	3,0
48,10	0,13	1,0	5,9	3,0
48,13	0,13	1,0	5,9	3,0
48,15	0,13	1,0	5,9	3,0
48,18	0,13	1,0	5,9	3,0
48,20	0,13	1,0	5,9	3,0
48,22	0,12	1,0	5,9	3,0
48,25	0,12	1,0	5,9	3,0
48,27	0,13	1,0	5,9	3,0
48,30	0,13	1,0	5,9	3,0
48,32	0,12	1,0	5,9	3,0
48,35	0,12	1,0	5,9	3,0
48,37	0,13	1,0	5,9	3,0
48,40	0,13	1,0	5,9	3,0
48,42	0,12	1,0	5,9	3,0
48,44	0,13	1,0	5,9	3,0
48,47	0,13	1,0	5,9	3,0
48,49	0,13	1,0	5,9	3,0
48,52	0,13	1,0	5,9	3,0
48,54	0,13	1,0	5,9	3,0
48,57	0,13	1,0	5,9	3,0
48,59	0,13	1,0	5,9	3,0
48,62	0,13	1,0	5,9	3,0
48,64	0,13	1,0	5,9	3,0
48,66	0,13	1,0	5,9	3,0
48,69	0,13	1,0	5,9	3,0
48,71	0,13	1,0	5,9	3,0
48,74	0,13	1,0	5,9	3,0
48,76	0,13	1,0	5,9	3,0
48,79	0,13	1,0	5,9	3,0
48,81	0,14	1,0	5,9	3,0
48,84	0,13	1,0	5,9	3,0
48,86	0,13	1,0	5,9	3,0
48,88	0,14	1,0	5,9	3,0
48,91	0,14	1,0	5,9	3,0
48,93	0,13	1,0	5,9	3,0
48,96	0,13	1,0	5,9	3,0
48,98	0,13	1,0	5,9	3,0
49,01	0,13	1,0	5,9	3,0
49,03	0,13	1,0	5,9	3,0
49,05	0,13	1,0	5,9	3,0
49,08	0,13	1,0	5,9	3,0
49,10	0,13	1,0	5,9	3,0
49,13	0,12	1,0	5,9	3,0
49,15	0,12	1,0	5,9	3,0
49,18	0,12	1,0	5,9	3,0
49,20	0,13	1,0	5,9	3,0
49,23	0,13	1,0	5,9	3,0
49,25	0,13	1,0	5,9	3,0
49,27	0,12	1,0	5,9	3,0
49,30	0,13	1,0	5,9	3,0
49,32	0,13	1,0	5,9	3,0
49,35	0,13	1,0	5,9	3,0
49,37	0,12	1,0	5,9	3,0
49,40	0,13	1,0	5,9	3,0
49,42	0,13	1,0	5,9	3,0
49,45	0,13	1,0	5,9	3,0
49,47	0,12	1,0	5,9	3,0
49,49	0,13	1,0	5,9	3,0
49,52	0,13	1,0	5,9	3,0
49,54	0,13	1,0	5,9	3,0
49,57	0,12	1,0	5,9	3,0
49,59	0,13	1,0	5,9	3,0
49,62	0,13	1,0	5,9	3,0
49,64	0,13	1,0	5,9	3,0
49,67	0,13	1,0	5,9	3,0
49,69	0,13	1,0	5,9	3,0
49,71	0,13	1,0	5,9	3,0
49,74	0,13	1,0	5,9	3,0
49,76	0,13	1,0	5,9	3,0
49,79	0,13	1,0	5,9	3,0
49,81	0,13	1,0	5,9	3,0
49,84	0,13	1,0	5,9	3,0
49,86	0,13	1,0	5,9	3,0
49,89	0,13	1,0	5,9	3,0
49,91	0,13	1,0	5,9	3,0
49,93	0,12	1,0	5,9	3,0
49,96	0,12	1,0	5,9	3,0
49,98	0,13	1,0	5,9	3,0
50,01	0,13	1,0	5,9	3,0
50,03	0,13	1,0	5,9	3,0
50,06	0,13	1,0	5,9	3,0
50,08	0,13	1,0	5,9	3,0
50,10	0,13	1,0	5,9	3,0
50,13	0,12	1,0	5,9	3,0
50,15	0,12	1,0	5,9	3,0
50,18	0,12	1,0	5,9	3,0
50,20	0,12	1,0	5,9	3,0
50,23	0,12	1,0	5,9	3,0
50,25	0,12	1,0	5,9	3,0
50,28	0,12	1,0	5,9	3,0
50,30	0,12	1,0	5,9	3,0
50,32	0,12	1,0	5,9	3,0
50,35	0,12	1,0	5,9	3,0
50,37	0,13	1,0	5,9	3,0
50,40	0,13	1,0	5,9	3,0
50,42	0,12	1,0	5,9	3,0
50,45	0,13	1,0	5,9	3,0
50,47	0,13	1,0	5,9	3,0
50,50	0,13	1,0	5,9	3,0
50,52	0,12	1,0	5,9	3,0
50,54	0,13	1,0	5,9	3,0
50,57	0,13	1,0	5,9	3,0
50,59	0,13	1,0	5,9	3,0
50,62	0,12	1,0	5,9	3,0
50,64	0,13	1,0	5,9	3,0
50,67	0,13	1,0	5,9	3,0
50,69	0,12	1,0	5,9	3,0
50,72	0,12	1,0	5,9	3,0
50,74	0,13	1,0	5,9	3,0
50,76	0,13	1,0	5,9	3,0
50,79	0,13	1,0	5,9	3,0
50,81	0,13	1,0	5,9	3,0
50,84	0,13	1,0	5,9	3,0
50,86	0,13	1,0	5,9	3,0
50,89	0,13	1,0	5,9	3,0
50,91	0,12	1,0	5,9	3,0
50,94	0,13	1,0	5,9	3,0
50,96	0,13	1,0	5,9	3,0
50,98	0,13	1,0	5,9	3,0
51,01	0,13	1,0	5,9	3,0
51,03	0,13	1,0	5,9	3,0
51,06	0,13	1,0	5,9	3,0
51,08	0,13	1,0	5,9	3,0
51,11	0,13	1,0	5,9	3,0
51,13	0,13	1,0	5,9	3,0
51,15	0,13	1,0	5,9	3,0
51,18	0,14	1,0	5,9	3,0
51,20	0,13	1,0	5,9	3,0
51,23	0,13	1,0	5,9	3,0
51,25	0,13	1,0	5,9	3,0
51,28	0,14	1,0	5,9	3,0
51,30	0,13	1,0	5,9	3,0
51,33	0,14	1,0	5,9	3,0
51,35	0,14	1,0	5,9	3,0
51,37	0,14	1,0	5,9	3,0
51,40	0,13	1,0	5,9	3,0
51,42	0,13	1,0	5,9	3,0
51,45	0,13	1,0	5,9	3,0
51,47	0,13	1,0	5,9	3,0
51,50	0,13	1,0	5,9	3,0
51,52	0,13	1,0	5,9	3,0
51,55	0,13	1,0	5,9	3,0
51,57	0,13	1,0	5,9	3,0
51,59	0,12	1,0	5,9	3,0
51,62	0,12	1,0	5,9	3,0
51,64	0,12	1,0	5,9	3,0
51,67	0,12	1,0	5,9	3,0
51,69	0,12	1,0	5,9	3,0
51,72	0,12	1,0	5,9	3,0
51,74	0,12	1,0	5,9	3,0
51,77	0,12	1,0	5,9	3,0
51,79	0,12	1,0	5,9	3,0
51,81	0,12	1,0	5,9	3,0
51,84	0,11	1,0	5,9	3,0
51,86	0,11	1,0	5,9	3,0
51,89	0,11	1,0	5,9	3,0
51,91	0,11	1,0	5,9	3,0
51,94	0,11	1,0	5,9	3,0
51,96	0,12	1,0	5,9	3,0
51,99	0,12	1,0	5,9	3,0
52,01	0,12	1,0	5,9	3,0
52,03	0,11	1,0	5,9	3,0
52,06	0,12	1,0	5,9	3,0
52,08	0,12	1,0	5,9	3,0
52,11	0,12	1,0	5,9	3,0
52,13	0,11	1,0	5,9	3,0
52,16	0,12	1,0	5,9	3,0
52,18	0,12	1,0	5,9	3,0
52,20	0,12	1,0	5,9	3,0
52,23	0,11	1,0	5,9	3,0
52,25	0,12	1,0	5,9	3,0
52,28	0,12	1,0	5,9	3,0
52,30	0,12	1,0	5,9	3,0
52,33	0,12	1,0	5,9	3,0
52,35	0,12	1,0	5,9	3,0
52,38	0,12	1,0	5,9	3,0
52,40	0,12	1,0	5,9	3,0
52,42	0,12	1,0	5,9	3,0
52,45	0,13	1,0	5,9	3,0
52,47	0,13	1,0	5,9	3,0
52,50	0,13	1,0	5,9	3,0
52,52	0,12	1,0	5,9	3,0
52,55	0,13	1,0	5,9	3,0
52,57	0,13	1,0	5,9	3,0
52,60	0,13	1,0	5,9	3,0
52,62	0,12	1,0	5,9	3,0
52,64	0,14	1,0	5,9	3,0
52,67	0,14	1,0	5,9	3,0
52,69	0,13	1,0	5,9	3,0
52,72	0,13	1,0	5,9	3,0
52,74	0,14	1,0	5,9	3,0
52,77	0,14	1,0	5,9	3,0
52,79	0,14	1,0	5,9	3,0
52,82	0,13	1,0	5,9	3,0
52,84	0,14	1,0	5,9	3,0
52,86	0,14	1,0	5,9	3,0
52,89	0,14	1,0	5,9	3,0
52,91	0,14	1,0	5,9	3,0
52,94	0,15	1,0	5,9	3,0
52,96	0,15	1,0	5,9	3,0
52,99	0,14	1,0	5,9	3,0
53,01	0,14	1,0	5,9	3,0
53,04	0,15	1,0	5,9	3,0
53,06	0,15	1,0	5,9	3,0
53,08	0,14	1,0	5,9	3,0
53,11	0,14	1,0	5,9	3,0
53,13	0,15	1,0	5,9	3,0
53,16	0,15	1,0	5,9	3,0
53,18	0,14	1,0	5,9	3,0
53,21	0,14	1,0	5,9	3,0
53,23	0,14	1,0	5,9	3,0
53,26	0,14	1,0	5,9	3,0
53,28	0,14	1,0	5,9	3,0
53,30	0,13	1,0	5,9	3,0
53,33	0,13	1,0	5,9	3,0
53,35	0,13	1,0	5,9	3,0
53,38	0,12	1,0	5,9	3,0
53,40	0,12	1,0	5,9	3,0
53,43	0,12	1,0	5,9	3,0
53,45	0,12	1,0	5,9	3,0
53,47	0,13	1,0	5,9	3,0
53,50	0,12	1,0	5,9	3,0
53,52	0,12	1,0	5,9	3,0
53,55	0,12	1,0	5,9	3,0
53,57	0,12	1,0	5,9	3,0
53,60	0,12	1,0	5,9	3,0
53,62	0,12	1,0	5,9	3,0
53,65	0,12	1,0	5,9	3,0
53,67	0,12	1,0	5,9	3,0
53,69	0,11	1,0	5,9	3,0
53,72	0,11	1,0	5,9	3,0
53,74	0,12	1,0	5,9	3,0
53,77	0,12	1,0	5,9	3,0
53,79	0,11	1,0	5,9	3,0
53,82	0,11	1,0	5,9	3,0
53,84	0,12	1,0	5,9	3,0
53,87	0,12	1,0	5,9	3,0
53,89	0,12	1,0	5,9	3,0
53,91	0,12	1,0	5,9	3,0
53,94	0,12	1,0	5,9	3,0
53,96	0,12	1,0	5,9	3,0
53,99	0,12	1,0	5,9	3,0
54,01	0,12	1,0	5,9	3,0
54,04	0,13	1,0	5,9	3,0
54,06	0,13	1,0	5,9	3,0
54,09	0,13	1,0	5,9	3,0
54,11	0,13	1,0	5,9	3,0
54,13	0,12	1,0	5,9	3,0
54,16	0,13	1,0	5,9	3,0
54,18	0,13	1,0	5,9	3,0
54,21	0,13	1,0	5,9	3,0
54,23	0,13	1,0	5,9	3,0
54,26	0,14	1,0	5,9	3,0
54,28	0,14	1,0	5,9	3,0
54,31	0,13	1,0	5,9	3,0
54,33	0,13	1,0	5,9	3,0
54,35	0,15	1,0	5,9	3,0
54,38	0,15	1,0	5,9	3,0
54,40	0,14	1,0	5,9	3,0
54,43	0,14	1,0	5,9	3,0
54,45	0,15	1,0	5,9	3,0
54,48	0,15	1,0	5,9	3,0
54,50	0,14	1,0	5,9	3,0
54,52	0,14	1,0	5,9	3,0
54,55	0,15	1,0	5,9	3,0
54,57	0,15	1,0	5,9	3,0
54,60	0,15	1,0	5,9	3,0
54,62	0,15	1,0	5,9	3,0
54,65	0,16	1,0	5,9	3,0
54,67	0,16	1,0	5,9	3,0
54,70	0,15	1,0	5,9	3,0
54,72	0,15	1,0	5,9	3,0
54,74	0,15	1,0	5,9	3,0
54,77	0,15	1,0	5,9	3,0
54,79	0,15	1,0	5,9	3,0
54,82	0,15	1,0	5,9	3,0
54,84	0,15	1,0	5,9	3,0
54,87	0,15	1,0	5,9	3,0
54,89	0,14	1,0	5,9	3,0
54,92	0,14	1,0	5,9	3,0
54,94	0,15	1,0	5,9	3,0
54,96	0,15	1,0	5,9	3,0
54,99	0,14	1,0	5,9	3,0
55,01	0,13	1,0	5,9	3,0
55,04	0,14	1,0	5,9	3,0
55,06	0,14	1,0	5,9	3,0
55,09	0,13	1,0	5,9	3,0
55,11	0,13	1,0	5,9	3,0
55,14	0,13	1,0	5,9	3,0
55,16	0,13	1,0	5,9	3,0
55,18	0,12	1,0	5,9	3,0
55,21	0,12	1,0	5,9	3,0
55,23	0,12	1,0	5,9	3,0
55,26	0,12	1,0	5,9	3,0
55,28	0,11	1,0	5,9	3,0
55,31	0,12	1,0	5,9	3,0
55,33	0,12	1,0	5,9	3,0
55,36	0,12	1,0	5,9	3,0
55,38	0,11	1,0	5,9	3,0
55,40	0,12	1,0	5,9	3,0
55,43	0,12	1,0	5,9	3,0
55,45	0,12	1,0	5,9	3,0
55,48	0,11	1,0	5,9	3,0
55,50	0,11	1,0	5,9	3,0
55,53	0,12	1,0	5,9	3,0
55,55	0,11	1,0	5,9	3,0
55,57	0,11	1,0	5,9	3,0
55,60	0,12	1,0	5,9	3,0
55,62	0,12	1,0	5,9	3,0
55,65	0,12	1,0	5,9	3,0
55,67	0,11	1,0	5,9	3,0
55,70	0,12	1,0	5,9	3,0
55,72	0,12	1,0	5,9	3,0
55,75	0,12	1,0	5,9	3,0
55,77	0,12	1,0	5,9	3,0
55,79	0,12	1,0	5,9	3,0
55,82	0,12	1,0	5,9	3,0
55,84	0,12	1,0	5,9	3,0
55,87	0,12	1,0	5,9	3,0
55,89	0,12	1,0	5,9	3,0
55,92	0,12	1,0	5,9	3,0
55,94	0,13	1,0	5,9	3,0
55,97	0,13	1,0	5,9	3,0
55,99	0,13	1,0	5,9	3,0
56,01	0,13	1,0	5,9	3,0
56,04	0,13	1,0	5,9	3,0
56,06	0,13	1,0	5,9	3,0
56,09	0,13	1,0	5,9	3,0
56,11	0,13	1,0	5,9	3,0
56,14	0,14	1,0	5,9	3,0
56,16	0,14	1,0	5,9	3,0
56,19	0,14	1,0	5,9	3,0
56,21	0,14	1,0	5,9	3,0
56,23	0,14	1,0	5,9	3,0
56,26	0,15	1,0	5,9	3,0
56,28	0,15	1,0	5,9	3,0
56,31	0,15	1,0	5,9	3,0
56,33	0,15	1,0	5,9	3,0
56,36	0,15	1,0	5,9	3,0
56,38	0,15	1,0	5,9	3,0
56,41	0,15	1,0	5,9	3,0
56,43	0,14	1,0	5,9	3,0
56,45	0,14	1,0	5,9	3,0
56,48	0,14	1,0	5,9	3,0
56,50	0,14	1,0	5,9	3,0
56,53	0,14	1,0	5,9	3,0
56,55	0,15	1,0	5,9	3,0
56,58	0,15	1,0	5,9	3,0
56,60	0,14	1,0	5,9	3,0
56,62	0,13	1,0	5,9	3,0
56,65	0,14	1,0	5,9	3,0
56,67	0,14	1,0	5,9	3,0
56,70	0,13	1,0	5,9	3,0
56,72	0,13	1,0	5,9	3,0
56,75	0,14	1,0	5,9	3,0
56,77	0,14	1,0	5,9	3,0
56,80	0,13	1,0	5,9	3,0
56,82	0,13	1,0	5,9	3,0
56,84	0,13	1,0	5,9	3,0
56,87	0,13	1,0	5,9	3,0
56,89	0,12	1,0	5,9	3,0
56,92	0,12	1,0	5,9	3,0
56,94	0,12	1,0	5,9	3,0
56,97	0,12	1,0	5,9	3,0
56,99	0,11	1,0	5,9	3,0
57,02	0,12	1,0	5,9	3,0
57,04	0,12	1,0	5,9	3,0
57,06	0,12	1,0	5,9	3,0
57,09	0,12	1,0	5,9	3,0
57,11	0,12	1,0	5,9	3,0
57,14	0,12	1,0	5,9	3,0
57,16	0,12	1,0	5,9	3,0
57,19	0,11	1,0	5,9	3,0
57,21	0,12	1,0	5,9	3,0
57,24	0,12	1,0	5,9	3,0
57,26	0,12	1,0	5,9	3,0
57,28	0,12	1,0	5,9	3,0
57,31	0,12	1,0	5,9	3,0
57,33	0,12	1,0	5,9	3,0
57,36	0,12	1,0	5,9	3,0
57,38	0,12	1,0	5,9	3,0
57,41	0,12	1,0	5,9	3,0
57,43	0,12	1,0	5,9	3,0
57,46	0,12	1,0	5,9	3,0
57,48	0,13	1,0	5,9	3,0
57,50	0,13	1,0	5,9	3,0
57,53	0,13	1,0	5,9	3,0
57,55	0,13	1,0	5,9	3,0
57,58	0,13	1,0	5,9	3,0
57,60	0,14	1,0	5,9	3,0
57,63	0,14	1,0	5,9	3,0
57,65	0,14	1,0	5,9	3,0
57,68	0,14	1,0	5,9	3,0
57,70	0,15	1,0	5,9	3,0
57,72	0,15	1,0	5,9	3,0
57,75	0,14	1,0	5,9	3,0
57,77	0,14	1,0	5,9	3,0
57,80	0,15	1,0	5,9	3,0
57,82	0,15	1,0	5,9	3,0
57,85	0,15	1,0	5,9	3,0
57,87	0,15	1,0	5,9	3,0
57,89	0,16	1,0	5,9	3,0
57,92	0,16	1,0	5,9	3,0
57,94	0,15	1,0	5,9	3,0
57,97	0,15	1,0	5,9	3,0
57,99	0,16	1,0	5,9	3,0
58,02	0,16	1,0	5,9	3,0
58,04	0,15	1,0	5,9	3,0
58,07	0,15	1,0	5,9	3,0
58,09	0,16	1,0	5,9	3,0
58,11	0,16	1,0	5,9	3,0
58,14	0,15	1,0	5,9	3,0
58,16	0,14	1,0	5,9	3,0
58,19	0,15	1,0	5,9	3,0
58,21	0,15	1,0	5,9	3,0
58,24	0,14	1,0	5,9	3,0
58,26	0,15	1,0	5,9	3,0
58,29	0,15	1,0	5,9	3,0
58,31	0,15	1,0	5,9	3,0
58,33	0,15	1,0	5,9	3,0
58,36	0,14	1,0	5,9	3,0
58,38	0,14	1,0	5,9	3,0
58,41	0,14	1,0	5,9	3,0
58,43	0,14	1,0	5,9	3,0
58,46	0,14	1,0	5,9	3,0
58,48	0,14	1,0	5,9	3,0
58,51	0,14	1,0	5,9	3,0
58,53	0,14	1,0	5,9	3,0
58,55	0,13	1,0	5,9	3,0
58,58	0,13	1,0	5,9	3,0
58,60	0,14	1,0	5,9	3,0
58,63	0,14	1,0	5,9	3,0
58,65	0,13	1,0	5,9	3,0
58,68	0,13	1,0	5,9	3,0
58,70	0,14	1,0	5,9	3,0
58,73	0,13	1,0	5,9	3,0
58,75	0,13	1,0	5,9	3,0
58,77	0,13	1,0	5,9	3,0
58,80	0,13	1,0	5,9	3,0
58,82	0,14	1,0	5,9	3,0
58,85	0,13	1,0	5,9	3,0
58,87	0,13	1,0	5,9	3,0
58,90	0,13	1,0	5,9	3,0
58,92	0,13	1,0	5,9	3,0
58,94	0,12	1,0	5,9	3,0
58,97	0,12	1,0	5,9	3,0
58,99	0,12	1,0	5,9	3,0
59,02	0,13	1,0	5,9	3,0
59,04	0,13	1,0	5,9	3,0
59,07	0,13	1,0	5,9	3,0
59,09	0,12	1,0	5,9	3,0
59,12	0,13	1,0	5,9	3,0
59,14	0,13	1,0	5,9	3,0
59,16	0,13	1,0	5,9	3,0
59,19	0,13	1,0	5,9	3,0
59,21	0,13	1,0	5,9	3,0
59,24	0,13	1,0	5,9	3,0
59,26	0,13	1,0	5,9	3,0
59,29	0,13	1,0	5,9	3,0
59,31	0,13	1,0	5,9	3,0
59,34	0,13	1,0	5,9	3,0
59,36	0,13	1,0	5,9	3,0
59,38	0,13	1,0	5,9	3,0
59,41	0,14	1,0	5,9	3,0
59,43	0,14	1,0	5,9	3,0
59,46	0,14	1,0	5,9	3,0
59,48	0,14	1,0	5,9	3,0
59,51	0,15	1,0	5,9	3,0
59,53	0,15	1,0	5,9	3,0
59,56	0,14	1,0	5,9	3,0
59,58	0,14	1,0	5,9	3,0
59,60	0,15	1,0	5,9	3,0
59,63	0,15	1,0	5,9	3,0
59,65	0,15	1,0	5,9	3,0
59,68	0,15	1,0	5,9	3,0
59,70	0,15	1,0	5,9	3,0
59,73	0,15	1,0	5,9	3,0
59,75	0,15	1,0	5,9	3,0
59,78	0,15	1,0	5,9	3,0
59,80	0,15	1,0	5,9	3,0
59,82	0,15	1,0	5,9	3,0
59,85	0,15	1,0	5,9	3,0
59,87	0,15	1,0	5,9	3,0
59,90	0,16	1,0	5,9	3,0
59,92	0,16	1,0	5,9	3,0
59,95	0,15	1,0	5,9	3,0
59,97	0,15	1,0	5,9	3,0
59,99	0,16	1,0	5,9	3,0
60,02	0,16	1,0	5,9	3,0
60,04	0,14	1,0	5,9	3,0
60,07	0,15	1,0	5,9	3,0
60,09	0,15	1,0	5,9	3,0
60,12	0,15	1,0	5,9	3,0
60,14	0,14	1,0	5,9	3,0
60,17	0,15	1,0	5,9	3,0
60,19	0,15	1,0	5,9	3,0
60,21	0,15	1,0	5,9	3,0
60,24	0,14	1,0	5,9	3,0
60,26	0,14	1,0	5,9	3,0
60,29	0,14	1,0	5,9	3,0
60,31	0,14	1,0	5,9	3,0
60,34	0,14	1,0	5,9	3,0
60,36	0,14	1,0	5,9	3,0
60,39	0,14	1,0	5,9	3,0
60,41	0,14	1,0	5,9	3,0
60,43	0,14	1,0	5,9	3,0
60,46	0,14	1,0	5,9	3,0
60,48	0,14	1,0	5,9	3,0
60,51	0,14	1,0	5,9	3,0
60,53	0,13	1,0	5,9	3,0
60,56	0,13	1,0	5,9	3,0
60,58	0,13	1,0	5,9	3,0
60,61	0,13	1,0	5,9	3,0
60,63	0,13	1,0	5,9	3,0
60,65	0,13	1,0	5,9	3,0
60,68	0,13	1,0	5,9	3,0
60,70	0,13	1,0	5,9	3,0
60,73	0,12	1,0	5,9	3,0
60,75	0,12	1,0	5,9	3,0
60,78	0,12	1,0	5,9	3,0
60,80	0,13	1,0	5,9	3,0
60,83	0,13	1,0	5,9	3,0
60,85	0,12	1,0	5,9	3,0
60,87	0,12	1,0	5,9	3,0
60,90	0,13	1,0	5,9	3,0
60,92	0,13	1,0	5,9	3,0
60,95	0,13	1,0	5,9	3,0
60,97	0,12	1,0	5,9	3,0
61,00	0,13	1,0	5,9	3,0
61,02	0,13	1,0	5,9	3,0
61,05	0,13	1,0	5,9	3,0
61,07	0,13	1,0	5,9	3,0
61,09	0,13	1,0	5,9	3,0
61,12	0,13	1,0	5,9	3,0
61,14	0,13	1,0	5,9	3,0
61,17	0,13	1,0	5,9	3,0
61,19	0,14	1,0	5,9	3,0
61,22	0,14	1,0	5,9	3,0
61,24	0,14	1,0	5,9	3,0
61,26	0,14	1,0	5,9	3,0
61,29	0,15	1,0	5,9	3,0
61,31	0,15	1,0	5,9	3,0
61,34	0,15	1,0	5,9	3,0
61,36	0,15	1,0	5,9	3,0
61,39	0,15	1,0	5,9	3,0
61,41	0,15	1,0	5,9	3,0
61,44	0,15	1,0	5,9	3,0
61,46	0,14	1,0	5,9	3,0
61,48	0,14	1,0	5,9	3,0
61,51	0,15	1,0	5,9	3,0
61,53	0,15	1,0	5,9	3,0
61,56	0,14	1,0	5,9	3,0
61,58	0,14	1,0	5,9	3,0
61,61	0,15	1,0	5,9	3,0
61,63	0,15	1,0	5,9	3,0
61,66	0,14	1,0	5,9	3,0
61,68	0,14	1,0	5,9	3,0
61,70	0,15	1,0	5,9	3,0
61,73	0,15	1,0	5,9	3,0
61,75	0,14	1,0	5,9	3,0
61,78	0,14	1,0	5,9	3,0
61,80	0,15	1,0	5,9	3,0
61,83	0,15	1,0	5,9	3,0
61,85	0,14	1,0	5,9	3,0
61,88	0,14	1,0	5,9	3,0
61,90	0,15	1,0	5,9	3,0
61,92	0,15	1,0	5,9	3,0
61,95	0,13	1,0	5,9	3,0
61,97	0,14	1,0	5,9	3,0
62,00	0,14	1,0	5,9	3,0
62,02	0,14	1,0	5,9	3,0
62,05	0,13	1,0	5,9	3,0
62,07	0,14	1,0	5,9	3,0
62,10	0,14	1,0	5,9	3,0
62,12	0,14	1,0	5,9	3,0
62,14	0,13	1,0	5,9	3,0
62,17	0,14	1,0	5,9	3,0
62,19	0,14	1,0	5,9	3,0
62,22	0,14	1,0	5,9	3,0
62,24	0,13	1,0	5,9	3,0
62,27	0,14	1,0	5,9	3,0
62,29	0,14	1,0	5,9	3,0
62,31	0,14	1,0	5,9	3,0
62,34	0,13	1,0	5,9	3,0
62,36	0,14	1,0	5,9	3,0
62,39	0,14	1,0	5,9	3,0
62,41	0,14	1,0	5,9	3,0
62,44	0,13	1,0	5,9	3,0
62,46	0,14	1,0	5,9	3,0
62,49	0,14	1,0	5,9	3,0
62,51	0,14	1,0	5,9	3,0
62,53	0,13	1,0	5,9	3,0
62,56	0,14	1,0	5,9	3,0
62,58	0,14	1,0	5,9	3,0
62,61	0,14	1,0	5,9	3,0
62,63	0,14	1,0	5,9	3,0
62,66	0,14	1,0	5,9	3,0
62,68	0,14	1,0	5,9	3,0
62,71	0,14	1,0	5,9	3,0
62,73	0,13	1,0	5,9	3,0
62,75	0,14	1,0	5,9	3,0
62,78	0,14	1,0	5,9	3,0
62,80	0,14	1,0	5,9	3,0
62,83	0,14	1,0	5,9	3,0
62,85	0,15	1,0	5,9	3,0
62,88	0,15	1,0	5,9	3,0
62,90	0,14	1,0	5,9	3,0
62,93	0,14	1,0	5,9	3,0
62,95	0,15	1,0	5,9	3,0
62,97	0,15	1,0	5,9	3,0
63,00	0,15	1,0	5,9	3,0
63,02	0,15	1,0	5,9	3,0
63,05	0,16	1,0	5,9	3,0
63,07	0,15	1,0	5,9	3,0
63,10	0,15	1,0	5,9	3,0
63,12	0,15	1,0	5,9	3,0
63,15	0,15	1,0	5,9	3,0
63,17	0,15	1,0	5,9	3,0
63,19	0,15	1,0	5,9	3,0
63,22	0,14	1,0	5,9	3,0
63,24	0,14	1,0	5,9	3,0
63,27	0,14	1,0	5,9	3,0
63,29	0,15	1,0	5,9	3,0
63,32	0,14	1,0	5,9	3,0
63,34	0,14	1,0	5,9	3,0
63,36	0,14	1,0	5,9	3,0
63,39	0,14	1,0	5,9	3,0
63,41	0,14	1,0	5,9	3,0
63,44	0,14	1,0	5,9	3,0
63,46	0,14	1,0	5,9	3,0
63,49	0,14	1,0	5,9	3,0
63,51	0,14	1,0	5,9	3,0
63,54	0,14	1,0	5,9	3,0
63,56	0,14	1,0	5,9	3,0
63,58	0,14	1,0	5,9	3,0
63,61	0,13	1,0	5,9	3,0
63,63	0,13	1,0	5,9	3,0
63,66	0,13	1,0	5,9	3,0
63,68	0,13	1,0	5,9	3,0
63,71	0,13	1,0	5,9	3,0
63,73	0,13	1,0	5,9	3,0
63,76	0,13	1,0	5,9	3,0
63,78	0,13	1,0	5,9	3,0
63,80	0,13	1,0	5,9	3,0
63,83	0,13	1,0	5,9	3,0
63,85	0,13	1,0	5,9	3,0
63,88	0,13	1,0	5,9	3,0
63,90	0,13	1,0	5,9	3,0
63,93	0,13	1,0	5,9	3,0
63,95	0,12	1,0	5,9	3,0
63,98	0,13	1,0	5,9	3,0
64,00	0,13	1,0	5,9	3,0
64,02	0,13	1,0	5,9	3,0
64,05	0,12	1,0	5,9	3,0
64,07	0,13	1,0	5,9	3,0
64,10	0,13	1,0	5,9	3,0
64,12	0,13	1,0	5,9	3,0
64,15	0,12	1,0	5,9	3,0
64,17	0,13	1,0	5,9	3,0
64,20	0,13	1,0	5,9	3,0
64,22	0,13	1,0	5,9	3,0
64,24	0,12	1,0	5,9	3,0
64,27	0,13	1,0	5,9	3,0
64,29	0,13	1,0	5,9	3,0
64,32	0,13	1,0	5,9	3,0
64,34	0,13	1,0	5,9	3,0
64,37	0,13	1,0	5,9	3,0
64,39	0,13	1,0	5,9	3,0
64,41	0,13	1,0	5,9	3,0
64,44	0,13	1,0	5,9	3,0
64,46	0,14	1,0	5,9	3,0
64,49	0,14	1,0	5,9	3,0
64,51	0,13	1,0	5,9	3,0
64,54	0,14	1,0	5,9	3,0
64,56	0,15	1,0	5,9	3,0
64,59	0,15	1,0	5,9	3,0
64,61	0,14	1,0	5,9	3,0
64,63	0,14	1,0	5,9	3,0
64,66	0,15	1,0	5,9	3,0
64,68	0,15	1,0	5,9	3,0
64,71	0,14	1,0	5,9	3,0
64,73	0,14	1,0	5,9	3,0
64,76	0,15	1,0	5,9	3,0
64,78	0,15	1,0	5,9	3,0
64,81	0,14	1,0	5,9	3,0
64,83	0,14	1,0	5,9	3,0
64,85	0,15	1,0	5,9	3,0
64,88	0,15	1,0	5,9	3,0
64,90	0,14	1,0	5,9	3,0
64,93	0,15	1,0	5,9	3,0
64,95	0,15	1,0	5,9	3,0
64,98	0,15	1,0	5,9	3,0
65,00	0,14	1,0	5,9	3,0
65,03	0,14	1,0	5,9	3,0
65,05	0,15	1,0	5,9	3,0
65,07	0,15	1,0	5,9	3,0
65,10	0,14	1,0	5,9	3,0
65,12	0,14	1,0	5,9	3,0
65,15	0,15	1,0	5,9	3,0
65,17	0,15	1,0	5,9	3,0
65,20	0,14	1,0	5,9	3,0
65,22	0,14	1,0	5,9	3,0
65,25	0,14	1,0	5,9	3,0
65,27	0,14	1,0	5,9	3,0
65,29	0,13	1,0	5,9	3,0
65,32	0,14	1,0	5,9	3,0
65,34	0,14	1,0	5,9	3,0
65,37	0,14	1,0	5,9	3,0
65,39	0,14	1,0	5,9	3,0
65,42	0,14	1,0	5,9	3,0
65,44	0,15	1,0	5,9	3,0
65,47	0,15	1,0	5,9	3,0
65,49	0,14	1,0	5,9	3,0
65,51	0,15	1,0	5,9	3,0
65,54	0,15	1,0	5,9	3,0
65,56	0,15	1,0	5,9	3,0
65,59	0,14	1,0	5,9	3,0
65,61	0,14	1,0	5,9	3,0
65,64	0,14	1,0	5,9	3,0
65,66	0,15	1,0	5,9	3,0
65,68	0,15	1,0	5,9	3,0
65,71	0,14	1,0	5,9	3,0
65,73	0,14	1,0	5,9	3,0
65,76	0,15	1,0	5,9	3,0
65,78	0,14	1,0	5,9	3,0
65,81	0,14	1,0	5,9	3,0
65,83	0,14	1,0	5,9	3,0
65,86	0,15	1,0	5,9	3,0
65,88	0,14	1,0	5,9	3,0
65,90	0,14	1,0	5,9	3,0
65,93	0,14	1,0	5,9	3,0
65,95	0,15	1,0	5,9	3,0
65,98	0,15	1,0	5,9	3,0
66,00	0,14	1,0	5,9	3,0
66,03	0,14	1,0	5,9	3,0
66,05	0,15	1,0	5,9	3,0
66,08	0,15	1,0	5,9	3,0
66,10	0,14	1,0	5,9	3,0
66,12	0,14	1,0	5,9	3,0
66,15	0,15	1,0	5,9	3,0
66,17	0,15	1,0	5,9	3,0
66,20	0,15	1,0	5,9	3,0
66,22	0,15	1,0	5,9	3,0
66,25	0,15	1,0	5,9	3,0
66,27	0,15	1,0	5,9	3,0
66,30	0,15	1,0	5,9	3,0
66,32	0,14	1,0	5,9	3,0
66,34	0,14	1,0	5,9	3,0
66,37	0,15	1,0	5,9	3,0
66,39	0,15	1,0	5,9	3,0
66,42	0,14	1,0	5,9	3,0
66,44	0,14	1,0	5,9	3,0
66,47	0,15	1,0	5,9	3,0
66,49	0,15	1,0	5,9	3,0
66,52	0,14	1,0	5,9	3,0
66,54	0,15	1,0	5,9	3,0
66,56	0,15	1,0	5,9	3,0
66,59	0,15	1,0	5,9	3,0
66,61	0,14	1,0	5,9	3,0
66,64	0,14	1,0	5,9	3,0
66,66	0,15	1,0	5,9	3,0
66,69	0,15	1,0	5,9	3,0
66,71	0,14	1,0	5,9	3,0
66,73	0,14	1,0	5,9	3,0
66,76	0,14	1,0	5,9	3,0
66,78	0,14	1,0	5,9	3,0
66,81	0,13	1,0	5,9	3,0
66,83	0,14	1,0	5,9	3,0
66,86	0,14	1,0	5,9	3,0
66,88	0,14	1,0	5,9	3,0
66,91	0,14	1,0	5,9	3,0
66,93	0,14	1,0	5,9	3,0
66,95	0,14	1,0	5,9	3,0
66,98	0,14	1,0	5,9	3,0
67,00	0,13	1,0	5,9	3,0
67,03	0,14	1,0	5,9	3,0
67,05	0,14	1,0	5,9	3,0
67,08	0,14	1,0	5,9	3,0
67,10	0,13	1,0	5,9	3,0
67,13	0,14	1,0	5,9	3,0
67,15	0,14	1,0	5,9	3,0
67,17	0,14	1,0	5,9	3,0
67,20	0,13	1,0	5,9	3,0
67,22	0,13	1,0	5,9	3,0
67,25	0,13	1,0	5,9	3,0
67,27	0,13	1,0	5,9	3,0
67,30	0,13	1,0	5,9	3,0
67,32	0,14	1,0	5,9	3,0
67,35	0,14	1,0	5,9	3,0
67,37	0,14	1,0	5,9	3,0
67,39	0,13	1,0	5,9	3,0
67,42	0,14	1,0	5,9	3,0
67,44	0,14	1,0	5,9	3,0
67,47	0,14	1,0	5,9	3,0
67,49	0,13	1,0	5,9	3,0
67,52	0,14	1,0	5,9	3,0
67,54	0,14	1,0	5,9	3,0
67,57	0,14	1,0	5,9	3,0
67,59	0,13	1,0	5,9	3,0
67,61	0,14	1,0	5,9	3,0
67,64	0,14	1,0	5,9	3,0
67,66	0,14	1,0	5,9	3,0
67,69	0,14	1,0	5,9	3,0
67,71	0,14	1,0	5,9	3,0
67,74	0,14	1,0	5,9	3,0
67,76	0,14	1,0	5,9	3,0
67,78	0,14	1,0	5,9	3,0
67,81	0,15	1,0	5,9	3,0
67,83	0,14	1,0	5,9	3,0
67,86	0,14	1,0	5,9	3,0
67,88	0,14	1,0	5,9	3,0
67,91	0,15	1,0	5,9	3,0
67,93	0,15	1,0	5,9	3,0
67,96	0,14	1,0	5,9	3,0
67,98	0,14	1,0	5,9	3,0
68,00	0,15	1,0	5,9	3,0
68,03	0,15	1,0	5,9	3,0
68,05	0,14	1,0	5,9	3,0
68,08	0,14	1,0	5,9	3,0
68,10	0,14	1,0	5,9	3,0
68,13	0,14	1,0	5,9	3,0
68,15	0,15	1,0	5,9	3,0
68,18	0,14	1,0	5,9	3,0
68,20	0,14	1,0	5,9	3,0
68,22	0,15	1,0	5,9	3,0
68,25	0,15	1,0	5,9	3,0
68,27	0,14	1,0	5,9	3,0
68,30	0,14	1,0	5,9	3,0
68,32	0,14	1,0	5,9	3,0
68,35	0,15	1,0	5,9	3,0
68,37	0,14	1,0	5,9	3,0
68,40	0,14	1,0	5,9	3,0
68,42	0,15	1,0	5,9	3,0
68,44	0,15	1,0	5,9	3,0
68,47	0,14	1,0	5,9	3,0
68,49	0,14	1,0	5,9	3,0
68,52	0,15	1,0	5,9	3,0
68,54	0,15	1,0	5,9	3,0
68,57	0,14	1,0	5,9	3,0
68,59	0,14	1,0	5,9	3,0
68,62	0,15	1,0	5,9	3,0
68,64	0,15	1,0	5,9	3,0
68,66	0,14	1,0	5,9	3,0
68,69	0,14	1,0	5,9	3,0
68,71	0,14	1,0	5,9	3,0
68,74	0,15	1,0	5,9	3,0
68,76	0,15	1,0	5,9	3,0
68,79	0,15	1,0	5,9	3,0
68,81	0,14	1,0	5,9	3,0
68,83	0,15	1,0	5,9	3,0
68,86	0,15	1,0	5,9	3,0
68,88	0,14	1,0	5,9	3,0
68,91	0,13	1,0	5,9	3,0
68,93	0,14	1,0	5,9	3,0
68,96	0,14	1,0	5,9	3,0
68,98	0,14	1,0	5,9	3,0
69,01	0,14	1,0	5,9	3,0
69,03	0,15	1,0	5,9	3,0
69,05	0,15	1,0	5,9	3,0
69,08	0,14	1,0	5,9	3,0
69,10	0,14	1,0	5,9	3,0
69,13	0,15	1,0	5,9	3,0
69,15	0,15	1,0	5,9	3,0
69,18	0,14	1,0	5,9	3,0
69,20	0,14	1,0	5,9	3,0
69,23	0,14	1,0	5,9	3,0
69,25	0,15	1,0	5,9	3,0
69,27	0,14	1,0	5,9	3,0
69,30	0,14	1,0	5,9	3,0
69,32	0,15	1,0	5,9	3,0
69,35	0,15	1,0	5,9	3,0
69,37	0,15	1,0	5,9	3,0
69,40	0,14	1,0	5,9	3,0
69,42	0,14	1,0	5,9	3,0
69,45	0,14	1,0	5,9	3,0
69,47	0,14	1,0	5,9	3,0
69,49	0,14	1,0	5,9	3,0
69,52	0,15	1,0	5,9	3,0
69,54	0,15	1,0	5,9	3,0
69,57	0,15	1,0	5,9	3,0
69,59	0,14	1,0	5,9	3,0
69,62	0,15	1,0	5,9	3,0
69,64	0,15	1,0	5,9	3,0
69,67	0,14	1,0	5,9	3,0
69,69	0,14	1,0	5,9	3,0
69,71	0,14	1,0	5,9	3,0
69,74	0,14	1,0	5,9	3,0
69,76	0,14	1,0	5,9	3,0
69,79	0,14	1,0	5,9	3,0
69,81	0,14	1,0	5,9	3,0
69,84	0,14	1,0	5,9	3,0
69,86	0,13	1,0	5,9	3,0
69,89	0,13	1,0	5,9	3,0
69,91	0,14	1,0	5,9	3,0
69,93	0,13	1,0	5,9	3,0
69,96	0,13	1,0	5,9	3,0
69,98	0,13	1,0	5,9	3,0
70,01	0,14	1,0	5,9	3,0
70,03	0,14	1,0	5,9	3,0
70,06	0,13	1,0	5,9	3,0
70,08	0,14	1,0	5,9	3,0
70,10	0,14	1,0	5,9	3,0
70,13	0,14	1,0	5,9	3,0
70,15	0,14	1,0	5,9	3,0
70,18	0,14	1,0	5,9	3,0
70,20	0,14	1,0	5,9	3,0
70,23	0,14	1,0	5,9	3,0
70,25	0,13	1,0	5,9	3,0
70,28	0,14	1,0	5,9	3,0
70,30	0,14	1,0	5,9	3,0
70,32	0,14	1,0	5,9	3,0
70,35	0,14	1,0	5,9	3,0
70,37	0,15	1,0	5,9	3,0
70,40	0,15	1,0	5,9	3,0
70,42	0,15	1,0	5,9	3,0
70,45	0,14	1,0	5,9	3,0
70,47	0,15	1,0	5,9	3,0
70,50	0,15	1,0	5,9	3,0
70,52	0,15	1,0	5,9	3,0
70,54	0,15	1,0	5,9	3,0
70,57	0,15	1,0	5,9	3,0
70,59	0,15	1,0	5,9	3,0
70,62	0,15	1,0	5,9	3,0
70,64	0,15	1,0	5,9	3,0
70,67	0,15	1,0	5,9	3,0
70,69	0,15	1,0	5,9	3,0
70,72	0,15	1,0	5,9	3,0
70,74	0,15	1,0	5,9	3,0
70,76	0,14	1,0	5,9	3,0
70,79	0,14	1,0	5,9	3,0
70,81	0,14	1,0	5,9	3,0
70,84	0,15	1,0	5,9	3,0
70,86	0,14	1,0	5,9	3,0
70,89	0,14	1,0	5,9	3,0
70,91	0,15	1,0	5,9	3,0
70,94	0,15	1,0	5,9	3,0
70,96	0,15	1,0	5,9	3,0
70,98	0,15	1,0	5,9	3,0
71,01	0,15	1,0	5,9	3,0
71,03	0,15	1,0	5,9	3,0
71,06	0,15	1,0	5,9	3,0
71,08	0,15	1,0	5,9	3,0
71,11	0,15	1,0	5,9	3,0
71,13	0,14	1,0	5,9	3,0
71,15	0,14	1,0	5,9	3,0
71,18	0,15	1,0	5,9	3,0
71,20	0,14	1,0	5,9	3,0
71,23	0,15	1,0	5,9	3,0
71,25	0,15	1,0	5,9	3,0
71,28	0,14	1,0	5,9	3,0
71,30	0,14	1,0	5,9	3,0
71,33	0,14	1,0	5,9	3,0
71,35	0,14	1,0	5,9	3,0
71,37	0,13	1,0	5,9	3,0
71,40	0,13	1,0	5,9	3,0
71,42	0,14	1,0	5,9	3,0
71,45	0,14	1,0	5,9	3,0
71,47	0,14	1,0	5,9	3,0
71,50	0,14	1,0	5,9	3,0
71,52	0,14	1,0	5,9	3,0
71,55	0,14	1,0	5,9	3,0
71,57	0,13	1,0	5,9	3,0
71,59	0,13	1,0	5,9	3,0
71,62	0,14	1,0	5,9	3,0
71,64	0,14	1,0	5,9	3,0
71,67	0,13	1,0	5,9	3,0
71,69	0,13	1,0	5,9	3,0
71,72	0,14	1,0	5,9	3,0
71,74	0,14	1,0	5,9	3,0
71,77	0,13	1,0	5,9	3,0
71,79	0,13	1,0	5,9	3,0
71,81	0,14	1,0	5,9	3,0
71,84	0,14	1,0	5,9	3,0
71,86	0,14	1,0	5,9	3,0
71,89	0,14	1,0	5,9	3,0
71,91	0,14	1,0	5,9	3,0
71,94	0,14	1,0	5,9	3,0
71,96	0,13	1,0	5,9	3,0
71,99	0,15	1,0	5,9	3,0
72,01	0,15	1,0	5,9	3,0
72,03	0,15	1,0	5,9	3,0
72,06	0,14	1,0	5,9	3,0
72,08	0,15	1,0	5,9	3,0
72,11	0,15	1,0	5,9	3,0
72,13	0,15	1,0	5,9	3,0
72,16	0,14	1,0	5,9	3,0
72,18	0,14	1,0	5,9	3,0
72,20	0,14	1,0	5,9	3,0
72,23	0,14	1,0	5,9	3,0
72,25	0,14	1,0	5,9	3,0
72,28	0,15	1,0	5,9	3,0
72,30	0,15	1,0	5,9	3,0
72,33	0,14	1,0	5,9	3,0
72,35	0,14	1,0	5,9	3,0
72,38	0,15	1,0	5,9	3,0
72,40	0,15	1,0	5,9	3,0
72,42	0,15	1,0	5,9	3,0
72,45	0,15	1,0	5,9	3,0
72,47	0,15	1,0	5,9	3,0
72,50	0,15	1,0	5,9	3,0
72,52	0,15	1,0	5,9	3,0
72,55	0,14	1,0	5,9	3,0
72,57	0,15	1,0	5,9	3,0
72,60	0,15	1,0	5,9	3,0
72,62	0,15	1,0	5,9	3,0
72,64	0,15	1,0	5,9	3,0
72,67	0,16	1,0	5,9	3,0
72,69	0,16	1,0	5,9	3,0
72,72	0,15	1,0	5,9	3,0
72,74	0,14	1,0	5,9	3,0
72,77	0,16	1,0	5,9	3,0
72,79	0,15	1,0	5,9	3,0
72,82	0,15	1,0	5,9	3,0
72,84	0,16	1,0	5,9	3,0
72,86	0,17	1,0	5,9	3,0
72,89	0,17	1,0	5,9	3,0
72,91	0,15	1,0	5,9	3,0
72,94	0,15	1,0	5,9	3,0
72,96	0,15	1,0	5,9	3,0
72,99	0,15	1,0	5,9	3,0
73,01	0,16	1,0	5,9	3,0
73,04	0,14	1,0	5,9	3,0
73,06	0,14	1,0	5,9	3,0
73,08	0,14	1,0	5,9	3,0
73,11	0,14	1,0	5,9	3,0
73,13	0,14	1,0	5,9	3,0
73,16	0,14	1,0	5,9	3,0
73,18	0,14	1,0	5,9	3,0
73,21	0,15	1,0	5,9	3,0
73,23	0,13	1,0	5,9	3,0
73,25	0,13	1,0	5,9	3,0
73,28	0,14	1,0	5,9	3,0
73,30	0,14	1,0	5,9	3,0
73,33	0,13	1,0	5,9	3,0
73,35	0,13	1,0	5,9	3,0
73,38	0,13	1,0	5,9	3,0
73,40	0,14	1,0	5,9	3,0
73,43	0,13	1,0	5,9	3,0
73,45	0,13	1,0	5,9	3,0
73,47	0,13	1,0	5,9	3,0
73,50	0,13	1,0	5,9	3,0
73,52	0,12	1,0	5,9	3,0
73,55	0,12	1,0	5,9	3,0
73,57	0,13	1,0	5,9	3,0
73,60	0,13	1,0	5,9	3,0
73,62	0,14	1,0	5,9	3,0
73,65	0,14	1,0	5,9	3,0
73,67	0,13	1,0	5,9	3,0
73,69	0,14	1,0	5,9	3,0
73,72	0,14	1,0	5,9	3,0
73,74	0,14	1,0	5,9	3,0
73,77	0,14	1,0	5,9	3,0
73,79	0,14	1,0	5,9	3,0
73,82	0,14	1,0	5,9	3,0
73,84	0,14	1,0	5,9	3,0
73,87	0,14	1,0	5,9	3,0
73,89	0,15	1,0	5,9	3,0
73,91	0,15	1,0	5,9	3,0
73,94	0,15	1,0	5,9	3,0
73,96	0,15	1,0	5,9	3,0
73,99	0,16	1,0	5,9	3,0
74,01	0,16	1,0	5,9	3,0
74,04	0,15	1,0	5,9	3,0
74,06	0,15	1,0	5,9	3,0
74,09	0,17	1,0	5,9	3,0
74,11	0,17	1,0	5,9	3,0
74,13	0,16	1,0	5,9	3,0
74,16	0,17	1,0	5,9	3,0
74,18	0,17	1,0	5,9	3,0
74,21	0,17	1,0	5,9	3,0
74,23	0,16	1,0	5,9	3,0
74,26	0,16	1,0	5,9	3,0
74,28	0,18	1,0	5,9	3,0
74,31	0,18	1,0	5,9	3,0
74,33	0,17	1,0	5,9	3,0
74,35	0,17	1,0	5,9	3,0
74,38	0,18	1,0	5,9	3,0
74,40	0,18	1,0	5,9	3,0
74,43	0,17	1,0	5,9	3,0
74,45	0,17	1,0	5,9	3,0
74,48	0,18	1,0	5,9	3,0
74,50	0,18	1,0	5,9	3,0
74,52	0,17	1,0	5,9	3,0
74,55	0,17	1,0	5,9	3,0
74,57	0,17	1,0	5,9	3,0
74,60	0,17	1,0	5,9	3,0
74,62	0,16	1,0	5,9	3,0
74,65	0,16	1,0	5,9	3,0
74,67	0,17	1,0	5,9	3,0
74,70	0,17	1,0	5,9	3,0
74,72	0,15	1,0	5,9	3,0
74,74	0,15	1,0	5,9	3,0
74,77	0,16	1,0	5,9	3,0
74,79	0,16	1,0	5,9	3,0
74,82	0,15	1,0	5,9	3,0
74,84	0,15	1,0	5,9	3,0
74,87	0,15	1,0	5,9	3,0
74,89	0,15	1,0	5,9	3,0
74,92	0,15	1,0	5,9	3,0
74,94	0,14	1,0	5,9	3,0
74,96	0,14	1,0	5,9	3,0
74,99	0,14	1,0	5,9	3,0
75,01	0,13	1,0	5,9	3,0
75,04	0,14	1,0	5,9	3,0
75,06	0,14	1,0	5,9	3,0
75,09	0,14	1,0	5,9	3,0
75,11	0,14	1,0	5,9	3,0
75,14	0,14	1,0	5,9	3,0
75,16	0,14	1,0	5,9	3,0
75,18	0,14	1,0	5,9	3,0
75,21	0,13	1,0	5,9	3,0
75,23	0,14	1,0	5,9	3,0
75,26	0,14	1,0	5,9	3,0
75,28	0,14	1,0	5,9	3,0
75,31	0,13	1,0	5,9	3,0
75,33	0,14	1,0	5,9	3,0
75,36	0,14	1,0	5,9	3,0
75,38	0,14	1,0	5,9	3,0
75,40	0,13	1,0	5,9	3,0
75,43	0,13	1,0	5,9	3,0
75,45	0,13	1,0	5,9	3,0
75,48	0,14	1,0	5,9	3,0
75,50	0,14	1,0	5,9	3,0
75,53	0,14	1,0	5,9	3,0
75,55	0,14	1,0	5,9	3,0
75,57	0,14	1,0	5,9	3,0
75,60	0,14	1,0	5,9	3,0
75,62	0,14	1,0	5,9	3,0
75,65	0,14	1,0	5,9	3,0
75,67	0,15	1,0	5,9	3,0
75,70	0,15	1,0	5,9	3,0
75,72	0,15	1,0	5,9	3,0
75,75	0,15	1,0	5,9	3,0
75,77	0,15	1,0	5,9	3,0
75,79	0,15	1,0	5,9	3,0
75,82	0,15	1,0	5,9	3,0
75,84	0,15	1,0	5,9	3,0
75,87	0,16	1,0	5,9	3,0
75,89	0,16	1,0	5,9	3,0
75,92	0,16	1,0	5,9	3,0
75,94	0,16	1,0	5,9	3,0
75,97	0,17	1,0	5,9	3,0
75,99	0,17	1,0	5,9	3,0
76,01	0,17	1,0	5,9	3,0
76,04	0,17	1,0	5,9	3,0
76,06	0,17	1,0	5,9	3,0
76,09	0,18	1,0	5,9	3,0
76,11	0,18	1,0	5,9	3,0
76,14	0,17	1,0	5,9	3,0
76,16	0,17	1,0	5,9	3,0
76,19	0,18	1,0	5,9	3,0
76,21	0,18	1,0	5,9	3,0
76,23	0,17	1,0	5,9	3,0
76,26	0,17	1,0	5,9	3,0
76,28	0,18	1,0	5,9	3,0
76,31	0,18	1,0	5,9	3,0
76,33	0,16	1,0	5,9	3,0
76,36	0,16	1,0	5,9	3,0
76,38	0,17	1,0	5,9	3,0
76,41	0,17	1,0	5,9	3,0
76,43	0,16	1,0	5,9	3,0
76,45	0,16	1,0	5,9	3,0
76,48	0,16	1,0	5,9	3,0
76,50	0,16	1,0	5,9	3,0
76,53	0,15	1,0	5,9	3,0
76,55	0,15	1,0	5,9	3,0
76,58	0,16	1,0	5,9	3,0
76,60	0,16	1,0	5,9	3,0
76,62	0,15	1,0	5,9	3,0
76,65	0,14	1,0	5,9	3,0
76,67	0,15	1,0	5,9	3,0
76,70	0,15	1,0	5,9	3,0
76,72	0,14	1,0	5,9	3,0
76,75	0,14	1,0	5,9	3,0
76,77	0,15	1,0	5,9	3,0
76,80	0,15	1,0	5,9	3,0
76,82	0,14	1,0	5,9	3,0
76,84	0,14	1,0	5,9	3,0
76,87	0,14	1,0	5,9	3,0
76,89	0,14	1,0	5,9	3,0
76,92	0,13	1,0	5,9	3,0
76,94	0,14	1,0	5,9	3,0
76,97	0,14	1,0	5,9	3,0
76,99	0,14	1,0	5,9	3,0
77,02	0,14	1,0	5,9	3,0
77,04	0,14	1,0	5,9	3,0
77,06	0,14	1,0	5,9	3,0
77,09	0,14	1,0	5,9	3,0
77,11	0,14	1,0	5,9	3,0
77,14	0,14	1,0	5,9	3,0
77,16	0,14	1,0	5,9	3,0
77,19	0,14	1,0	5,9	3,0
77,21	0,14	1,0	5,9	3,0
77,24	0,15	1,0	5,9	3,0
77,26	0,15	1,0	5,9	3,0
77,28	0,15	1,0	5,9	3,0
77,31	0,14	1,0	5,9	3,0
77,33	0,15	1,0	5,9	3,0
77,36	0,15	1,0	5,9	3,0
77,38	0,15	1,0	5,9	3,0
77,41	0,15	1,0	5,9	3,0
77,43	0,16	1,0	5,9	3,0
77,46	0,16	1,0	5,9	3,0
77,48	0,15	1,0	5,9	3,0
77,50	0,15	1,0	5,9	3,0
77,53	0,17	1,0	5,9	3,0
77,55	0,17	1,0	5,9	3,0
77,58	0,16	1,0	5,9	3,0
77,60	0,16	1,0	5,9	3,0
77,63	0,17	1,0	5,9	3,0
77,65	0,17	1,0	5,9	3,0
77,68	0,16	1,0	5,9	3,0
77,70	0,16	1,0	5,9	3,0
77,72	0,17	1,0	5,9	3,0
77,75	0,17	1,0	5,9	3,0
77,77	0,16	1,0	5,9	3,0
77,80	0,16	1,0	5,9	3,0
77,82	0,17	1,0	5,9	3,0
77,85	0,17	1,0	5,9	3,0
77,87	0,17	1,0	5,9	3,0
77,89	0,17	1,0	5,9	3,0
77,92	0,17	1,0	5,9	3,0
77,94	0,17	1,0	5,9	3,0
77,97	0,18	1,0	5,9	3,0
77,99	0,17	1,0	5,9	3,0
78,02	0,17	1,0	5,9	3,0
78,04	0,17	1,0	5,9	3,0
78,07	0,17	1,0	5,9	3,0
78,09	0,16	1,0	5,9	3,0
78,11	0,16	1,0	5,9	3,0
78,14	0,16	1,0	5,9	3,0
78,16	0,17	1,0	5,9	3,0
78,19	0,16	1,0	5,9	3,0
78,21	0,16	1,0	5,9	3,0
78,24	0,16	1,0	5,9	3,0
78,26	0,16	1,0	5,9	3,0
78,29	0,15	1,0	5,9	3,0
78,31	0,15	1,0	5,9	3,0
78,33	0,16	1,0	5,9	3,0
78,36	0,16	1,0	5,9	3,0
78,38	0,15	1,0	5,9	3,0
78,41	0,15	1,0	5,9	3,0
78,43	0,16	1,0	5,9	3,0
78,46	0,16	1,0	5,9	3,0
78,48	0,16	1,0	5,9	3,0
78,51	0,16	1,0	5,9	3,0
78,53	0,15	1,0	5,9	3,0
78,55	0,15	1,0	5,9	3,0
78,58	0,15	1,0	5,9	3,0
78,60	0,15	1,0	5,9	3,0
78,63	0,14	1,0	5,9	3,0
78,65	0,15	1,0	5,9	3,0
78,68	0,15	1,0	5,9	3,0
78,70	0,15	1,0	5,9	3,0
78,73	0,15	1,0	5,9	3,0
78,75	0,15	1,0	5,9	3,0
78,77	0,15	1,0	5,9	3,0
78,80	0,15	1,0	5,9	3,0
78,82	0,15	1,0	5,9	3,0
78,85	0,15	1,0	5,9	3,0
78,87	0,15	1,0	5,9	3,0
78,90	0,15	1,0	5,9	3,0
78,92	0,15	1,0	5,9	3,0
78,94	0,16	1,0	5,9	3,0
78,97	0,16	1,0	5,9	3,0
78,99	0,15	1,0	5,9	3,0
79,02	0,15	1,0	5,9	3,0
79,04	0,16	1,0	5,9	3,0
79,07	0,16	1,0	5,9	3,0
79,09	0,16	1,0	5,9	3,0
79,12	0,16	1,0	5,9	3,0
79,14	0,17	1,0	5,9	3,0
79,16	0,17	1,0	5,9	3,0
79,19	0,16	1,0	5,9	3,0
79,21	0,16	1,0	5,9	3,0
79,24	0,17	1,0	5,9	3,0
79,26	0,17	1,0	5,9	3,0
79,29	0,16	1,0	5,9	3,0
79,31	0,16	1,0	5,9	3,0
79,34	0,17	1,0	5,9	3,0
79,36	0,17	1,0	5,9	3,0
79,38	0,17	1,0	5,9	3,0
79,41	0,17	1,0	5,9	3,0
79,43	0,17	1,0	5,9	3,0
79,46	0,17	1,0	5,9	3,0
79,48	0,16	1,0	5,9	3,0
79,51	0,17	1,0	5,9	3,0
79,53	0,17	1,0	5,9	3,0
79,56	0,17	1,0	5,9	3,0
79,58	0,16	1,0	5,9	3,0
79,60	0,17	1,0	5,9	3,0
79,63	0,17	1,0	5,9	3,0
79,65	0,17	1,0	5,9	3,0
79,68	0,16	1,0	5,9	3,0
79,70	0,16	1,0	5,9	3,0
79,73	0,17	1,0	5,9	3,0
79,75	0,17	1,0	5,9	3,0
79,78	0,16	1,0	5,9	3,0
79,80	0,16	1,0	5,9	3,0
79,82	0,17	1,0	5,9	3,0
79,85	0,17	1,0	5,9	3,0
79,87	0,16	1,0	5,9	3,0
79,90	0,16	1,0	5,9	3,0
79,92	0,17	1,0	5,9	3,0
79,95	0,17	1,0	5,9	3,0
79,97	0,16	1,0	5,9	3,0
79,99	0,16	1,0	5,9	3,0
80,02	0,16	1,0	5,9	3,0
80,04	0,16	1,0	5,9	3,0
80,07	0,15	1,0	5,9	3,0
80,09	0,16	1,0	5,9	3,0
80,12	0,16	1,0	5,9	3,0
80,14	0,16	1,0	5,9	3,0
80,17	0,15	1,0	5,9	3,0
80,19	0,16	1,0	5,9	3,0
80,21	0,16	1,0	5,9	3,0
80,24	0,16	1,0	5,9	3,0
80,26	0,15	1,0	5,9	3,0
80,29	0,15	1,0	5,9	3,0
80,31	0,15	1,0	5,9	3,0
80,34	0,16	1,0	5,9	3,0
80,36	0,16	1,0	5,9	3,0
80,39	0,15	1,0	5,9	3,0
80,41	0,15	1,0	5,9	3,0
80,43	0,16	1,0	5,9	3,0
80,46	0,16	1,0	5,9	3,0
80,48	0,15	1,0	5,9	3,0
80,51	0,15	1,0	5,9	3,0
80,53	0,16	1,0	5,9	3,0
80,56	0,15	1,0	5,9	3,0
80,58	0,15	1,0	5,9	3,0
80,61	0,15	1,0	5,9	3,0
80,63	0,16	1,0	5,9	3,0
80,65	0,16	1,0	5,9	3,0
80,68	0,16	1,0	5,9	3,0
80,70	0,15	1,0	5,9	3,0
80,73	0,16	1,0	5,9	3,0
80,75	0,16	1,0	5,9	3,0
80,78	0,16	1,0	5,9	3,0
80,80	0,16	1,0	5,9	3,0
80,83	0,16	1,0	5,9	3,0
80,85	0,16	1,0	5,9	3,0
80,87	0,16	1,0	5,9	3,0
80,90	0,16	1,0	5,9	3,0
80,92	0,17	1,0	5,9	3,0
80,95	0,17	1,0	5,9	3,0
80,97	0,17	1,0	5,9	3,0
81,00	0,16	1,0	5,9	3,0
81,02	0,17	1,0	5,9	3,0
81,04	0,17	1,0	5,9	3,0
81,07	0,17	1,0	5,9	3,0
81,09	0,16	1,0	5,9	3,0
81,12	0,16	1,0	5,9	3,0
81,14	0,17	1,0	5,9	3,0
81,17	0,17	1,0	5,9	3,0
81,19	0,16	1,0	5,9	3,0
81,22	0,17	1,0	5,9	3,0
81,24	0,17	1,0	5,9	3,0
81,26	0,17	1,0	5,9	3,0
81,29	0,16	1,0	5,9	3,0
81,31	0,16	1,0	5,9	3,0
81,34	0,17	1,0	5,9	3,0
81,36	0,17	1,0	5,9	3,0
81,39	0,15	1,0	5,9	3,0
81,41	0,16	1,0	5,9	3,0
81,44	0,17	1,0	5,9	3,0
81,46	0,17	1,0	5,9	3,0
81,48	0,16	1,0	5,9	3,0
81,51	0,16	1,0	5,9	3,0
81,53	0,17	1,0	5,9	3,0
81,56	0,17	1,0	5,9	3,0
81,58	0,16	1,0	5,9	3,0
81,61	0,17	1,0	5,9	3,0
81,63	0,17	1,0	5,9	3,0
81,66	0,17	1,0	5,9	3,0
81,68	0,16	1,0	5,9	3,0
81,70	0,16	1,0	5,9	3,0
81,73	0,17	1,0	5,9	3,0
81,75	0,17	1,0	5,9	3,0
81,78	0,16	1,0	5,9	3,0
81,80	0,16	1,0	5,9	3,0
81,83	0,16	1,0	5,9	3,0
81,85	0,16	1,0	5,9	3,0
81,88	0,16	1,0	5,9	3,0
81,90	0,16	1,0	5,9	3,0
81,92	0,16	1,0	5,9	3,0
81,95	0,16	1,0	5,9	3,0
81,97	0,16	1,0	5,9	3,0
82,00	0,16	1,0	5,9	3,0
82,02	0,16	1,0	5,9	3,0
82,05	0,16	1,0	5,9	3,0
82,07	0,16	1,0	5,9	3,0
82,10	0,16	1,0	5,9	3,0
82,12	0,16	1,0	5,9	3,0
82,14	0,16	1,0	5,9	3,0
82,17	0,16	1,0	5,9	3,0
82,19	0,16	1,0	5,9	3,0
82,22	0,16	1,0	5,9	3,0
82,24	0,16	1,0	5,9	3,0
82,27	0,16	1,0	5,9	3,0
82,29	0,17	1,0	5,9	3,0
82,31	0,17	1,0	5,9	3,0
82,34	0,16	1,0	5,9	3,0
82,36	0,16	1,0	5,9	3,0
82,39	0,17	1,0	5,9	3,0
82,41	0,17	1,0	5,9	3,0
82,44	0,16	1,0	5,9	3,0
82,46	0,16	1,0	5,9	3,0
82,49	0,17	1,0	5,9	3,0
82,51	0,17	1,0	5,9	3,0
82,53	0,16	1,0	5,9	3,0
82,56	0,17	1,0	5,9	3,0
82,58	0,18	1,0	5,9	3,0
82,61	0,18	1,0	5,9	3,0
82,63	0,17	1,0	5,9	3,0
82,66	0,17	1,0	5,9	3,0
82,68	0,18	1,0	5,9	3,0
82,71	0,18	1,0	5,9	3,0
82,73	0,17	1,0	5,9	3,0
82,75	0,17	1,0	5,9	3,0
82,78	0,17	1,0	5,9	3,0
82,80	0,17	1,0	5,9	3,0
82,83	0,17	1,0	5,9	3,0
82,85	0,17	1,0	5,9	3,0
82,88	0,17	1,0	5,9	3,0
82,90	0,16	1,0	5,9	3,0
82,93	0,17	1,0	5,9	3,0
82,95	0,17	1,0	5,9	3,0
82,97	0,17	1,0	5,9	3,0
83,00	0,17	1,0	5,9	3,0
83,02	0,17	1,0	5,9	3,0
83,05	0,17	1,0	5,9	3,0
83,07	0,17	1,0	5,9	3,0
83,10	0,17	1,0	5,9	3,0
83,12	0,17	1,0	5,9	3,0
83,15	0,16	1,0	5,9	3,0
83,17	0,16	1,0	5,9	3,0
83,19	0,17	1,0	5,9	3,0
83,22	0,17	1,0	5,9	3,0
83,24	0,16	1,0	5,9	3,0
83,27	0,16	1,0	5,9	3,0
83,29	0,16	1,0	5,9	3,0
83,32	0,16	1,0	5,9	3,0
83,34	0,16	1,0	5,9	3,0
83,36	0,16	1,0	5,9	3,0
83,39	0,16	1,0	5,9	3,0
83,41	0,16	1,0	5,9	3,0
83,44	0,17	1,0	5,9	3,0
83,46	0,17	1,0	5,9	3,0
83,49	0,16	1,0	5,9	3,0
83,51	0,17	1,0	5,9	3,0
83,54	0,17	1,0	5,9	3,0
83,56	0,17	1,0	5,9	3,0
83,58	0,16	1,0	5,9	3,0
83,61	0,16	1,0	5,9	3,0
83,63	0,17	1,0	5,9	3,0
83,66	0,16	1,0	5,9	3,0
83,68	0,16	1,0	5,9	3,0
83,71	0,16	1,0	5,9	3,0
83,73	0,16	1,0	5,9	3,0
83,76	0,16	1,0	5,9	3,0
83,78	0,16	1,0	5,9	3,0
83,80	0,16	1,0	5,9	3,0
83,83	0,16	1,0	5,9	3,0
83,85	0,16	1,0	5,9	3,0
83,88	0,16	1,0	5,9	3,0
83,90	0,17	1,0	5,9	3,0
83,93	0,17	1,0	5,9	3,0
83,95	0,17	1,0	5,9	3,0
83,98	0,16	1,0	5,9	3,0
84,00	0,17	1,0	5,9	3,0
84,02	0,17	1,0	5,9	3,0
84,05	0,17	1,0	5,9	3,0
84,07	0,16	1,0	5,9	3,0
84,10	0,17	1,0	5,9	3,0
84,12	0,17	1,0	5,9	3,0
84,15	0,16	1,0	5,9	3,0
84,17	0,16	1,0	5,9	3,0
84,20	0,17	1,0	5,9	3,0
84,22	0,17	1,0	5,9	3,0
84,24	0,16	1,0	5,9	3,0
84,27	0,17	1,0	5,9	3,0
84,29	0,17	1,0	5,9	3,0
84,32	0,17	1,0	5,9	3,0
84,34	0,17	1,0	5,9	3,0
84,37	0,17	1,0	5,9	3,0
84,39	0,17	1,0	5,9	3,0
84,41	0,17	1,0	5,9	3,0
84,44	0,17	1,0	5,9	3,0
84,46	0,17	1,0	5,9	3,0
84,49	0,18	1,0	5,9	3,0
84,51	0,18	1,0	5,9	3,0
84,54	0,17	1,0	5,9	3,0
84,56	0,17	1,0	5,9	3,0
84,59	0,18	1,0	5,9	3,0
84,61	0,18	1,0	5,9	3,0
84,63	0,17	1,0	5,9	3,0
84,66	0,18	1,0	5,9	3,0
84,68	0,18	1,0	5,9	3,0
84,71	0,18	1,0	5,9	3,0
84,73	0,17	1,0	5,9	3,0
84,76	0,18	1,0	5,9	3,0
84,78	0,18	1,0	5,9	3,0
84,81	0,18	1,0	5,9	3,0
84,83	0,17	1,0	5,9	3,0
84,85	0,18	1,0	5,9	3,0
84,88	0,18	1,0	5,9	3,0
84,90	0,18	1,0	5,9	3,0
84,93	0,17	1,0	5,9	3,0
84,95	0,17	1,0	5,9	3,0
84,98	0,18	1,0	5,9	3,0
85,00	0,17	1,0	5,9	3,0
85,03	0,16	1,0	5,9	3,0
85,05	0,17	1,0	5,9	3,0
85,07	0,17	1,0	5,9	3,0
85,10	0,17	1,0	5,9	3,0
85,12	0,16	1,0	5,9	3,0
85,15	0,17	1,0	5,9	3,0
85,17	0,17	1,0	5,9	3,0
85,20	0,18	1,0	5,9	3,0
85,22	0,18	1,0	5,9	3,0
85,25	0,17	1,0	5,9	3,0
85,27	0,17	1,0	5,9	3,0
85,29	0,18	1,0	5,9	3,0
85,32	0,17	1,0	5,9	3,0
85,34	0,17	1,0	5,9	3,0
85,37	0,17	1,0	5,9	3,0
85,39	0,18	1,0	5,9	3,0
85,42	0,18	1,0	5,9	3,0
85,44	0,17	1,0	5,9	3,0
85,47	0,17	1,0	5,9	3,0
85,49	0,18	1,0	5,9	3,0
85,51	0,17	1,0	5,9	3,0
85,54	0,17	1,0	5,9	3,0
85,56	0,17	1,0	5,9	3,0
85,59	0,17	1,0	5,9	3,0
85,61	0,17	1,0	5,9	3,0
85,64	0,17	1,0	5,9	3,0
85,66	0,17	1,0	5,9	3,0
85,68	0,18	1,0	5,9	3,0
85,71	0,17	1,0	5,9	3,0
85,73	0,17	1,0	5,9	3,0
85,76	0,17	1,0	5,9	3,0
85,78	0,18	1,0	5,9	3,0
85,81	0,17	1,0	5,9	3,0
85,83	0,17	1,0	5,9	3,0
85,86	0,16	1,0	5,9	3,0
85,88	0,16	1,0	5,9	3,0
85,90	0,17	1,0	5,9	3,0
85,93	0,17	1,0	5,9	3,0
85,95	0,16	1,0	5,9	3,0
85,98	0,16	1,0	5,9	3,0
86,00	0,17	1,0	5,9	3,0
86,03	0,17	1,0	5,9	3,0
86,05	0,16	1,0	5,9	3,0
86,08	0,17	1,0	5,9	3,0
86,10	0,17	1,0	5,9	3,0
86,12	0,17	1,0	5,9	3,0
86,15	0,16	1,0	5,9	3,0
86,17	0,17	1,0	5,9	3,0
86,20	0,18	1,0	5,9	3,0
86,22	0,18	1,0	5,9	3,0
86,25	0,17	1,0	5,9	3,0
86,27	0,17	1,0	5,9	3,0
86,30	0,18	1,0	5,9	3,0
86,32	0,18	1,0	5,9	3,0
86,34	0,17	1,0	5,9	3,0
86,37	0,17	1,0	5,9	3,0
86,39	0,18	1,0	5,9	3,0
86,42	0,18	1,0	5,9	3,0
86,44	0,17	1,0	5,9	3,0
86,47	0,18	1,0	5,9	3,0
86,49	0,18	1,0	5,9	3,0
86,52	0,18	1,0	5,9	3,0
86,54	0,17	1,0	5,9	3,0
86,56	0,18	1,0	5,9	3,0
86,59	0,19	1,0	5,9	3,0
86,61	0,18	1,0	5,9	3,0
86,64	0,18	1,0	5,9	3,0
86,66	0,18	1,0	5,9	3,0
86,69	0,19	1,0	5,9	3,0
86,71	0,18	1,0	5,9	3,0
86,73	0,17	1,0	5,9	3,0
86,76	0,18	1,0	5,9	3,0
86,78	0,18	1,0	5,9	3,0
86,81	0,18	1,0	5,9	3,0
86,83	0,17	1,0	5,9	3,0
86,86	0,18	1,0	5,9	3,0
86,88	0,18	1,0	5,9	3,0
86,91	0,18	1,0	5,9	3,0
86,93	0,17	1,0	5,9	3,0
86,95	0,18	1,0	5,9	3,0
86,98	0,18	1,0	5,9	3,0
87,00	0,17	1,0	5,9	3,0
87,03	0,17	1,0	5,9	3,0
87,05	0,18	1,0	5,9	3,0
87,08	0,18	1,0	5,9	3,0
87,10	0,17	1,0	5,9	3,0
87,13	0,17	1,0	5,9	3,0
87,15	0,18	1,0	5,9	3,0
87,17	0,18	1,0	5,9	3,0
87,20	0,18	1,0	5,9	3,0
87,22	0,17	1,0	5,9	3,0
87,25	0,18	1,0	5,9	3,0
87,27	0,18	1,0	5,9	3,0
87,30	0,17	1,0	5,9	3,0
87,32	0,17	1,0	5,9	3,0
87,35	0,18	1,0	5,9	3,0
87,37	0,18	1,0	5,9	3,0
87,39	0,17	1,0	5,9	3,0
87,42	0,17	1,0	5,9	3,0
87,44	0,17	1,0	5,9	3,0
87,47	0,17	1,0	5,9	3,0
87,49	0,16	1,0	5,9	3,0
87,52	0,16	1,0	5,9	3,0
87,54	0,17	1,0	5,9	3,0
87,57	0,17	1,0	5,9	3,0
87,59	0,16	1,0	5,9	3,0
87,61	0,16	1,0	5,9	3,0
87,64	0,16	1,0	5,9	3,0
87,66	0,17	1,0	5,9	3,0
87,69	0,17	1,0	5,9	3,0
87,71	0,16	1,0	5,9	3,0
87,74	0,16	1,0	5,9	3,0
87,76	0,17	1,0	5,9	3,0
87,78	0,17	1,0	5,9	3,0
87,81	0,17	1,0	5,9	3,0
87,83	0,17	1,0	5,9	3,0
87,86	0,17	1,0	5,9	3,0
87,88	0,17	1,0	5,9	3,0
87,91	0,17	1,0	5,9	3,0
87,93	0,17	1,0	5,9	3,0
87,96	0,17	1,0	5,9	3,0
87,98	0,18	1,0	5,9	3,0
88,00	0,17	1,0	5,9	3,0
88,03	0,17	1,0	5,9	3,0
88,05	0,18	1,0	5,9	3,0
88,08	0,18	1,0	5,9	3,0
88,10	0,18	1,0	5,9	3,0
88,13	0,18	1,0	5,9	3,0
88,15	0,19	1,0	5,9	3,0
88,18	0,19	1,0	5,9	3,0
88,20	0,18	1,0	5,9	3,0
88,22	0,18	1,0	5,9	3,0
88,25	0,19	1,0	5,9	3,0
88,27	0,19	1,0	5,9	3,0
88,30	0,19	1,0	5,9	3,0
88,32	0,19	1,0	5,9	3,0
88,35	0,18	1,0	5,9	3,0
88,37	0,19	1,0	5,9	3,0
88,40	0,19	1,0	5,9	3,0
88,42	0,18	1,0	5,9	3,0
88,44	0,18	1,0	5,9	3,0
88,47	0,19	1,0	5,9	3,0
88,49	0,19	1,0	5,9	3,0
88,52	0,19	1,0	5,9	3,0
88,54	0,18	1,0	5,9	3,0
88,57	0,19	1,0	5,9	3,0
88,59	0,19	1,0	5,9	3,0
88,62	0,18	1,0	5,9	3,0
88,64	0,17	1,0	5,9	3,0
88,66	0,19	1,0	5,9	3,0
88,69	0,19	1,0	5,9	3,0
88,71	0,18	1,0	5,9	3,0
88,74	0,18	1,0	5,9	3,0
88,76	0,19	1,0	5,9	3,0
88,79	0,19	1,0	5,9	3,0
88,81	0,18	1,0	5,9	3,0
88,83	0,17	1,0	5,9	3,0
88,86	0,18	1,0	5,9	3,0
88,88	0,18	1,0	5,9	3,0
88,91	0,18	1,0	5,9	3,0
88,93	0,18	1,0	5,9	3,0
88,96	0,19	1,0	5,9	3,0
88,98	0,19	1,0	5,9	3,0
89,01	0,18	1,0	5,9	3,0
89,03	0,18	1,0	5,9	3,0
89,05	0,19	1,0	5,9	3,0
89,08	0,19	1,0	5,9	3,0
89,10	0,18	1,0	5,9	3,0
89,13	0,17	1,0	5,9	3,0
89,15	0,18	1,0	5,9	3,0
89,18	0,18	1,0	5,9	3,0
89,20	0,17	1,0	5,9	3,0
89,23	0,17	1,0	5,9	3,0
89,25	0,18	1,0	5,9	3,0
89,27	0,18	1,0	5,9	3,0
89,30	0,17	1,0	5,9	3,0
89,32	0,17	1,0	5,9	3,0
89,35	0,17	1,0	5,9	3,0
89,37	0,17	1,0	5,9	3,0
89,40	0,17	1,0	5,9	3,0
89,42	0,17	1,0	5,9	3,0
89,45	0,18	1,0	5,9	3,0
89,47	0,18	1,0	5,9	3,0
89,49	0,17	1,0	5,9	3,0
89,52	0,17	1,0	5,9	3,0
89,54	0,17	1,0	5,9	3,0
89,57	0,17	1,0	5,9	3,0
89,59	0,16	1,0	5,9	3,0
89,62	0,17	1,0	5,9	3,0
89,64	0,17	1,0	5,9	3,0
89,67	0,17	1,0	5,9	3,0
89,69	0,17	1,0	5,9	3,0
89,71	0,18	1,0	5,9	3,0
89,74	0,18	1,0	5,9	3,0
89,76	0,18	1,0	5,9	3,0
89,79	0,16	1,0	5,9	3,0
89,81	0,17	1,0	5,9	3,0
89,84	0,18	1,0	5,9	3,0
89,86	0,17	1,0	5,9	3,0
89,89	0,17	1,0	5,9	3,0
89,91	0,18	1,0	5,9	3,0
89,93	0,18	1,0	5,9	3,0
89,96	0,18	1,0	5,9	3,0
89,98	0,17	1,0	5,9	3,0
90,01	0,18	1,0	5,9	3,0
90,03	0,18	1,0	5,9	3,0
90,06	0,18	1,0	5,9	3,0
90,08	0,18	1,0	5,9	3,0
90,10	0,17	1,0	5,9	3,0
90,13	0,17	1,0	5,9	3,0
90,15	0,18	1,0	5,9	3,0
90,18	0,18	1,0	5,9	3,0
90,20	0,18	1,0	5,9	3,0
90,23	0,18	1,0	5,9	3,0
90,25	0,19	1,0	5,9	3,0
90,28	0,18	1,0	5,9	3,0
90,30	0,18	1,0	5,9	3,0
90,32	0,18	1,0	5,9	3,0
90,35	0,18	1,0	5,9	3,0
90,37	0,18	1,0	5,9	3,0
90,40	0,18	1,0	5,9	3,0
90,42	0,18	1,0	5,9	3,0
90,45	0,19	1,0	5,9	3,0
90,47	0,19	1,0	5,9	3,0
90,50	0,19	1,0	5,9	3,0
90,52	0,19	1,0	5,9	3,0
90,54	0,18	1,0	5,9	3,0
90,57	0,18	1,0	5,9	3,0
90,59	0,18	1,0	5,9	3,0
90,62	0,18	1,0	5,9	3,0
90,64	0,19	1,0	5,9	3,0
90,67	0,18	1,0	5,9	3,0
90,69	0,18	1,0	5,9	3,0
90,72	0,18	1,0	5,9	3,0
90,74	0,18	1,0	5,9	3,0
90,76	0,19	1,0	5,9	3,0
90,79	0,19	1,0	5,9	3,0
90,81	0,18	1,0	5,9	3,0
90,84	0,17	1,0	5,9	3,0
90,86	0,18	1,0	5,9	3,0
90,89	0,18	1,0	5,9	3,0
90,91	0,17	1,0	5,9	3,0
90,94	0,17	1,0	5,9	3,0
90,96	0,18	1,0	5,9	3,0
90,98	0,18	1,0	5,9	3,0
91,01	0,17	1,0	5,9	3,0
91,03	0,17	1,0	5,9	3,0
91,06	0,17	1,0	5,9	3,0
91,08	0,17	1,0	5,9	3,0
91,11	0,16	1,0	5,9	3,0
91,13	0,17	1,0	5,9	3,0
91,15	0,17	1,0	5,9	3,0
91,18	0,17	1,0	5,9	3,0
91,20	0,17	1,0	5,9	3,0
91,23	0,17	1,0	5,9	3,0
91,25	0,17	1,0	5,9	3,0
91,28	0,17	1,0	5,9	3,0
91,30	0,16	1,0	5,9	3,0
91,33	0,17	1,0	5,9	3,0
91,35	0,17	1,0	5,9	3,0
91,37	0,17	1,0	5,9	3,0
91,40	0,17	1,0	5,9	3,0
91,42	0,17	1,0	5,9	3,0
91,45	0,18	1,0	5,9	3,0
91,47	0,17	1,0	5,9	3,0
91,50	0,17	1,0	5,9	3,0
91,52	0,17	1,0	5,9	3,0
91,55	0,17	1,0	5,9	3,0
91,57	0,17	1,0	5,9	3,0
91,59	0,17	1,0	5,9	3,0
91,62	0,18	1,0	5,9	3,0
91,64	0,18	1,0	5,9	3,0
91,67	0,18	1,0	5,9	3,0
91,69	0,17	1,0	5,9	3,0
91,72	0,19	1,0	5,9	3,0
91,74	0,18	1,0	5,9	3,0
91,77	0,18	1,0	5,9	3,0
91,79	0,18	1,0	5,9	3,0
91,81	0,19	1,0	5,9	3,0
91,84	0,19	1,0	5,9	3,0
91,86	0,18	1,0	5,9	3,0
91,89	0,18	1,0	5,9	3,0
91,91	0,19	1,0	5,9	3,0
91,94	0,19	1,0	5,9	3,0
91,96	0,19	1,0	5,9	3,0
91,99	0,19	1,0	5,9	3,0
92,01	0,20	1,0	5,9	3,0
92,03	0,20	1,0	5,9	3,0
92,06	0,19	1,0	5,9	3,0
92,08	0,19	1,0	5,9	3,0
92,11	0,20	1,0	5,9	3,0
92,13	0,20	1,0	5,9	3,0
92,16	0,20	1,0	5,9	3,0
92,18	0,20	1,0	5,9	3,0
92,20	0,20	1,0	5,9	3,0
92,23	0,20	1,0	5,9	3,0
92,25	0,19	1,0	5,9	3,0
92,28	0,19	1,0	5,9	3,0
92,30	0,20	1,0	5,9	3,0
92,33	0,20	1,0	5,9	3,0
92,35	0,19	1,0	5,9	3,0
92,38	0,19	1,0	5,9	3,0
92,40	0,20	1,0	5,9	3,0
92,42	0,20	1,0	5,9	3,0
92,45	0,19	1,0	5,9	3,0
92,47	0,19	1,0	5,9	3,0
92,50	0,19	1,0	5,9	3,0
92,52	0,19	1,0	5,9	3,0
92,55	0,19	1,0	5,9	3,0
92,57	0,19	1,0	5,9	3,0
92,60	0,19	1,0	5,9	3,0
92,62	0,19	1,0	5,9	3,0
92,64	0,19	1,0	5,9	3,0
92,67	0,18	1,0	5,9	3,0
92,69	0,18	1,0	5,9	3,0
92,72	0,18	1,0	5,9	3,0
92,74	0,19	1,0	5,9	3,0
92,77	0,18	1,0	5,9	3,0
92,79	0,18	1,0	5,9	3,0
92,82	0,18	1,0	5,9	3,0
92,84	0,18	1,0	5,9	3,0
92,86	0,18	1,0	5,9	3,0
92,89	0,18	1,0	5,9	3,0
92,91	0,18	1,0	5,9	3,0
92,94	0,18	1,0	5,9	3,0
92,96	0,17	1,0	5,9	3,0
92,99	0,17	1,0	5,9	3,0
93,01	0,18	1,0	5,9	3,0
93,04	0,18	1,0	5,9	3,0
93,06	0,17	1,0	5,9	3,0
93,08	0,17	1,0	5,9	3,0
93,11	0,18	1,0	5,9	3,0
93,13	0,18	1,0	5,9	3,0
93,16	0,18	1,0	5,9	3,0
93,18	0,18	1,0	5,9	3,0
93,21	0,17	1,0	5,9	3,0
93,23	0,18	1,0	5,9	3,0
93,25	0,18	1,0	5,9	3,0
93,28	0,17	1,0	5,9	3,0
93,30	0,17	1,0	5,9	3,0
93,33	0,18	1,0	5,9	3,0
93,35	0,18	1,0	5,9	3,0
93,38	0,17	1,0	5,9	3,0
93,40	0,17	1,0	5,9	3,0
93,43	0,18	1,0	5,9	3,0
93,45	0,18	1,0	5,9	3,0
93,47	0,17	1,0	5,9	3,0
93,50	0,18	1,0	5,9	3,0
93,52	0,18	1,0	5,9	3,0
93,55	0,18	1,0	5,9	3,0
93,57	0,18	1,0	5,9	3,0
93,60	0,17	1,0	5,9	3,0
93,62	0,19	1,0	5,9	3,0
93,65	0,19	1,0	5,9	3,0
93,67	0,18	1,0	5,9	3,0
93,69	0,18	1,0	5,9	3,0
93,72	0,19	1,0	5,9	3,0
93,74	0,19	1,0	5,9	3,0
93,77	0,18	1,0	5,9	3,0
93,79	0,18	1,0	5,9	3,0
93,82	0,19	1,0	5,9	3,0
93,84	0,19	1,0	5,9	3,0
93,87	0,18	1,0	5,9	3,0
93,89	0,18	1,0	5,9	3,0
93,91	0,19	1,0	5,9	3,0
93,94	0,19	1,0	5,9	3,0
93,96	0,19	1,0	5,9	3,0
93,99	0,19	1,0	5,9	3,0
94,01	0,20	1,0	5,9	3,0
94,04	0,20	1,0	5,9	3,0
94,06	0,19	1,0	5,9	3,0
94,09	0,19	1,0	5,9	3,0
94,11	0,20	1,0	5,9	3,0
94,13	0,20	1,0	5,9	3,0
94,16	0,19	1,0	5,9	3,0
94,18	0,18	1,0	5,9	3,0
94,21	0,19	1,0	5,9	3,0
94,23	0,19	1,0	5,9	3,0
94,26	0,18	1,0	5,9	3,0
94,28	0,19	1,0	5,9	3,0
94,31	0,19	1,0	5,9	3,0
94,33	0,19	1,0	5,9	3,0
94,35	0,18	1,0	5,9	3,0
94,38	0,18	1,0	5,9	3,0
94,40	0,19	1,0	5,9	3,0
94,43	0,19	1,0	5,9	3,0
94,45	0,18	1,0	5,9	3,0
94,48	0,19	1,0	5,9	3,0
94,50	0,20	1,0	5,9	3,0
94,52	0,20	1,0	5,9	3,0
94,55	0,19	1,0	5,9	3,0
94,57	0,19	1,0	5,9	3,0
94,60	0,20	1,0	5,9	3,0
94,62	0,20	1,0	5,9	3,0
94,65	0,19	1,0	5,9	3,0
94,67	0,19	1,0	5,9	3,0
94,70	0,19	1,0	5,9	3,0
94,72	0,19	1,0	5,9	3,0
94,74	0,19	1,0	5,9	3,0
94,77	0,19	1,0	5,9	3,0
94,79	0,20	1,0	5,9	3,0
94,82	0,19	1,0	5,9	3,0
94,84	0,19	1,0	5,9	3,0
94,87	0,20	1,0	5,9	3,0
94,89	0,20	1,0	5,9	3,0
94,92	0,19	1,0	5,9	3,0
94,94	0,19	1,0	5,9	3,0
94,96	0,18	1,0	5,9	3,0
94,99	0,18	1,0	5,9	3,0
95,01	0,19	1,0	5,9	3,0
95,04	0,19	1,0	5,9	3,0
95,06	0,18	1,0	5,9	3,0
95,09	0,18	1,0	5,9	3,0
95,11	0,19	1,0	5,9	3,0
95,14	0,19	1,0	5,9	3,0
95,16	0,18	1,0	5,9	3,0
95,18	0,18	1,0	5,9	3,0
95,21	0,20	1,0	5,9	3,0
95,23	0,20	1,0	5,9	3,0
95,26	0,19	1,0	5,9	3,0
95,28	0,19	1,0	5,9	3,0
95,31	0,20	1,0	5,9	3,0
95,33	0,19	1,0	5,9	3,0
95,36	0,19	1,0	5,9	3,0
95,38	0,19	1,0	5,9	3,0
95,40	0,20	1,0	5,9	3,0
95,43	0,19	1,0	5,9	3,0
95,45	0,19	1,0	5,9	3,0
95,48	0,19	1,0	5,9	3,0
95,50	0,20	1,0	5,9	3,0
95,53	0,19	1,0	5,9	3,0
95,55	0,19	1,0	5,9	3,0
95,57	0,19	1,0	5,9	3,0
95,60	0,19	1,0	5,9	3,0
95,62	0,20	1,0	5,9	3,0
95,65	0,20	1,0	5,9	3,0
95,67	0,19	1,0	5,9	3,0
95,70	0,19	1,0	5,9	3,0
95,72	0,20	1,0	5,9	3,0
95,75	0,20	1,0	5,9	3,0
95,77	0,19	1,0	5,9	3,0
95,79	0,19	1,0	5,9	3,0
95,82	0,20	1,0	5,9	3,0
95,84	0,20	1,0	5,9	3,0
95,87	0,19	1,0	5,9	3,0
95,89	0,19	1,0	5,9	3,0
95,92	0,20	1,0	5,9	3,0
95,94	0,20	1,0	5,9	3,0
95,97	0,19	1,0	5,9	3,0
95,99	0,19	1,0	5,9	3,0
96,01	0,20	1,0	5,9	3,0
96,04	0,20	1,0	5,9	3,0
96,06	0,19	1,0	5,9	3,0
96,09	0,19	1,0	5,9	3,0
96,11	0,20	1,0	5,9	3,0
96,14	0,20	1,0	5,9	3,0
96,16	0,19	1,0	5,9	3,0
96,19	0,20	1,0	5,9	3,0
96,21	0,20	1,0	5,9	3,0
96,23	0,20	1,0	5,9	3,0
96,26	0,19	1,0	5,9	3,0
96,28	0,20	1,0	5,9	3,0
96,31	0,20	1,0	5,9	3,0
96,33	0,20	1,0	5,9	3,0
96,36	0,19	1,0	5,9	3,0
96,38	0,20	1,0	5,9	3,0
96,41	0,20	1,0	5,9	3,0
96,43	0,20	1,0	5,9	3,0
96,45	0,20	1,0	5,9	3,0
96,48	0,20	1,0	5,9	3,0
96,50	0,20	1,0	5,9	3,0
96,53	0,20	1,0	5,9	3,0
96,55	0,19	1,0	5,9	3,0
96,58	0,20	1,0	5,9	3,0
96,60	0,20	1,0	5,9	3,0
96,62	0,20	1,0	5,9	3,0
96,65	0,19	1,0	5,9	3,0
96,67	0,20	1,0	5,9	3,0
96,70	0,20	1,0	5,9	3,0
96,72	0,19	1,0	5,9	3,0
96,75	0,19	1,0	5,9	3,0
96,77	0,20	1,0	5,9	3,0
96,80	0,20	1,0	5,9	3,0
96,82	0,19	1,0	5,9	3,0
96,84	0,19	1,0	5,9	3,0
96,87	0,20	1,0	5,9	3,0
96,89	0,20	1,0	5,9	3,0
96,92	0,19	1,0	5,9	3,0
96,94	0,20	1,0	5,9	3,0
96,97	0,20	1,0	5,9	3,0
96,99	0,20	1,0	5,9	3,0
97,02	0,19	1,0	5,9	3,0
97,04	0,19	1,0	5,9	3,0
97,06	0,20	1,0	5,9	3,0
97,09	0,20	1,0	5,9	3,0
97,11	0,19	1,0	5,9	3,0
97,14	0,20	1,0	5,9	3,0
97,16	0,21	1,0	5,9	3,0
97,19	0,21	1,0	5,9	3,0
97,21	0,20	1,0	5,9	3,0
97,24	0,20	1,0	5,9	3,0
97,26	0,20	1,0	5,9	3,0
97,28	0,20	1,0	5,9	3,0
97,31	0,19	1,0	5,9	3,0
97,33	0,19	1,0	5,9	3,0
97,36	0,20	1,0	5,9	3,0
97,38	0,20	1,0	5,9	3,0
97,41	0,21	1,0	5,9	3,0
97,43	0,20	1,0	5,9	3,0
97,46	0,20	1,0	5,9	3,0
97,48	0,20	1,0	5,9	3,0
97,50	0,21	1,0	5,9	3,0
97,53	0,20	1,0	5,9	3,0
97,55	0,20	1,0	5,9	3,0
97,58	0,21	1,0	5,9	3,0
97,60	0,21	1,0	5,9	3,0
97,63	0,21	1,0	5,9	3,0
97,65	0,21	1,0	5,9	3,0
97,68	0,21	1,0	5,9	3,0
97,70	0,21	1,0	5,9	3,0
97,72	0,21	1,0	5,9	3,0
97,75	0,21	1,0	5,9	3,0
97,77	0,21	1,0	5,9	3,0
97,80	0,21	1,0	5,9	3,0
97,82	0,21	1,0	5,9	3,0
97,85	0,21	1,0	5,9	3,0
97,87	0,22	1,0	5,9	3,0
97,89	0,22	1,0	5,9	3,0
97,92	0,21	1,0	5,9	3,0
97,94	0,21	1,0	5,9	3,0
97,97	0,22	1,0	5,9	3,0
97,99	0,22	1,0	5,9	3,0
98,02	0,21	1,0	5,9	3,0
98,04	0,21	1,0	5,9	3,0
98,07	0,21	1,0	5,9	3,0
98,09	0,21	1,0	5,9	3,0
98,11	0,22	1,0	5,9	3,0
98,14	0,22	1,0	5,9	3,0
98,16	0,21	1,0	5,9	3,0
98,19	0,22	1,0	5,9	3,0
98,21	0,22	1,0	5,9	3,0
98,24	0,21	1,0	5,9	3,0
98,26	0,21	1,0	5,9	3,0
98,29	0,21	1,0	5,9	3,0
98,31	0,21	1,0	5,9	3,0
98,33	0,21	1,0	5,9	3,0
98,36	0,21	1,0	5,9	3,0
98,38	0,21	1,0	5,9	3,0
98,41	0,21	1,0	5,9	3,0
98,43	0,21	1,0	5,9	3,0
98,46	0,20	1,0	5,9	3,0
98,48	0,21	1,0	5,9	3,0
98,51	0,21	1,0	5,9	3,0
98,53	0,20	1,0	5,9	3,0
98,55	0,20	1,0	5,9	3,0
98,58	0,21	1,0	5,9	3,0
98,60	0,21	1,0	5,9	3,0
98,63	0,20	1,0	5,9	3,0
98,65	0,20	1,0	5,9	3,0
98,68	0,21	1,0	5,9	3,0
98,70	0,22	1,0	5,9	3,0
98,73	0,22	1,0	5,9	3,0
98,75	0,22	1,0	5,9	3,0
98,77	0,23	1,0	5,9	3,0
98,80	0,24	1,0	5,9	3,0
98,82	0,24	1,0	5,9	3,0
98,85	0,24	1,0	5,9	3,0
98,87	0,26	1,0	5,9	3,0
98,90	0,27	1,0	5,9	3,0
98,92	0,27	1,0	5,9	3,0
98,94	0,27	1,0	5,9	3,0
98,97	0,28	1,0	5,9	3,0
98,99	0,29	1,0	5,9	3,0
