Voltage U1	Corriente IA	Voltage U2	Voltage U3	Voltage UH
U1/V	IA/nA	U2/V	U3/V	UH/V

0,02	0,07	7,0	5,9	5,0
0,04	0,08	7,0	5,9	5,0
0,07	0,08	7,0	5,9	5,0
0,09	0,08	7,0	5,9	5,0
0,12	0,09	7,0	5,9	5,0
0,14	0,10	7,0	5,9	5,0
0,17	0,10	7,0	5,9	5,0
0,19	0,10	7,0	5,9	5,0
0,21	0,11	7,0	5,9	5,0
0,24	0,12	7,0	5,9	5,0
0,26	0,12	7,0	5,9	5,0
0,29	0,12	7,0	5,9	5,0
0,31	0,13	7,0	5,9	5,0
0,34	0,13	7,0	5,9	5,0
0,36	0,13	7,0	5,9	5,0
0,39	0,13	7,0	5,9	5,0
0,41	0,13	7,0	5,9	5,0
0,43	0,13	7,0	5,9	5,0
0,46	0,13	7,0	5,9	5,0
0,48	0,12	7,0	5,9	5,0
0,51	0,13	7,0	5,9	5,0
0,53	0,13	7,0	5,9	5,0
0,56	0,13	7,0	5,9	5,0
0,58	0,12	7,0	5,9	5,0
0,61	0,12	7,0	5,9	5,0
0,63	0,13	7,0	5,9	5,0
0,65	0,13	7,0	5,9	5,0
0,68	0,12	7,0	5,9	5,0
0,70	0,12	7,0	5,9	5,0
0,73	0,13	7,0	5,9	5,0
0,75	0,13	7,0	5,9	5,0
0,78	0,12	7,0	5,9	5,0
0,80	0,12	7,0	5,9	5,0
0,83	0,12	7,0	5,9	5,0
0,85	0,12	7,0	5,9	5,0
0,87	0,11	7,0	5,9	5,0
0,90	0,12	7,0	5,9	5,0
0,92	0,12	7,0	5,9	5,0
0,95	0,12	7,0	5,9	5,0
0,97	0,11	7,0	5,9	5,0
1,00	0,12	7,0	5,9	5,0
1,02	0,12	7,0	5,9	5,0
1,05	0,12	7,0	5,9	5,0
1,07	0,11	7,0	5,9	5,0
1,09	0,11	7,0	5,9	5,0
1,12	0,11	7,0	5,9	5,0
1,14	0,11	7,0	5,9	5,0
1,17	0,10	7,0	5,9	5,0
1,19	0,11	7,0	5,9	5,0
1,22	0,11	7,0	5,9	5,0
1,24	0,12	7,0	5,9	5,0
1,26	0,11	7,0	5,9	5,0
1,29	0,12	7,0	5,9	5,0
1,31	0,12	7,0	5,9	5,0
1,34	0,12	7,0	5,9	5,0
1,36	0,11	7,0	5,9	5,0
1,39	0,11	7,0	5,9	5,0
1,41	0,11	7,0	5,9	5,0
1,44	0,11	7,0	5,9	5,0
1,46	0,11	7,0	5,9	5,0
1,48	0,11	7,0	5,9	5,0
1,51	0,11	7,0	5,9	5,0
1,53	0,11	7,0	5,9	5,0
1,56	0,11	7,0	5,9	5,0
1,58	0,11	7,0	5,9	5,0
1,61	0,11	7,0	5,9	5,0
1,63	0,11	7,0	5,9	5,0
1,66	0,11	7,0	5,9	5,0
1,68	0,12	7,0	5,9	5,0
1,70	0,12	7,0	5,9	5,0
1,73	0,12	7,0	5,9	5,0
1,75	0,11	7,0	5,9	5,0
1,78	0,12	7,0	5,9	5,0
1,80	0,12	7,0	5,9	5,0
1,83	0,12	7,0	5,9	5,0
1,85	0,12	7,0	5,9	5,0
1,88	0,12	7,0	5,9	5,0
1,90	0,12	7,0	5,9	5,0
1,92	0,12	7,0	5,9	5,0
1,95	0,12	7,0	5,9	5,0
1,97	0,13	7,0	5,9	5,0
2,00	0,13	7,0	5,9	5,0
2,02	0,12	7,0	5,9	5,0
2,05	0,12	7,0	5,9	5,0
2,07	0,13	7,0	5,9	5,0
2,10	0,13	7,0	5,9	5,0
2,12	0,12	7,0	5,9	5,0
2,14	0,12	7,0	5,9	5,0
2,17	0,12	7,0	5,9	5,0
2,19	0,12	7,0	5,9	5,0
2,22	0,12	7,0	5,9	5,0
2,24	0,12	7,0	5,9	5,0
2,27	0,12	7,0	5,9	5,0
2,29	0,12	7,0	5,9	5,0
2,31	0,13	7,0	5,9	5,0
2,34	0,12	7,0	5,9	5,0
2,36	0,12	7,0	5,9	5,0
2,39	0,12	7,0	5,9	5,0
2,41	0,13	7,0	5,9	5,0
2,44	0,12	7,0	5,9	5,0
2,46	0,12	7,0	5,9	5,0
2,49	0,12	7,0	5,9	5,0
2,51	0,13	7,0	5,9	5,0
2,53	0,12	7,0	5,9	5,0
2,56	0,12	7,0	5,9	5,0
2,58	0,12	7,0	5,9	5,0
2,61	0,12	7,0	5,9	5,0
2,63	0,12	7,0	5,9	5,0
2,66	0,12	7,0	5,9	5,0
2,68	0,12	7,0	5,9	5,0
2,71	0,12	7,0	5,9	5,0
2,73	0,11	7,0	5,9	5,0
2,75	0,11	7,0	5,9	5,0
2,78	0,11	7,0	5,9	5,0
2,80	0,12	7,0	5,9	5,0
2,83	0,12	7,0	5,9	5,0
2,85	0,12	7,0	5,9	5,0
2,88	0,11	7,0	5,9	5,0
2,90	0,12	7,0	5,9	5,0
2,93	0,13	7,0	5,9	5,0
2,95	0,13	7,0	5,9	5,0
2,97	0,12	7,0	5,9	5,0
3,00	0,13	7,0	5,9	5,0
3,02	0,13	7,0	5,9	5,0
3,05	0,13	7,0	5,9	5,0
3,07	0,13	7,0	5,9	5,0
3,10	0,14	7,0	5,9	5,0
3,12	0,14	7,0	5,9	5,0
3,15	0,14	7,0	5,9	5,0
3,17	0,14	7,0	5,9	5,0
3,19	0,15	7,0	5,9	5,0
3,22	0,15	7,0	5,9	5,0
3,24	0,15	7,0	5,9	5,0
3,27	0,15	7,0	5,9	5,0
3,29	0,16	7,0	5,9	5,0
3,32	0,17	7,0	5,9	5,0
3,34	0,17	7,0	5,9	5,0
3,36	0,17	7,0	5,9	5,0
3,39	0,19	7,0	5,9	5,0
3,41	0,19	7,0	5,9	5,0
3,44	0,19	7,0	5,9	5,0
3,46	0,19	7,0	5,9	5,0
3,49	0,21	7,0	5,9	5,0
3,51	0,21	7,0	5,9	5,0
3,54	0,21	7,0	5,9	5,0
3,56	0,21	7,0	5,9	5,0
3,58	0,23	7,0	5,9	5,0
3,61	0,23	7,0	5,9	5,0
3,63	0,23	7,0	5,9	5,0
3,66	0,24	7,0	5,9	5,0
3,68	0,25	7,0	5,9	5,0
3,71	0,26	7,0	5,9	5,0
3,73	0,25	7,0	5,9	5,0
3,76	0,26	7,0	5,9	5,0
3,78	0,27	7,0	5,9	5,0
3,80	0,28	7,0	5,9	5,0
3,83	0,28	7,0	5,9	5,0
3,85	0,28	7,0	5,9	5,0
3,88	0,29	7,0	5,9	5,0
3,90	0,30	7,0	5,9	5,0
3,93	0,29	7,0	5,9	5,0
3,95	0,30	7,0	5,9	5,0
3,98	0,32	7,0	5,9	5,0
4,00	0,32	7,0	5,9	5,0
4,02	0,32	7,0	5,9	5,0
4,05	0,32	7,0	5,9	5,0
4,07	0,33	7,0	5,9	5,0
4,10	0,33	7,0	5,9	5,0
4,12	0,32	7,0	5,9	5,0
4,15	0,34	7,0	5,9	5,0
4,17	0,35	7,0	5,9	5,0
4,20	0,35	7,0	5,9	5,0
4,22	0,35	7,0	5,9	5,0
4,24	0,35	7,0	5,9	5,0
4,27	0,37	7,0	5,9	5,0
4,29	0,36	7,0	5,9	5,0
4,32	0,36	7,0	5,9	5,0
4,34	0,37	7,0	5,9	5,0
4,37	0,38	7,0	5,9	5,0
4,39	0,37	7,0	5,9	5,0
4,42	0,37	7,0	5,9	5,0
4,44	0,38	7,0	5,9	5,0
4,46	0,40	7,0	5,9	5,0
4,49	0,39	7,0	5,9	5,0
4,51	0,38	7,0	5,9	5,0
4,54	0,40	7,0	5,9	5,0
4,56	0,40	7,0	5,9	5,0
4,59	0,41	7,0	5,9	5,0
4,61	0,42	7,0	5,9	5,0
4,63	0,41	7,0	5,9	5,0
4,66	0,42	7,0	5,9	5,0
4,68	0,42	7,0	5,9	5,0
4,71	0,43	7,0	5,9	5,0
4,73	0,43	7,0	5,9	5,0
4,76	0,44	7,0	5,9	5,0
4,78	0,45	7,0	5,9	5,0
4,81	0,45	7,0	5,9	5,0
4,83	0,45	7,0	5,9	5,0
4,85	0,46	7,0	5,9	5,0
4,88	0,47	7,0	5,9	5,0
4,90	0,47	7,0	5,9	5,0
4,93	0,47	7,0	5,9	5,0
4,95	0,47	7,0	5,9	5,0
4,98	0,48	7,0	5,9	5,0
5,00	0,48	7,0	5,9	5,0
5,03	0,48	7,0	5,9	5,0
5,05	0,48	7,0	5,9	5,0
5,07	0,49	7,0	5,9	5,0
5,10	0,49	7,0	5,9	5,0
5,12	0,49	7,0	5,9	5,0
5,15	0,49	7,0	5,9	5,0
5,17	0,51	7,0	5,9	5,0
5,20	0,51	7,0	5,9	5,0
5,22	0,51	7,0	5,9	5,0
5,25	0,50	7,0	5,9	5,0
5,27	0,50	7,0	5,9	5,0
5,29	0,52	7,0	5,9	5,0
5,32	0,52	7,0	5,9	5,0
5,34	0,52	7,0	5,9	5,0
5,37	0,52	7,0	5,9	5,0
5,39	0,53	7,0	5,9	5,0
5,42	0,53	7,0	5,9	5,0
5,44	0,52	7,0	5,9	5,0
5,47	0,53	7,0	5,9	5,0
5,49	0,53	7,0	5,9	5,0
5,51	0,54	7,0	5,9	5,0
5,54	0,53	7,0	5,9	5,0
5,56	0,54	7,0	5,9	5,0
5,59	0,55	7,0	5,9	5,0
5,61	0,55	7,0	5,9	5,0
5,64	0,55	7,0	5,9	5,0
5,66	0,55	7,0	5,9	5,0
5,68	0,56	7,0	5,9	5,0
5,71	0,56	7,0	5,9	5,0
5,73	0,56	7,0	5,9	5,0
5,76	0,56	7,0	5,9	5,0
5,78	0,58	7,0	5,9	5,0
5,81	0,58	7,0	5,9	5,0
5,83	0,57	7,0	5,9	5,0
5,86	0,58	7,0	5,9	5,0
5,88	0,59	7,0	5,9	5,0
5,90	0,59	7,0	5,9	5,0
5,93	0,58	7,0	5,9	5,0
5,95	0,59	7,0	5,9	5,0
5,98	0,60	7,0	5,9	5,0
6,00	0,60	7,0	5,9	5,0
6,03	0,59	7,0	5,9	5,0
6,05	0,61	7,0	5,9	5,0
6,08	0,62	7,0	5,9	5,0
6,10	0,61	7,0	5,9	5,0
6,12	0,61	7,0	5,9	5,0
6,15	0,62	7,0	5,9	5,0
6,17	0,63	7,0	5,9	5,0
6,20	0,62	7,0	5,9	5,0
6,22	0,62	7,0	5,9	5,0
6,25	0,63	7,0	5,9	5,0
6,27	0,63	7,0	5,9	5,0
6,30	0,63	7,0	5,9	5,0
6,32	0,63	7,0	5,9	5,0
6,34	0,64	7,0	5,9	5,0
6,37	0,65	7,0	5,9	5,0
6,39	0,64	7,0	5,9	5,0
6,42	0,64	7,0	5,9	5,0
6,44	0,65	7,0	5,9	5,0
6,47	0,66	7,0	5,9	5,0
6,49	0,65	7,0	5,9	5,0
6,52	0,65	7,0	5,9	5,0
6,54	0,66	7,0	5,9	5,0
6,56	0,67	7,0	5,9	5,0
6,59	0,66	7,0	5,9	5,0
6,61	0,66	7,0	5,9	5,0
6,64	0,68	7,0	5,9	5,0
6,66	0,68	7,0	5,9	5,0
6,69	0,67	7,0	5,9	5,0
6,71	0,67	7,0	5,9	5,0
6,73	0,68	7,0	5,9	5,0
6,76	0,69	7,0	5,9	5,0
6,78	0,69	7,0	5,9	5,0
6,81	0,69	7,0	5,9	5,0
6,83	0,70	7,0	5,9	5,0
6,86	0,70	7,0	5,9	5,0
6,88	0,70	7,0	5,9	5,0
6,91	0,70	7,0	5,9	5,0
6,93	0,71	7,0	5,9	5,0
6,95	0,71	7,0	5,9	5,0
6,98	0,70	7,0	5,9	5,0
7,00	0,71	7,0	5,9	5,0
7,03	0,71	7,0	5,9	5,0
7,05	0,71	7,0	5,9	5,0
7,08	0,72	7,0	5,9	5,0
7,10	0,72	7,0	5,9	5,0
7,13	0,72	7,0	5,9	5,0
7,15	0,73	7,0	5,9	5,0
7,17	0,74	7,0	5,9	5,0
7,20	0,73	7,0	5,9	5,0
7,22	0,73	7,0	5,9	5,0
7,25	0,75	7,0	5,9	5,0
7,27	0,75	7,0	5,9	5,0
7,30	0,74	7,0	5,9	5,0
7,32	0,74	7,0	5,9	5,0
7,35	0,75	7,0	5,9	5,0
7,37	0,76	7,0	5,9	5,0
7,39	0,75	7,0	5,9	5,0
7,42	0,75	7,0	5,9	5,0
7,44	0,76	7,0	5,9	5,0
7,47	0,77	7,0	5,9	5,0
7,49	0,76	7,0	5,9	5,0
7,52	0,76	7,0	5,9	5,0
7,54	0,77	7,0	5,9	5,0
7,57	0,78	7,0	5,9	5,0
7,59	0,78	7,0	5,9	5,0
7,61	0,77	7,0	5,9	5,0
7,64	0,78	7,0	5,9	5,0
7,66	0,79	7,0	5,9	5,0
7,69	0,79	7,0	5,9	5,0
7,71	0,79	7,0	5,9	5,0
7,74	0,78	7,0	5,9	5,0
7,76	0,79	7,0	5,9	5,0
7,78	0,79	7,0	5,9	5,0
7,81	0,79	7,0	5,9	5,0
7,83	0,78	7,0	5,9	5,0
7,86	0,79	7,0	5,9	5,0
7,88	0,80	7,0	5,9	5,0
7,91	0,79	7,0	5,9	5,0
7,93	0,79	7,0	5,9	5,0
7,96	0,80	7,0	5,9	5,0
7,98	0,81	7,0	5,9	5,0
8,00	0,80	7,0	5,9	5,0
8,03	0,80	7,0	5,9	5,0
8,05	0,81	7,0	5,9	5,0
8,08	0,81	7,0	5,9	5,0
8,10	0,80	7,0	5,9	5,0
8,13	0,80	7,0	5,9	5,0
8,15	0,81	7,0	5,9	5,0
8,18	0,81	7,0	5,9	5,0
8,20	0,81	7,0	5,9	5,0
8,22	0,81	7,0	5,9	5,0
8,25	0,82	7,0	5,9	5,0
8,27	0,82	7,0	5,9	5,0
8,30	0,81	7,0	5,9	5,0
8,32	0,81	7,0	5,9	5,0
8,35	0,82	7,0	5,9	5,0
8,37	0,83	7,0	5,9	5,0
8,40	0,83	7,0	5,9	5,0
8,42	0,83	7,0	5,9	5,0
8,44	0,84	7,0	5,9	5,0
8,47	0,84	7,0	5,9	5,0
8,49	0,83	7,0	5,9	5,0
8,52	0,83	7,0	5,9	5,0
8,54	0,85	7,0	5,9	5,0
8,57	0,85	7,0	5,9	5,0
8,59	0,84	7,0	5,9	5,0
8,62	0,84	7,0	5,9	5,0
8,64	0,85	7,0	5,9	5,0
8,66	0,86	7,0	5,9	5,0
8,69	0,85	7,0	5,9	5,0
8,71	0,85	7,0	5,9	5,0
8,74	0,86	7,0	5,9	5,0
8,76	0,86	7,0	5,9	5,0
8,79	0,86	7,0	5,9	5,0
8,81	0,86	7,0	5,9	5,0
8,84	0,86	7,0	5,9	5,0
8,86	0,87	7,0	5,9	5,0
8,88	0,86	7,0	5,9	5,0
8,91	0,86	7,0	5,9	5,0
8,93	0,87	7,0	5,9	5,0
8,96	0,88	7,0	5,9	5,0
8,98	0,87	7,0	5,9	5,0
9,01	0,87	7,0	5,9	5,0
9,03	0,87	7,0	5,9	5,0
9,05	0,87	7,0	5,9	5,0
9,08	0,87	7,0	5,9	5,0
9,10	0,87	7,0	5,9	5,0
9,13	0,88	7,0	5,9	5,0
9,15	0,88	7,0	5,9	5,0
9,18	0,88	7,0	5,9	5,0
9,20	0,89	7,0	5,9	5,0
9,23	0,89	7,0	5,9	5,0
9,25	0,89	7,0	5,9	5,0
9,27	0,88	7,0	5,9	5,0
9,30	0,89	7,0	5,9	5,0
9,32	0,89	7,0	5,9	5,0
9,35	0,89	7,0	5,9	5,0
9,37	0,89	7,0	5,9	5,0
9,40	0,89	7,0	5,9	5,0
9,42	0,90	7,0	5,9	5,0
9,45	0,89	7,0	5,9	5,0
9,47	0,89	7,0	5,9	5,0
9,49	0,90	7,0	5,9	5,0
9,52	0,89	7,0	5,9	5,0
9,54	0,90	7,0	5,9	5,0
9,57	0,90	7,0	5,9	5,0
9,59	0,90	7,0	5,9	5,0
9,62	0,90	7,0	5,9	5,0
9,64	0,90	7,0	5,9	5,0
9,67	0,91	7,0	5,9	5,0
9,69	0,91	7,0	5,9	5,0
9,71	0,91	7,0	5,9	5,0
9,74	0,92	7,0	5,9	5,0
9,76	0,92	7,0	5,9	5,0
9,79	0,91	7,0	5,9	5,0
9,81	0,91	7,0	5,9	5,0
9,84	0,92	7,0	5,9	5,0
9,86	0,92	7,0	5,9	5,0
9,89	0,92	7,0	5,9	5,0
9,91	0,92	7,0	5,9	5,0
9,93	0,92	7,0	5,9	5,0
9,96	0,93	7,0	5,9	5,0
9,98	0,92	7,0	5,9	5,0
10,01	0,93	7,0	5,9	5,0
10,03	0,93	7,0	5,9	5,0
10,06	0,93	7,0	5,9	5,0
10,08	0,93	7,0	5,9	5,0
10,10	0,93	7,0	5,9	5,0
10,13	0,93	7,0	5,9	5,0
10,15	0,94	7,0	5,9	5,0
10,18	0,95	7,0	5,9	5,0
10,20	0,94	7,0	5,9	5,0
10,23	0,93	7,0	5,9	5,0
10,25	0,95	7,0	5,9	5,0
10,28	0,95	7,0	5,9	5,0
10,30	0,94	7,0	5,9	5,0
10,32	0,94	7,0	5,9	5,0
10,35	0,95	7,0	5,9	5,0
10,37	0,96	7,0	5,9	5,0
10,40	0,95	7,0	5,9	5,0
10,42	0,95	7,0	5,9	5,0
10,45	0,96	7,0	5,9	5,0
10,47	0,96	7,0	5,9	5,0
10,50	0,95	7,0	5,9	5,0
10,52	0,95	7,0	5,9	5,0
10,54	0,96	7,0	5,9	5,0
10,57	0,96	7,0	5,9	5,0
10,59	0,95	7,0	5,9	5,0
10,62	0,95	7,0	5,9	5,0
10,64	0,96	7,0	5,9	5,0
10,67	0,96	7,0	5,9	5,0
10,69	0,96	7,0	5,9	5,0
10,72	0,96	7,0	5,9	5,0
10,74	0,96	7,0	5,9	5,0
10,76	0,97	7,0	5,9	5,0
10,79	0,96	7,0	5,9	5,0
10,81	0,96	7,0	5,9	5,0
10,84	0,97	7,0	5,9	5,0
10,86	0,97	7,0	5,9	5,0
10,89	0,96	7,0	5,9	5,0
10,91	0,97	7,0	5,9	5,0
10,94	0,97	7,0	5,9	5,0
10,96	0,97	7,0	5,9	5,0
10,98	0,97	7,0	5,9	5,0
11,01	0,97	7,0	5,9	5,0
11,03	0,98	7,0	5,9	5,0
11,06	0,97	7,0	5,9	5,0
11,08	0,97	7,0	5,9	5,0
11,11	0,98	7,0	5,9	5,0
11,13	0,99	7,0	5,9	5,0
11,15	0,98	7,0	5,9	5,0
11,18	0,98	7,0	5,9	5,0
11,20	0,99	7,0	5,9	5,0
11,23	0,99	7,0	5,9	5,0
11,25	0,98	7,0	5,9	5,0
11,28	0,98	7,0	5,9	5,0
11,30	0,99	7,0	5,9	5,0
11,33	0,99	7,0	5,9	5,0
11,35	0,98	7,0	5,9	5,0
11,37	0,98	7,0	5,9	5,0
11,40	0,99	7,0	5,9	5,0
11,42	1,00	7,0	5,9	5,0
11,45	0,99	7,0	5,9	5,0
11,47	0,98	7,0	5,9	5,0
11,50	0,99	7,0	5,9	5,0
11,52	1,00	7,0	5,9	5,0
11,55	0,99	7,0	5,9	5,0
11,57	0,99	7,0	5,9	5,0
11,59	1,00	7,0	5,9	5,0
11,62	1,01	7,0	5,9	5,0
11,64	1,00	7,0	5,9	5,0
11,67	1,00	7,0	5,9	5,0
11,69	1,01	7,0	5,9	5,0
11,72	1,01	7,0	5,9	5,0
11,74	0,99	7,0	5,9	5,0
11,77	0,99	7,0	5,9	5,0
11,79	1,01	7,0	5,9	5,0
11,81	1,01	7,0	5,9	5,0
11,84	1,00	7,0	5,9	5,0
11,86	1,00	7,0	5,9	5,0
11,89	1,01	7,0	5,9	5,0
11,91	1,02	7,0	5,9	5,0
11,94	1,02	7,0	5,9	5,0
11,96	1,02	7,0	5,9	5,0
11,99	1,02	7,0	5,9	5,0
12,01	1,02	7,0	5,9	5,0
12,03	1,03	7,0	5,9	5,0
12,06	1,02	7,0	5,9	5,0
12,08	1,02	7,0	5,9	5,0
12,11	1,03	7,0	5,9	5,0
12,13	1,03	7,0	5,9	5,0
12,16	1,02	7,0	5,9	5,0
12,18	1,02	7,0	5,9	5,0
12,21	1,03	7,0	5,9	5,0
12,23	1,03	7,0	5,9	5,0
12,25	1,03	7,0	5,9	5,0
12,28	1,03	7,0	5,9	5,0
12,30	1,04	7,0	5,9	5,0
12,33	1,04	7,0	5,9	5,0
12,35	1,03	7,0	5,9	5,0
12,38	1,03	7,0	5,9	5,0
12,40	1,04	7,0	5,9	5,0
12,42	1,04	7,0	5,9	5,0
12,45	1,02	7,0	5,9	5,0
12,47	1,02	7,0	5,9	5,0
12,50	1,03	7,0	5,9	5,0
12,52	1,04	7,0	5,9	5,0
12,55	1,03	7,0	5,9	5,0
12,57	1,03	7,0	5,9	5,0
12,60	1,03	7,0	5,9	5,0
12,62	1,03	7,0	5,9	5,0
12,64	1,03	7,0	5,9	5,0
12,67	1,03	7,0	5,9	5,0
12,69	1,02	7,0	5,9	5,0
12,72	1,03	7,0	5,9	5,0
12,74	1,03	7,0	5,9	5,0
12,77	1,03	7,0	5,9	5,0
12,79	1,03	7,0	5,9	5,0
12,82	1,03	7,0	5,9	5,0
12,84	1,04	7,0	5,9	5,0
12,86	1,03	7,0	5,9	5,0
12,89	1,03	7,0	5,9	5,0
12,91	1,03	7,0	5,9	5,0
12,94	1,04	7,0	5,9	5,0
12,96	1,03	7,0	5,9	5,0
12,99	1,03	7,0	5,9	5,0
13,01	1,03	7,0	5,9	5,0
13,04	1,04	7,0	5,9	5,0
13,06	1,03	7,0	5,9	5,0
13,08	1,03	7,0	5,9	5,0
13,11	1,04	7,0	5,9	5,0
13,13	1,03	7,0	5,9	5,0
13,16	1,02	7,0	5,9	5,0
13,18	1,02	7,0	5,9	5,0
13,21	1,02	7,0	5,9	5,0
13,23	1,02	7,0	5,9	5,0
13,26	1,02	7,0	5,9	5,0
13,28	1,01	7,0	5,9	5,0
13,30	1,02	7,0	5,9	5,0
13,33	1,02	7,0	5,9	5,0
13,35	1,00	7,0	5,9	5,0
13,38	1,00	7,0	5,9	5,0
13,40	1,00	7,0	5,9	5,0
13,43	0,99	7,0	5,9	5,0
13,45	0,98	7,0	5,9	5,0
13,47	0,97	7,0	5,9	5,0
13,50	0,98	7,0	5,9	5,0
13,52	0,98	7,0	5,9	5,0
13,55	0,96	7,0	5,9	5,0
13,57	0,95	7,0	5,9	5,0
13,60	0,96	7,0	5,9	5,0
13,62	0,95	7,0	5,9	5,0
13,65	0,93	7,0	5,9	5,0
13,67	0,92	7,0	5,9	5,0
13,69	0,92	7,0	5,9	5,0
13,72	0,91	7,0	5,9	5,0
13,74	0,89	7,0	5,9	5,0
13,77	0,88	7,0	5,9	5,0
13,79	0,88	7,0	5,9	5,0
13,82	0,88	7,0	5,9	5,0
13,84	0,86	7,0	5,9	5,0
13,87	0,85	7,0	5,9	5,0
13,89	0,85	7,0	5,9	5,0
13,91	0,84	7,0	5,9	5,0
13,94	0,82	7,0	5,9	5,0
13,96	0,81	7,0	5,9	5,0
13,99	0,81	7,0	5,9	5,0
14,01	0,80	7,0	5,9	5,0
14,04	0,78	7,0	5,9	5,0
14,06	0,77	7,0	5,9	5,0
14,09	0,77	7,0	5,9	5,0
14,11	0,76	7,0	5,9	5,0
14,13	0,74	7,0	5,9	5,0
14,16	0,72	7,0	5,9	5,0
14,18	0,72	7,0	5,9	5,0
14,21	0,71	7,0	5,9	5,0
14,23	0,69	7,0	5,9	5,0
14,26	0,68	7,0	5,9	5,0
14,28	0,68	7,0	5,9	5,0
14,31	0,66	7,0	5,9	5,0
14,33	0,65	7,0	5,9	5,0
14,35	0,63	7,0	5,9	5,0
14,38	0,63	7,0	5,9	5,0
14,40	0,62	7,0	5,9	5,0
14,43	0,61	7,0	5,9	5,0
14,45	0,59	7,0	5,9	5,0
14,48	0,58	7,0	5,9	5,0
14,50	0,57	7,0	5,9	5,0
14,52	0,56	7,0	5,9	5,0
14,55	0,54	7,0	5,9	5,0
14,57	0,53	7,0	5,9	5,0
14,60	0,52	7,0	5,9	5,0
14,62	0,51	7,0	5,9	5,0
14,65	0,49	7,0	5,9	5,0
14,67	0,48	7,0	5,9	5,0
14,70	0,47	7,0	5,9	5,0
14,72	0,46	7,0	5,9	5,0
14,74	0,43	7,0	5,9	5,0
14,77	0,42	7,0	5,9	5,0
14,79	0,42	7,0	5,9	5,0
14,82	0,40	7,0	5,9	5,0
14,84	0,38	7,0	5,9	5,0
14,87	0,37	7,0	5,9	5,0
14,89	0,37	7,0	5,9	5,0
14,92	0,35	7,0	5,9	5,0
14,94	0,33	7,0	5,9	5,0
14,96	0,32	7,0	5,9	5,0
14,99	0,32	7,0	5,9	5,0
15,01	0,31	7,0	5,9	5,0
15,04	0,30	7,0	5,9	5,0
15,06	0,28	7,0	5,9	5,0
15,09	0,27	7,0	5,9	5,0
15,11	0,27	7,0	5,9	5,0
15,14	0,26	7,0	5,9	5,0
15,16	0,24	7,0	5,9	5,0
15,18	0,23	7,0	5,9	5,0
15,21	0,23	7,0	5,9	5,0
15,23	0,22	7,0	5,9	5,0
15,26	0,21	7,0	5,9	5,0
15,28	0,20	7,0	5,9	5,0
15,31	0,19	7,0	5,9	5,0
15,33	0,19	7,0	5,9	5,0
15,36	0,18	7,0	5,9	5,0
15,38	0,17	7,0	5,9	5,0
15,40	0,17	7,0	5,9	5,0
15,43	0,17	7,0	5,9	5,0
15,45	0,16	7,0	5,9	5,0
15,48	0,15	7,0	5,9	5,0
15,50	0,15	7,0	5,9	5,0
15,53	0,15	7,0	5,9	5,0
15,55	0,13	7,0	5,9	5,0
15,57	0,12	7,0	5,9	5,0
15,60	0,12	7,0	5,9	5,0
15,62	0,12	7,0	5,9	5,0
15,65	0,11	7,0	5,9	5,0
15,67	0,10	7,0	5,9	5,0
15,70	0,10	7,0	5,9	5,0
15,72	0,10	7,0	5,9	5,0
15,75	0,08	7,0	5,9	5,0
15,77	0,07	7,0	5,9	5,0
15,79	0,07	7,0	5,9	5,0
15,82	0,07	7,0	5,9	5,0
15,84	0,06	7,0	5,9	5,0
15,87	0,06	7,0	5,9	5,0
15,89	0,06	7,0	5,9	5,0
15,92	0,06	7,0	5,9	5,0
15,94	0,05	7,0	5,9	5,0
15,97	0,04	7,0	5,9	5,0
15,99	0,04	7,0	5,9	5,0
16,01	0,04	7,0	5,9	5,0
16,04	0,04	7,0	5,9	5,0
16,06	0,03	7,0	5,9	5,0
16,09	0,03	7,0	5,9	5,0
16,11	0,03	7,0	5,9	5,0
16,14	0,02	7,0	5,9	5,0
16,16	0,02	7,0	5,9	5,0
16,19	0,02	7,0	5,9	5,0
16,21	0,02	7,0	5,9	5,0
16,23	0,02	7,0	5,9	5,0
16,26	0,01	7,0	5,9	5,0
16,28	0,01	7,0	5,9	5,0
16,31	0,01	7,0	5,9	5,0
16,33	0,01	7,0	5,9	5,0
16,36	0,01	7,0	5,9	5,0
16,38	0,01	7,0	5,9	5,0
16,41	0,01	7,0	5,9	5,0
16,43	0,01	7,0	5,9	5,0
16,45	0,01	7,0	5,9	5,0
16,48	0,01	7,0	5,9	5,0
16,50	0,01	7,0	5,9	5,0
16,53	0,01	7,0	5,9	5,0
16,55	0,01	7,0	5,9	5,0
16,58	0,01	7,0	5,9	5,0
16,60	0,01	7,0	5,9	5,0
16,63	0,01	7,0	5,9	5,0
16,65	0,01	7,0	5,9	5,0
16,67	0,01	7,0	5,9	5,0
16,70	0,01	7,0	5,9	5,0
16,72	0,01	7,0	5,9	5,0
16,75	0,01	7,0	5,9	5,0
16,77	0,01	7,0	5,9	5,0
16,80	0,01	7,0	5,9	5,0
16,82	0,01	7,0	5,9	5,0
16,84	0,01	7,0	5,9	5,0
16,87	0,01	7,0	5,9	5,0
16,89	0,01	7,0	5,9	5,0
16,92	0,01	7,0	5,9	5,0
16,94	0,01	7,0	5,9	5,0
16,97	0,01	7,0	5,9	5,0
16,99	0,01	7,0	5,9	5,0
17,02	0,01	7,0	5,9	5,0
17,04	0,01	7,0	5,9	5,0
17,06	0,01	7,0	5,9	5,0
17,09	0,01	7,0	5,9	5,0
17,11	0,01	7,0	5,9	5,0
17,14	0,01	7,0	5,9	5,0
17,16	0,01	7,0	5,9	5,0
17,19	0,01	7,0	5,9	5,0
17,21	0,01	7,0	5,9	5,0
17,24	0,01	7,0	5,9	5,0
17,26	0,01	7,0	5,9	5,0
17,28	0,01	7,0	5,9	5,0
17,31	0,01	7,0	5,9	5,0
17,33	0,01	7,0	5,9	5,0
17,36	0,01	7,0	5,9	5,0
17,38	0,01	7,0	5,9	5,0
17,41	0,01	7,0	5,9	5,0
17,43	0,01	7,0	5,9	5,0
17,46	0,01	7,0	5,9	5,0
17,48	0,01	7,0	5,9	5,0
17,50	0,01	7,0	5,9	5,0
17,53	0,01	7,0	5,9	5,0
17,55	0,01	7,0	5,9	5,0
17,58	0,01	7,0	5,9	5,0
17,60	0,01	7,0	5,9	5,0
17,63	0,01	7,0	5,9	5,0
17,65	0,01	7,0	5,9	5,0
17,68	0,01	7,0	5,9	5,0
17,70	0,01	7,0	5,9	5,0
17,72	0,01	7,0	5,9	5,0
17,75	0,01	7,0	5,9	5,0
17,77	0,01	7,0	5,9	5,0
17,80	0,01	7,0	5,9	5,0
17,82	0,01	7,0	5,9	5,0
17,85	0,01	7,0	5,9	5,0
17,87	0,01	7,0	5,9	5,0
17,89	0,01	7,0	5,9	5,0
17,92	0,01	7,0	5,9	5,0
17,94	0,01	7,0	5,9	5,0
17,97	0,01	7,0	5,9	5,0
17,99	0,01	7,0	5,9	5,0
18,02	0,01	7,0	5,9	5,0
18,04	0,01	7,0	5,9	5,0
18,07	0,01	7,0	5,9	5,0
18,09	0,01	7,0	5,9	5,0
18,11	0,01	7,0	5,9	5,0
18,14	0,01	7,0	5,9	5,0
18,16	0,01	7,0	5,9	5,0
18,19	0,01	7,0	5,9	5,0
18,21	0,01	7,0	5,9	5,0
18,24	0,01	7,0	5,9	5,0
18,26	0,01	7,0	5,9	5,0
18,29	0,01	7,0	5,9	5,0
18,31	0,01	7,0	5,9	5,0
18,33	0,01	7,0	5,9	5,0
18,36	0,01	7,0	5,9	5,0
18,38	0,01	7,0	5,9	5,0
18,41	0,01	7,0	5,9	5,0
18,43	0,01	7,0	5,9	5,0
18,46	0,01	7,0	5,9	5,0
18,48	0,01	7,0	5,9	5,0
18,51	0,01	7,0	5,9	5,0
18,53	0,01	7,0	5,9	5,0
18,55	0,01	7,0	5,9	5,0
18,58	0,01	7,0	5,9	5,0
18,60	0,01	7,0	5,9	5,0
18,63	0,01	7,0	5,9	5,0
18,65	0,01	7,0	5,9	5,0
18,68	0,01	7,0	5,9	5,0
18,70	0,01	7,0	5,9	5,0
18,73	0,01	7,0	5,9	5,0
18,75	0,01	7,0	5,9	5,0
18,77	0,01	7,0	5,9	5,0
18,80	0,01	7,0	5,9	5,0
18,82	0,01	7,0	5,9	5,0
18,85	0,01	7,0	5,9	5,0
18,87	0,01	7,0	5,9	5,0
18,90	0,01	7,0	5,9	5,0
18,92	0,01	7,0	5,9	5,0
18,94	0,01	7,0	5,9	5,0
18,97	0,01	7,0	5,9	5,0
18,99	0,01	7,0	5,9	5,0
19,02	0,01	7,0	5,9	5,0
19,04	0,01	7,0	5,9	5,0
19,07	0,01	7,0	5,9	5,0
19,09	0,01	7,0	5,9	5,0
19,12	0,01	7,0	5,9	5,0
19,14	0,01	7,0	5,9	5,0
19,16	0,01	7,0	5,9	5,0
19,19	0,01	7,0	5,9	5,0
19,21	0,01	7,0	5,9	5,0
19,24	0,01	7,0	5,9	5,0
19,26	0,01	7,0	5,9	5,0
19,29	0,01	7,0	5,9	5,0
19,31	0,01	7,0	5,9	5,0
19,34	0,01	7,0	5,9	5,0
19,36	0,01	7,0	5,9	5,0
19,38	0,01	7,0	5,9	5,0
19,41	0,01	7,0	5,9	5,0
19,43	0,01	7,0	5,9	5,0
19,46	0,01	7,0	5,9	5,0
19,48	0,02	7,0	5,9	5,0
19,51	0,02	7,0	5,9	5,0
19,53	0,02	7,0	5,9	5,0
19,56	0,02	7,0	5,9	5,0
19,58	0,02	7,0	5,9	5,0
19,60	0,02	7,0	5,9	5,0
19,63	0,02	7,0	5,9	5,0
19,65	0,02	7,0	5,9	5,0
19,68	0,02	7,0	5,9	5,0
19,70	0,02	7,0	5,9	5,0
19,73	0,02	7,0	5,9	5,0
19,75	0,03	7,0	5,9	5,0
19,78	0,03	7,0	5,9	5,0
19,80	0,03	7,0	5,9	5,0
19,82	0,03	7,0	5,9	5,0
19,85	0,04	7,0	5,9	5,0
19,87	0,05	7,0	5,9	5,0
19,90	0,05	7,0	5,9	5,0
19,92	0,05	7,0	5,9	5,0
19,95	0,05	7,0	5,9	5,0
19,97	0,07	7,0	5,9	5,0
19,99	0,07	7,0	5,9	5,0
20,02	0,07	7,0	5,9	5,0
20,04	0,08	7,0	5,9	5,0
20,07	0,09	7,0	5,9	5,0
20,09	0,09	7,0	5,9	5,0
20,12	0,09	7,0	5,9	5,0
20,14	0,11	7,0	5,9	5,0
20,17	0,12	7,0	5,9	5,0
20,19	0,13	7,0	5,9	5,0
20,21	0,13	7,0	5,9	5,0
20,24	0,14	7,0	5,9	5,0
20,26	0,16	7,0	5,9	5,0
20,29	0,17	7,0	5,9	5,0
20,31	0,17	7,0	5,9	5,0
20,34	0,19	7,0	5,9	5,0
20,36	0,21	7,0	5,9	5,0
20,39	0,22	7,0	5,9	5,0
20,41	0,22	7,0	5,9	5,0
20,43	0,25	7,0	5,9	5,0
20,46	0,27	7,0	5,9	5,0
20,48	0,28	7,0	5,9	5,0
20,51	0,29	7,0	5,9	5,0
20,53	0,31	7,0	5,9	5,0
20,56	0,34	7,0	5,9	5,0
20,58	0,35	7,0	5,9	5,0
20,61	0,36	7,0	5,9	5,0
20,63	0,38	7,0	5,9	5,0
20,65	0,40	7,0	5,9	5,0
20,68	0,42	7,0	5,9	5,0
20,70	0,43	7,0	5,9	5,0
20,73	0,45	7,0	5,9	5,0
20,75	0,48	7,0	5,9	5,0
20,78	0,49	7,0	5,9	5,0
20,80	0,50	7,0	5,9	5,0
20,83	0,52	7,0	5,9	5,0
20,85	0,55	7,0	5,9	5,0
20,87	0,57	7,0	5,9	5,0
20,90	0,58	7,0	5,9	5,0
20,92	0,60	7,0	5,9	5,0
20,95	0,63	7,0	5,9	5,0
20,97	0,65	7,0	5,9	5,0
21,00	0,66	7,0	5,9	5,0
21,02	0,68	7,0	5,9	5,0
21,05	0,71	7,0	5,9	5,0
21,07	0,72	7,0	5,9	5,0
21,09	0,73	7,0	5,9	5,0
21,12	0,75	7,0	5,9	5,0
21,14	0,77	7,0	5,9	5,0
21,17	0,78	7,0	5,9	5,0
21,19	0,80	7,0	5,9	5,0
21,22	0,81	7,0	5,9	5,0
21,24	0,84	7,0	5,9	5,0
21,26	0,85	7,0	5,9	5,0
21,29	0,86	7,0	5,9	5,0
21,31	0,88	7,0	5,9	5,0
21,34	0,90	7,0	5,9	5,0
21,36	0,91	7,0	5,9	5,0
21,39	0,92	7,0	5,9	5,0
21,41	0,95	7,0	5,9	5,0
21,44	0,97	7,0	5,9	5,0
21,46	0,98	7,0	5,9	5,0
21,48	0,99	7,0	5,9	5,0
21,51	1,01	7,0	5,9	5,0
21,53	1,03	7,0	5,9	5,0
21,56	1,04	7,0	5,9	5,0
21,58	1,05	7,0	5,9	5,0
21,61	1,07	7,0	5,9	5,0
21,63	1,09	7,0	5,9	5,0
21,66	1,10	7,0	5,9	5,0
21,68	1,11	7,0	5,9	5,0
21,70	1,12	7,0	5,9	5,0
21,73	1,14	7,0	5,9	5,0
21,75	1,16	7,0	5,9	5,0
21,78	1,18	7,0	5,9	5,0
21,80	1,18	7,0	5,9	5,0
21,83	1,20	7,0	5,9	5,0
21,85	1,22	7,0	5,9	5,0
21,88	1,23	7,0	5,9	5,0
21,90	1,24	7,0	5,9	5,0
21,92	1,26	7,0	5,9	5,0
21,95	1,28	7,0	5,9	5,0
21,97	1,30	7,0	5,9	5,0
22,00	1,30	7,0	5,9	5,0
22,02	1,32	7,0	5,9	5,0
22,05	1,34	7,0	5,9	5,0
22,07	1,35	7,0	5,9	5,0
22,10	1,36	7,0	5,9	5,0
22,12	1,38	7,0	5,9	5,0
22,14	1,40	7,0	5,9	5,0
22,17	1,42	7,0	5,9	5,0
22,19	1,43	7,0	5,9	5,0
22,22	1,45	7,0	5,9	5,0
22,24	1,47	7,0	5,9	5,0
22,27	1,48	7,0	5,9	5,0
22,29	1,49	7,0	5,9	5,0
22,31	1,50	7,0	5,9	5,0
22,34	1,52	7,0	5,9	5,0
22,36	1,54	7,0	5,9	5,0
22,39	1,56	7,0	5,9	5,0
22,41	1,56	7,0	5,9	5,0
22,44	1,58	7,0	5,9	5,0
22,46	1,61	7,0	5,9	5,0
22,49	1,62	7,0	5,9	5,0
22,51	1,62	7,0	5,9	5,0
22,53	1,64	7,0	5,9	5,0
22,56	1,66	7,0	5,9	5,0
22,58	1,67	7,0	5,9	5,0
22,61	1,68	7,0	5,9	5,0
22,63	1,70	7,0	5,9	5,0
22,66	1,72	7,0	5,9	5,0
22,68	1,73	7,0	5,9	5,0
22,71	1,74	7,0	5,9	5,0
22,73	1,76	7,0	5,9	5,0
22,75	1,78	7,0	5,9	5,0
22,78	1,79	7,0	5,9	5,0
22,80	1,79	7,0	5,9	5,0
22,83	1,81	7,0	5,9	5,0
22,85	1,84	7,0	5,9	5,0
22,88	1,84	7,0	5,9	5,0
22,90	1,85	7,0	5,9	5,0
22,93	1,87	7,0	5,9	5,0
22,95	1,89	7,0	5,9	5,0
22,97	1,90	7,0	5,9	5,0
23,00	1,91	7,0	5,9	5,0
23,02	1,92	7,0	5,9	5,0
23,05	1,94	7,0	5,9	5,0
23,07	1,95	7,0	5,9	5,0
23,10	1,96	7,0	5,9	5,0
23,12	1,98	7,0	5,9	5,0
23,15	2,00	7,0	5,9	5,0
23,17	2,01	7,0	5,9	5,0
23,19	2,02	7,0	5,9	5,0
23,22	2,04	7,0	5,9	5,0
23,24	2,06	7,0	5,9	5,0
23,27	2,06	7,0	5,9	5,0
23,29	2,07	7,0	5,9	5,0
23,32	2,10	7,0	5,9	5,0
23,34	2,11	7,0	5,9	5,0
23,36	2,12	7,0	5,9	5,0
23,39	2,13	7,0	5,9	5,0
23,41	2,15	7,0	5,9	5,0
23,44	2,17	7,0	5,9	5,0
23,46	2,17	7,0	5,9	5,0
23,49	2,18	7,0	5,9	5,0
23,51	2,20	7,0	5,9	5,0
23,54	2,21	7,0	5,9	5,0
23,56	2,22	7,0	5,9	5,0
23,58	2,23	7,0	5,9	5,0
23,61	2,25	7,0	5,9	5,0
23,63	2,27	7,0	5,9	5,0
23,66	2,27	7,0	5,9	5,0
23,68	2,29	7,0	5,9	5,0
23,71	2,31	7,0	5,9	5,0
23,73	2,32	7,0	5,9	5,0
23,76	2,32	7,0	5,9	5,0
23,78	2,33	7,0	5,9	5,0
23,80	2,36	7,0	5,9	5,0
23,83	2,37	7,0	5,9	5,0
23,85	2,37	7,0	5,9	5,0
23,88	2,38	7,0	5,9	5,0
23,90	2,40	7,0	5,9	5,0
23,93	2,41	7,0	5,9	5,0
23,95	2,42	7,0	5,9	5,0
23,98	2,43	7,0	5,9	5,0
24,00	2,45	7,0	5,9	5,0
24,02	2,46	7,0	5,9	5,0
24,05	2,46	7,0	5,9	5,0
24,07	2,48	7,0	5,9	5,0
24,10	2,50	7,0	5,9	5,0
24,12	2,51	7,0	5,9	5,0
24,15	2,52	7,0	5,9	5,0
24,17	2,53	7,0	5,9	5,0
24,20	2,54	7,0	5,9	5,0
24,22	2,55	7,0	5,9	5,0
24,24	2,57	7,0	5,9	5,0
24,27	2,57	7,0	5,9	5,0
24,29	2,58	7,0	5,9	5,0
24,32	2,60	7,0	5,9	5,0
24,34	2,61	7,0	5,9	5,0
24,37	2,61	7,0	5,9	5,0
24,39	2,62	7,0	5,9	5,0
24,42	2,63	7,0	5,9	5,0
24,44	2,64	7,0	5,9	5,0
24,46	2,65	7,0	5,9	5,0
24,49	2,66	7,0	5,9	5,0
24,51	2,67	7,0	5,9	5,0
24,54	2,69	7,0	5,9	5,0
24,56	2,70	7,0	5,9	5,0
24,59	2,71	7,0	5,9	5,0
24,61	2,72	7,0	5,9	5,0
24,63	2,73	7,0	5,9	5,0
24,66	2,73	7,0	5,9	5,0
24,68	2,74	7,0	5,9	5,0
24,71	2,76	7,0	5,9	5,0
24,73	2,76	7,0	5,9	5,0
24,76	2,77	7,0	5,9	5,0
24,78	2,78	7,0	5,9	5,0
24,81	2,79	7,0	5,9	5,0
24,83	2,80	7,0	5,9	5,0
24,85	2,82	7,0	5,9	5,0
24,88	2,82	7,0	5,9	5,0
24,90	2,82	7,0	5,9	5,0
24,93	2,83	7,0	5,9	5,0
24,95	2,85	7,0	5,9	5,0
24,98	2,85	7,0	5,9	5,0
25,00	2,85	7,0	5,9	5,0
25,03	2,87	7,0	5,9	5,0
25,05	2,89	7,0	5,9	5,0
25,07	2,89	7,0	5,9	5,0
25,10	2,90	7,0	5,9	5,0
25,12	2,91	7,0	5,9	5,0
25,15	2,92	7,0	5,9	5,0
25,17	2,92	7,0	5,9	5,0
25,20	2,93	7,0	5,9	5,0
25,22	2,94	7,0	5,9	5,0
25,25	2,95	7,0	5,9	5,0
25,27	2,96	7,0	5,9	5,0
25,29	2,96	7,0	5,9	5,0
25,32	2,98	7,0	5,9	5,0
25,34	2,99	7,0	5,9	5,0
25,37	2,99	7,0	5,9	5,0
25,39	2,99	7,0	5,9	5,0
25,42	3,01	7,0	5,9	5,0
25,44	3,01	7,0	5,9	5,0
25,47	3,01	7,0	5,9	5,0
25,49	3,01	7,0	5,9	5,0
25,51	3,03	7,0	5,9	5,0
25,54	3,04	7,0	5,9	5,0
25,56	3,04	7,0	5,9	5,0
25,59	3,05	7,0	5,9	5,0
25,61	3,06	7,0	5,9	5,0
25,64	3,06	7,0	5,9	5,0
25,66	3,06	7,0	5,9	5,0
25,68	3,06	7,0	5,9	5,0
25,71	3,08	7,0	5,9	5,0
25,73	3,08	7,0	5,9	5,0
25,76	3,08	7,0	5,9	5,0
25,78	3,09	7,0	5,9	5,0
25,81	3,10	7,0	5,9	5,0
25,83	3,11	7,0	5,9	5,0
25,86	3,10	7,0	5,9	5,0
25,88	3,11	7,0	5,9	5,0
25,90	3,13	7,0	5,9	5,0
25,93	3,12	7,0	5,9	5,0
25,95	3,12	7,0	5,9	5,0
25,98	3,13	7,0	5,9	5,0
26,00	3,15	7,0	5,9	5,0
26,03	3,15	7,0	5,9	5,0
26,05	3,15	7,0	5,9	5,0
26,08	3,15	7,0	5,9	5,0
26,10	3,17	7,0	5,9	5,0
26,12	3,17	7,0	5,9	5,0
26,15	3,16	7,0	5,9	5,0
26,17	3,17	7,0	5,9	5,0
26,20	3,19	7,0	5,9	5,0
26,22	3,19	7,0	5,9	5,0
26,25	3,19	7,0	5,9	5,0
26,27	3,20	7,0	5,9	5,0
26,30	3,21	7,0	5,9	5,0
26,32	3,21	7,0	5,9	5,0
26,34	3,21	7,0	5,9	5,0
26,37	3,22	7,0	5,9	5,0
26,39	3,23	7,0	5,9	5,0
26,42	3,23	7,0	5,9	5,0
26,44	3,23	7,0	5,9	5,0
26,47	3,24	7,0	5,9	5,0
26,49	3,26	7,0	5,9	5,0
26,52	3,25	7,0	5,9	5,0
26,54	3,25	7,0	5,9	5,0
26,56	3,26	7,0	5,9	5,0
26,59	3,26	7,0	5,9	5,0
26,61	3,28	7,0	5,9	5,0
26,64	3,27	7,0	5,9	5,0
26,66	3,27	7,0	5,9	5,0
26,69	3,28	7,0	5,9	5,0
26,71	3,28	7,0	5,9	5,0
26,73	3,29	7,0	5,9	5,0
26,76	3,28	7,0	5,9	5,0
26,78	3,29	7,0	5,9	5,0
26,81	3,30	7,0	5,9	5,0
26,83	3,30	7,0	5,9	5,0
26,86	3,30	7,0	5,9	5,0
26,88	3,30	7,0	5,9	5,0
26,91	3,31	7,0	5,9	5,0
26,93	3,32	7,0	5,9	5,0
26,95	3,32	7,0	5,9	5,0
26,98	3,32	7,0	5,9	5,0
27,00	3,34	7,0	5,9	5,0
27,03	3,33	7,0	5,9	5,0
27,05	3,33	7,0	5,9	5,0
27,08	3,34	7,0	5,9	5,0
27,10	3,35	7,0	5,9	5,0
27,13	3,35	7,0	5,9	5,0
27,15	3,34	7,0	5,9	5,0
27,17	3,36	7,0	5,9	5,0
27,20	3,36	7,0	5,9	5,0
27,22	3,37	7,0	5,9	5,0
27,25	3,37	7,0	5,9	5,0
27,27	3,36	7,0	5,9	5,0
27,30	3,37	7,0	5,9	5,0
27,32	3,38	7,0	5,9	5,0
27,35	3,38	7,0	5,9	5,0
27,37	3,37	7,0	5,9	5,0
27,39	3,38	7,0	5,9	5,0
27,42	3,39	7,0	5,9	5,0
27,44	3,39	7,0	5,9	5,0
27,47	3,39	7,0	5,9	5,0
27,49	3,39	7,0	5,9	5,0
27,52	3,40	7,0	5,9	5,0
27,54	3,40	7,0	5,9	5,0
27,57	3,39	7,0	5,9	5,0
27,59	3,40	7,0	5,9	5,0
27,61	3,41	7,0	5,9	5,0
27,64	3,41	7,0	5,9	5,0
27,66	3,40	7,0	5,9	5,0
27,69	3,41	7,0	5,9	5,0
27,71	3,42	7,0	5,9	5,0
27,74	3,42	7,0	5,9	5,0
27,76	3,42	7,0	5,9	5,0
27,78	3,42	7,0	5,9	5,0
27,81	3,43	7,0	5,9	5,0
27,83	3,42	7,0	5,9	5,0
27,86	3,42	7,0	5,9	5,0
27,88	3,43	7,0	5,9	5,0
27,91	3,44	7,0	5,9	5,0
27,93	3,43	7,0	5,9	5,0
27,96	3,43	7,0	5,9	5,0
27,98	3,44	7,0	5,9	5,0
28,00	3,45	7,0	5,9	5,0
28,03	3,44	7,0	5,9	5,0
28,05	3,43	7,0	5,9	5,0
28,08	3,45	7,0	5,9	5,0
28,10	3,45	7,0	5,9	5,0
28,13	3,45	7,0	5,9	5,0
28,15	3,45	7,0	5,9	5,0
28,18	3,45	7,0	5,9	5,0
28,20	3,46	7,0	5,9	5,0
28,22	3,45	7,0	5,9	5,0
28,25	3,45	7,0	5,9	5,0
28,27	3,46	7,0	5,9	5,0
28,30	3,46	7,0	5,9	5,0
28,32	3,45	7,0	5,9	5,0
28,35	3,45	7,0	5,9	5,0
28,37	3,46	7,0	5,9	5,0
28,40	3,47	7,0	5,9	5,0
28,42	3,46	7,0	5,9	5,0
28,44	3,46	7,0	5,9	5,0
28,47	3,47	7,0	5,9	5,0
28,49	3,47	7,0	5,9	5,0
28,52	3,46	7,0	5,9	5,0
28,54	3,46	7,0	5,9	5,0
28,57	3,46	7,0	5,9	5,0
28,59	3,47	7,0	5,9	5,0
28,62	3,46	7,0	5,9	5,0
28,64	3,46	7,0	5,9	5,0
28,66	3,47	7,0	5,9	5,0
28,69	3,47	7,0	5,9	5,0
28,71	3,46	7,0	5,9	5,0
28,74	3,46	7,0	5,9	5,0
28,76	3,47	7,0	5,9	5,0
28,79	3,47	7,0	5,9	5,0
28,81	3,46	7,0	5,9	5,0
28,84	3,46	7,0	5,9	5,0
28,86	3,47	7,0	5,9	5,0
28,88	3,47	7,0	5,9	5,0
28,91	3,46	7,0	5,9	5,0
28,93	3,46	7,0	5,9	5,0
28,96	3,47	7,0	5,9	5,0
28,98	3,47	7,0	5,9	5,0
29,01	3,47	7,0	5,9	5,0
29,03	3,47	7,0	5,9	5,0
29,05	3,46	7,0	5,9	5,0
29,08	3,47	7,0	5,9	5,0
29,10	3,47	7,0	5,9	5,0
29,13	3,46	7,0	5,9	5,0
29,15	3,46	7,0	5,9	5,0
29,18	3,47	7,0	5,9	5,0
29,20	3,47	7,0	5,9	5,0
29,23	3,46	7,0	5,9	5,0
29,25	3,45	7,0	5,9	5,0
29,27	3,46	7,0	5,9	5,0
29,30	3,46	7,0	5,9	5,0
29,32	3,45	7,0	5,9	5,0
29,35	3,45	7,0	5,9	5,0
29,37	3,46	7,0	5,9	5,0
29,40	3,46	7,0	5,9	5,0
29,42	3,45	7,0	5,9	5,0
29,45	3,45	7,0	5,9	5,0
29,47	3,45	7,0	5,9	5,0
29,49	3,45	7,0	5,9	5,0
29,52	3,44	7,0	5,9	5,0
29,54	3,44	7,0	5,9	5,0
29,57	3,45	7,0	5,9	5,0
29,59	3,45	7,0	5,9	5,0
29,62	3,44	7,0	5,9	5,0
29,64	3,44	7,0	5,9	5,0
29,67	3,43	7,0	5,9	5,0
29,69	3,43	7,0	5,9	5,0
29,71	3,43	7,0	5,9	5,0
29,74	3,42	7,0	5,9	5,0
29,76	3,41	7,0	5,9	5,0
29,79	3,42	7,0	5,9	5,0
29,81	3,42	7,0	5,9	5,0
29,84	3,40	7,0	5,9	5,0
29,86	3,40	7,0	5,9	5,0
29,89	3,40	7,0	5,9	5,0
29,91	3,40	7,0	5,9	5,0
29,93	3,39	7,0	5,9	5,0
29,96	3,38	7,0	5,9	5,0
29,98	3,38	7,0	5,9	5,0
30,01	3,38	7,0	5,9	5,0
30,03	3,36	7,0	5,9	5,0
30,06	3,35	7,0	5,9	5,0
30,08	3,35	7,0	5,9	5,0
30,10	3,34	7,0	5,9	5,0
30,13	3,32	7,0	5,9	5,0
30,15	3,31	7,0	5,9	5,0
30,18	3,31	7,0	5,9	5,0
30,20	3,29	7,0	5,9	5,0
30,23	3,27	7,0	5,9	5,0
30,25	3,25	7,0	5,9	5,0
30,28	3,25	7,0	5,9	5,0
30,30	3,24	7,0	5,9	5,0
30,32	3,22	7,0	5,9	5,0
30,35	3,20	7,0	5,9	5,0
30,37	3,19	7,0	5,9	5,0
30,40	3,17	7,0	5,9	5,0
30,42	3,15	7,0	5,9	5,0
30,45	3,13	7,0	5,9	5,0
30,47	3,11	7,0	5,9	5,0
30,50	3,10	7,0	5,9	5,0
30,52	3,06	7,0	5,9	5,0
30,54	3,04	7,0	5,9	5,0
30,57	3,03	7,0	5,9	5,0
30,59	3,01	7,0	5,9	5,0
30,62	2,98	7,0	5,9	5,0
30,64	2,96	7,0	5,9	5,0
30,67	2,94	7,0	5,9	5,0
30,69	2,91	7,0	5,9	5,0
30,72	2,88	7,0	5,9	5,0
30,74	2,85	7,0	5,9	5,0
30,76	2,84	7,0	5,9	5,0
30,79	2,81	7,0	5,9	5,0
30,81	2,78	7,0	5,9	5,0
30,84	2,75	7,0	5,9	5,0
30,86	2,74	7,0	5,9	5,0
30,89	2,71	7,0	5,9	5,0
30,91	2,67	7,0	5,9	5,0
30,94	2,64	7,0	5,9	5,0
30,96	2,62	7,0	5,9	5,0
30,98	2,59	7,0	5,9	5,0
31,01	2,56	7,0	5,9	5,0
31,03	2,53	7,0	5,9	5,0
31,06	2,51	7,0	5,9	5,0
31,08	2,47	7,0	5,9	5,0
31,11	2,44	7,0	5,9	5,0
31,13	2,42	7,0	5,9	5,0
31,15	2,39	7,0	5,9	5,0
31,18	2,35	7,0	5,9	5,0
31,20	2,31	7,0	5,9	5,0
31,23	2,29	7,0	5,9	5,0
31,25	2,26	7,0	5,9	5,0
31,28	2,23	7,0	5,9	5,0
31,30	2,19	7,0	5,9	5,0
31,33	2,16	7,0	5,9	5,0
31,35	2,14	7,0	5,9	5,0
31,37	2,10	7,0	5,9	5,0
31,40	2,06	7,0	5,9	5,0
31,42	2,04	7,0	5,9	5,0
31,45	2,01	7,0	5,9	5,0
31,47	1,98	7,0	5,9	5,0
31,50	1,96	7,0	5,9	5,0
31,52	1,92	7,0	5,9	5,0
31,55	1,88	7,0	5,9	5,0
31,57	1,86	7,0	5,9	5,0
31,59	1,83	7,0	5,9	5,0
31,62	1,79	7,0	5,9	5,0
31,64	1,76	7,0	5,9	5,0
31,67	1,72	7,0	5,9	5,0
31,69	1,69	7,0	5,9	5,0
31,72	1,65	7,0	5,9	5,0
31,74	1,62	7,0	5,9	5,0
31,77	1,60	7,0	5,9	5,0
31,79	1,56	7,0	5,9	5,0
31,81	1,53	7,0	5,9	5,0
31,84	1,50	7,0	5,9	5,0
31,86	1,47	7,0	5,9	5,0
31,89	1,44	7,0	5,9	5,0
31,91	1,39	7,0	5,9	5,0
31,94	1,36	7,0	5,9	5,0
31,96	1,34	7,0	5,9	5,0
31,99	1,30	7,0	5,9	5,0
32,01	1,26	7,0	5,9	5,0
32,03	1,23	7,0	5,9	5,0
32,06	1,21	7,0	5,9	5,0
32,08	1,17	7,0	5,9	5,0
32,11	1,13	7,0	5,9	5,0
32,13	1,09	7,0	5,9	5,0
32,16	1,06	7,0	5,9	5,0
32,18	1,03	7,0	5,9	5,0
32,20	1,00	7,0	5,9	5,0
32,23	0,96	7,0	5,9	5,0
32,25	0,93	7,0	5,9	5,0
32,28	0,90	7,0	5,9	5,0
32,30	0,87	7,0	5,9	5,0
32,33	0,83	7,0	5,9	5,0
32,35	0,80	7,0	5,9	5,0
32,38	0,77	7,0	5,9	5,0
32,40	0,74	7,0	5,9	5,0
32,42	0,70	7,0	5,9	5,0
32,45	0,66	7,0	5,9	5,0
32,47	0,64	7,0	5,9	5,0
32,50	0,61	7,0	5,9	5,0
32,52	0,57	7,0	5,9	5,0
32,55	0,54	7,0	5,9	5,0
32,57	0,52	7,0	5,9	5,0
32,60	0,49	7,0	5,9	5,0
32,62	0,45	7,0	5,9	5,0
32,64	0,42	7,0	5,9	5,0
32,67	0,39	7,0	5,9	5,0
32,69	0,37	7,0	5,9	5,0
32,72	0,34	7,0	5,9	5,0
32,74	0,31	7,0	5,9	5,0
32,77	0,29	7,0	5,9	5,0
32,79	0,27	7,0	5,9	5,0
32,82	0,24	7,0	5,9	5,0
32,84	0,21	7,0	5,9	5,0
32,86	0,20	7,0	5,9	5,0
32,89	0,18	7,0	5,9	5,0
32,91	0,15	7,0	5,9	5,0
32,94	0,13	7,0	5,9	5,0
32,96	0,12	7,0	5,9	5,0
32,99	0,11	7,0	5,9	5,0
33,01	0,09	7,0	5,9	5,0
33,04	0,08	7,0	5,9	5,0
33,06	0,08	7,0	5,9	5,0
33,08	0,07	7,0	5,9	5,0
33,11	0,05	7,0	5,9	5,0
33,13	0,04	7,0	5,9	5,0
33,16	0,04	7,0	5,9	5,0
33,18	0,04	7,0	5,9	5,0
33,21	0,03	7,0	5,9	5,0
33,23	0,02	7,0	5,9	5,0
33,26	0,02	7,0	5,9	5,0
33,28	0,02	7,0	5,9	5,0
33,30	0,01	7,0	5,9	5,0
33,33	0,01	7,0	5,9	5,0
33,35	0,01	7,0	5,9	5,0
33,38	0,01	7,0	5,9	5,0
33,40	0,01	7,0	5,9	5,0
33,43	0,01	7,0	5,9	5,0
33,45	0,01	7,0	5,9	5,0
33,47	0,01	7,0	5,9	5,0
33,50	0,01	7,0	5,9	5,0
33,52	0,01	7,0	5,9	5,0
33,55	0,01	7,0	5,9	5,0
33,57	0,01	7,0	5,9	5,0
33,60	0,01	7,0	5,9	5,0
33,62	0,01	7,0	5,9	5,0
33,65	0,01	7,0	5,9	5,0
33,67	0,01	7,0	5,9	5,0
33,69	0,01	7,0	5,9	5,0
33,72	0,01	7,0	5,9	5,0
33,74	0,01	7,0	5,9	5,0
33,77	0,01	7,0	5,9	5,0
33,79	0,01	7,0	5,9	5,0
33,82	0,01	7,0	5,9	5,0
33,84	0,01	7,0	5,9	5,0
33,87	0,01	7,0	5,9	5,0
33,89	0,01	7,0	5,9	5,0
33,91	0,01	7,0	5,9	5,0
33,94	0,01	7,0	5,9	5,0
33,96	0,01	7,0	5,9	5,0
33,99	0,01	7,0	5,9	5,0
34,01	0,01	7,0	5,9	5,0
34,04	0,01	7,0	5,9	5,0
34,06	0,01	7,0	5,9	5,0
34,09	0,01	7,0	5,9	5,0
34,11	0,01	7,0	5,9	5,0
34,13	0,01	7,0	5,9	5,0
34,16	0,01	7,0	5,9	5,0
34,18	0,01	7,0	5,9	5,0
34,21	0,01	7,0	5,9	5,0
34,23	0,01	7,0	5,9	5,0
34,26	0,01	7,0	5,9	5,0
34,28	0,01	7,0	5,9	5,0
34,31	0,01	7,0	5,9	5,0
34,33	0,01	7,0	5,9	5,0
34,35	0,01	7,0	5,9	5,0
34,38	0,01	7,0	5,9	5,0
34,40	0,01	7,0	5,9	5,0
34,43	0,01	7,0	5,9	5,0
34,45	0,01	7,0	5,9	5,0
34,48	0,01	7,0	5,9	5,0
34,50	0,01	7,0	5,9	5,0
34,52	0,01	7,0	5,9	5,0
34,55	0,01	7,0	5,9	5,0
34,57	0,01	7,0	5,9	5,0
34,60	0,01	7,0	5,9	5,0
34,62	0,01	7,0	5,9	5,0
34,65	0,01	7,0	5,9	5,0
34,67	0,01	7,0	5,9	5,0
34,70	0,01	7,0	5,9	5,0
34,72	0,01	7,0	5,9	5,0
34,74	0,01	7,0	5,9	5,0
34,77	0,01	7,0	5,9	5,0
34,79	0,01	7,0	5,9	5,0
34,82	0,01	7,0	5,9	5,0
34,84	0,01	7,0	5,9	5,0
34,87	0,01	7,0	5,9	5,0
34,89	0,01	7,0	5,9	5,0
34,92	0,01	7,0	5,9	5,0
34,94	0,01	7,0	5,9	5,0
34,96	0,01	7,0	5,9	5,0
34,99	0,01	7,0	5,9	5,0
35,01	0,01	7,0	5,9	5,0
35,04	0,01	7,0	5,9	5,0
35,06	0,01	7,0	5,9	5,0
35,09	0,01	7,0	5,9	5,0
35,11	0,01	7,0	5,9	5,0
35,14	0,01	7,0	5,9	5,0
35,16	0,01	7,0	5,9	5,0
35,18	0,01	7,0	5,9	5,0
35,21	0,01	7,0	5,9	5,0
35,23	0,01	7,0	5,9	5,0
35,26	0,01	7,0	5,9	5,0
35,28	0,01	7,0	5,9	5,0
35,31	0,01	7,0	5,9	5,0
35,33	0,01	7,0	5,9	5,0
35,36	0,01	7,0	5,9	5,0
35,38	0,01	7,0	5,9	5,0
35,40	0,01	7,0	5,9	5,0
35,43	0,01	7,0	5,9	5,0
35,45	0,01	7,0	5,9	5,0
35,48	0,01	7,0	5,9	5,0
35,50	0,01	7,0	5,9	5,0
35,53	0,01	7,0	5,9	5,0
35,55	0,01	7,0	5,9	5,0
35,57	0,01	7,0	5,9	5,0
35,60	0,01	7,0	5,9	5,0
35,62	0,01	7,0	5,9	5,0
35,65	0,01	7,0	5,9	5,0
35,67	0,01	7,0	5,9	5,0
35,70	0,01	7,0	5,9	5,0
35,72	0,01	7,0	5,9	5,0
35,75	0,01	7,0	5,9	5,0
35,77	0,01	7,0	5,9	5,0
35,79	0,01	7,0	5,9	5,0
35,82	0,01	7,0	5,9	5,0
35,84	0,01	7,0	5,9	5,0
35,87	0,01	7,0	5,9	5,0
35,89	0,01	7,0	5,9	5,0
35,92	0,01	7,0	5,9	5,0
35,94	0,01	7,0	5,9	5,0
35,97	0,01	7,0	5,9	5,0
35,99	0,01	7,0	5,9	5,0
36,01	0,01	7,0	5,9	5,0
36,04	0,01	7,0	5,9	5,0
36,06	0,01	7,0	5,9	5,0
36,09	0,01	7,0	5,9	5,0
36,11	0,01	7,0	5,9	5,0
36,14	0,01	7,0	5,9	5,0
36,16	0,01	7,0	5,9	5,0
36,19	0,01	7,0	5,9	5,0
36,21	0,01	7,0	5,9	5,0
36,23	0,01	7,0	5,9	5,0
36,26	0,01	7,0	5,9	5,0
36,28	0,01	7,0	5,9	5,0
36,31	0,01	7,0	5,9	5,0
36,33	0,01	7,0	5,9	5,0
36,36	0,01	7,0	5,9	5,0
36,38	0,01	7,0	5,9	5,0
36,41	0,01	7,0	5,9	5,0
36,43	0,01	7,0	5,9	5,0
36,45	0,01	7,0	5,9	5,0
36,48	0,01	7,0	5,9	5,0
36,50	0,01	7,0	5,9	5,0
36,53	0,01	7,0	5,9	5,0
36,55	0,01	7,0	5,9	5,0
36,58	0,01	7,0	5,9	5,0
36,60	0,01	7,0	5,9	5,0
36,62	0,01	7,0	5,9	5,0
36,65	0,01	7,0	5,9	5,0
36,67	0,01	7,0	5,9	5,0
36,70	0,01	7,0	5,9	5,0
36,72	0,01	7,0	5,9	5,0
36,75	0,01	7,0	5,9	5,0
36,77	0,01	7,0	5,9	5,0
36,80	0,01	7,0	5,9	5,0
36,82	0,01	7,0	5,9	5,0
36,84	0,01	7,0	5,9	5,0
36,87	0,01	7,0	5,9	5,0
36,89	0,01	7,0	5,9	5,0
36,92	0,01	7,0	5,9	5,0
36,94	0,01	7,0	5,9	5,0
36,97	0,01	7,0	5,9	5,0
36,99	0,01	7,0	5,9	5,0
37,02	0,01	7,0	5,9	5,0
37,04	0,01	7,0	5,9	5,0
37,06	0,01	7,0	5,9	5,0
37,09	0,01	7,0	5,9	5,0
37,11	0,01	7,0	5,9	5,0
37,14	0,01	7,0	5,9	5,0
37,16	0,01	7,0	5,9	5,0
37,19	0,01	7,0	5,9	5,0
37,21	0,01	7,0	5,9	5,0
37,24	0,01	7,0	5,9	5,0
37,26	0,01	7,0	5,9	5,0
37,28	0,01	7,0	5,9	5,0
37,31	0,01	7,0	5,9	5,0
37,33	0,01	7,0	5,9	5,0
37,36	0,01	7,0	5,9	5,0
37,38	0,01	7,0	5,9	5,0
37,41	0,01	7,0	5,9	5,0
37,43	0,01	7,0	5,9	5,0
37,46	0,01	7,0	5,9	5,0
37,48	0,01	7,0	5,9	5,0
37,50	0,01	7,0	5,9	5,0
37,53	0,01	7,0	5,9	5,0
37,55	0,01	7,0	5,9	5,0
37,58	0,01	7,0	5,9	5,0
37,60	0,01	7,0	5,9	5,0
37,63	0,01	7,0	5,9	5,0
37,65	0,01	7,0	5,9	5,0
37,68	0,01	7,0	5,9	5,0
37,70	0,01	7,0	5,9	5,0
37,72	0,01	7,0	5,9	5,0
37,75	0,01	7,0	5,9	5,0
37,77	0,01	7,0	5,9	5,0
37,80	0,01	7,0	5,9	5,0
37,82	0,01	7,0	5,9	5,0
37,85	0,01	7,0	5,9	5,0
37,87	0,01	7,0	5,9	5,0
37,89	0,01	7,0	5,9	5,0
37,92	0,01	7,0	5,9	5,0
37,94	0,01	7,0	5,9	5,0
37,97	0,01	7,0	5,9	5,0
37,99	0,01	7,0	5,9	5,0
38,02	0,01	7,0	5,9	5,0
38,04	0,01	7,0	5,9	5,0
38,07	0,01	7,0	5,9	5,0
38,09	0,01	7,0	5,9	5,0
38,11	0,01	7,0	5,9	5,0
38,14	0,01	7,0	5,9	5,0
38,16	0,01	7,0	5,9	5,0
38,19	0,01	7,0	5,9	5,0
38,21	0,01	7,0	5,9	5,0
38,24	0,01	7,0	5,9	5,0
38,26	0,01	7,0	5,9	5,0
38,29	0,01	7,0	5,9	5,0
38,31	0,01	7,0	5,9	5,0
38,33	0,01	7,0	5,9	5,0
38,36	0,01	7,0	5,9	5,0
38,38	0,01	7,0	5,9	5,0
38,41	0,01	7,0	5,9	5,0
38,43	0,01	7,0	5,9	5,0
38,46	0,02	7,0	5,9	5,0
38,48	0,03	7,0	5,9	5,0
38,51	0,03	7,0	5,9	5,0
38,53	0,03	7,0	5,9	5,0
38,55	0,04	7,0	5,9	5,0
38,58	0,05	7,0	5,9	5,0
38,60	0,05	7,0	5,9	5,0
38,63	0,05	7,0	5,9	5,0
38,65	0,07	7,0	5,9	5,0
38,68	0,09	7,0	5,9	5,0
38,70	0,09	7,0	5,9	5,0
38,73	0,09	7,0	5,9	5,0
38,75	0,11	7,0	5,9	5,0
38,77	0,12	7,0	5,9	5,0
38,80	0,13	7,0	5,9	5,0
38,82	0,15	7,0	5,9	5,0
38,85	0,17	7,0	5,9	5,0
38,87	0,18	7,0	5,9	5,0
38,90	0,20	7,0	5,9	5,0
38,92	0,22	7,0	5,9	5,0
38,94	0,25	7,0	5,9	5,0
38,97	0,27	7,0	5,9	5,0
38,99	0,28	7,0	5,9	5,0
39,02	0,32	7,0	5,9	5,0
39,04	0,34	7,0	5,9	5,0
39,07	0,36	7,0	5,9	5,0
39,09	0,38	7,0	5,9	5,0
39,12	0,41	7,0	5,9	5,0
39,14	0,44	7,0	5,9	5,0
39,16	0,46	7,0	5,9	5,0
39,19	0,49	7,0	5,9	5,0
39,21	0,53	7,0	5,9	5,0
39,24	0,55	7,0	5,9	5,0
39,26	0,57	7,0	5,9	5,0
39,29	0,61	7,0	5,9	5,0
39,31	0,64	7,0	5,9	5,0
39,34	0,67	7,0	5,9	5,0
39,36	0,70	7,0	5,9	5,0
39,38	0,74	7,0	5,9	5,0
39,41	0,77	7,0	5,9	5,0
39,43	0,81	7,0	5,9	5,0
39,46	0,84	7,0	5,9	5,0
39,48	0,86	7,0	5,9	5,0
39,51	0,90	7,0	5,9	5,0
39,53	0,94	7,0	5,9	5,0
39,56	0,97	7,0	5,9	5,0
39,58	0,99	7,0	5,9	5,0
39,60	1,03	7,0	5,9	5,0
39,63	1,06	7,0	5,9	5,0
39,65	1,09	7,0	5,9	5,0
39,68	1,12	7,0	5,9	5,0
39,70	1,16	7,0	5,9	5,0
39,73	1,20	7,0	5,9	5,0
39,75	1,22	7,0	5,9	5,0
39,78	1,25	7,0	5,9	5,0
39,80	1,29	7,0	5,9	5,0
39,82	1,32	7,0	5,9	5,0
39,85	1,35	7,0	5,9	5,0
39,87	1,37	7,0	5,9	5,0
39,90	1,41	7,0	5,9	5,0
39,92	1,45	7,0	5,9	5,0
39,95	1,48	7,0	5,9	5,0
39,97	1,50	7,0	5,9	5,0
39,99	1,54	7,0	5,9	5,0
40,02	1,58	7,0	5,9	5,0
40,04	1,60	7,0	5,9	5,0
40,07	1,63	7,0	5,9	5,0
40,09	1,67	7,0	5,9	5,0
40,12	1,70	7,0	5,9	5,0
40,14	1,72	7,0	5,9	5,0
40,17	1,76	7,0	5,9	5,0
40,19	1,80	7,0	5,9	5,0
40,21	1,83	7,0	5,9	5,0
40,24	1,85	7,0	5,9	5,0
40,26	1,88	7,0	5,9	5,0
40,29	1,93	7,0	5,9	5,0
40,31	1,96	7,0	5,9	5,0
40,34	1,97	7,0	5,9	5,0
40,36	2,01	7,0	5,9	5,0
40,39	2,05	7,0	5,9	5,0
40,41	2,08	7,0	5,9	5,0
40,43	2,10	7,0	5,9	5,0
40,46	2,13	7,0	5,9	5,0
40,48	2,18	7,0	5,9	5,0
40,51	2,21	7,0	5,9	5,0
40,53	2,23	7,0	5,9	5,0
40,56	2,26	7,0	5,9	5,0
40,58	2,30	7,0	5,9	5,0
40,61	2,33	7,0	5,9	5,0
40,63	2,36	7,0	5,9	5,0
40,65	2,39	7,0	5,9	5,0
40,68	2,43	7,0	5,9	5,0
40,70	2,47	7,0	5,9	5,0
40,73	2,49	7,0	5,9	5,0
40,75	2,52	7,0	5,9	5,0
40,78	2,56	7,0	5,9	5,0
40,80	2,59	7,0	5,9	5,0
40,83	2,61	7,0	5,9	5,0
40,85	2,64	7,0	5,9	5,0
40,87	2,68	7,0	5,9	5,0
40,90	2,71	7,0	5,9	5,0
40,92	2,74	7,0	5,9	5,0
40,95	2,77	7,0	5,9	5,0
40,97	2,81	7,0	5,9	5,0
41,00	2,84	7,0	5,9	5,0
41,02	2,86	7,0	5,9	5,0
41,05	2,89	7,0	5,9	5,0
41,07	2,93	7,0	5,9	5,0
41,09	2,96	7,0	5,9	5,0
41,12	2,98	7,0	5,9	5,0
41,14	3,01	7,0	5,9	5,0
41,17	3,05	7,0	5,9	5,0
41,19	3,08	7,0	5,9	5,0
41,22	3,11	7,0	5,9	5,0
41,24	3,14	7,0	5,9	5,0
41,26	3,16	7,0	5,9	5,0
41,29	3,20	7,0	5,9	5,0
41,31	3,23	7,0	5,9	5,0
41,34	3,25	7,0	5,9	5,0
41,36	3,28	7,0	5,9	5,0
41,39	3,32	7,0	5,9	5,0
41,41	3,35	7,0	5,9	5,0
41,44	3,37	7,0	5,9	5,0
41,46	3,40	7,0	5,9	5,0
41,48	3,44	7,0	5,9	5,0
41,51	3,47	7,0	5,9	5,0
41,53	3,48	7,0	5,9	5,0
41,56	3,51	7,0	5,9	5,0
41,58	3,55	7,0	5,9	5,0
41,61	3,58	7,0	5,9	5,0
41,63	3,60	7,0	5,9	5,0
41,66	3,63	7,0	5,9	5,0
41,68	3,66	7,0	5,9	5,0
41,70	3,70	7,0	5,9	5,0
41,73	3,71	7,0	5,9	5,0
41,75	3,74	7,0	5,9	5,0
41,78	3,78	7,0	5,9	5,0
41,80	3,81	7,0	5,9	5,0
41,83	3,83	7,0	5,9	5,0
41,85	3,86	7,0	5,9	5,0
41,88	3,89	7,0	5,9	5,0
41,90	3,93	7,0	5,9	5,0
41,92	3,96	7,0	5,9	5,0
41,95	3,97	7,0	5,9	5,0
41,97	4,00	7,0	5,9	5,0
42,00	4,04	7,0	5,9	5,0
42,02	4,06	7,0	5,9	5,0
42,05	4,08	7,0	5,9	5,0
42,07	4,11	7,0	5,9	5,0
42,10	4,14	7,0	5,9	5,0
42,12	4,17	7,0	5,9	5,0
42,14	4,19	7,0	5,9	5,0
42,17	4,21	7,0	5,9	5,0
42,19	4,25	7,0	5,9	5,0
42,22	4,28	7,0	5,9	5,0
42,24	4,29	7,0	5,9	5,0
42,27	4,32	7,0	5,9	5,0
42,29	4,36	7,0	5,9	5,0
42,31	4,38	7,0	5,9	5,0
42,34	4,40	7,0	5,9	5,0
42,36	4,43	7,0	5,9	5,0
42,39	4,47	7,0	5,9	5,0
42,41	4,49	7,0	5,9	5,0
42,44	4,51	7,0	5,9	5,0
42,46	4,53	7,0	5,9	5,0
42,49	4,57	7,0	5,9	5,0
42,51	4,59	7,0	5,9	5,0
42,53	4,60	7,0	5,9	5,0
42,56	4,62	7,0	5,9	5,0
42,58	4,67	7,0	5,9	5,0
42,61	4,69	7,0	5,9	5,0
42,63	4,70	7,0	5,9	5,0
42,66	4,73	7,0	5,9	5,0
42,68	4,76	7,0	5,9	5,0
42,71	4,78	7,0	5,9	5,0
42,73	4,80	7,0	5,9	5,0
42,75	4,82	7,0	5,9	5,0
42,78	4,86	7,0	5,9	5,0
42,80	4,87	7,0	5,9	5,0
42,83	4,89	7,0	5,9	5,0
42,85	4,92	7,0	5,9	5,0
42,88	4,95	7,0	5,9	5,0
42,90	4,97	7,0	5,9	5,0
42,93	4,98	7,0	5,9	5,0
42,95	5,01	7,0	5,9	5,0
42,97	5,04	7,0	5,9	5,0
43,00	5,05	7,0	5,9	5,0
43,02	5,07	7,0	5,9	5,0
43,05	5,09	7,0	5,9	5,0
43,07	5,12	7,0	5,9	5,0
43,10	5,14	7,0	5,9	5,0
43,12	5,16	7,0	5,9	5,0
43,15	5,18	7,0	5,9	5,0
43,17	5,21	7,0	5,9	5,0
43,19	5,23	7,0	5,9	5,0
43,22	5,24	7,0	5,9	5,0
43,24	5,27	7,0	5,9	5,0
43,27	5,29	7,0	5,9	5,0
43,29	5,31	7,0	5,9	5,0
43,32	5,33	7,0	5,9	5,0
43,34	5,36	7,0	5,9	5,0
43,36	5,38	7,0	5,9	5,0
43,39	5,39	7,0	5,9	5,0
43,41	5,42	7,0	5,9	5,0
43,44	5,44	7,0	5,9	5,0
43,46	5,46	7,0	5,9	5,0
43,49	5,48	7,0	5,9	5,0
43,51	5,49	7,0	5,9	5,0
43,54	5,52	7,0	5,9	5,0
43,56	5,55	7,0	5,9	5,0
43,58	5,56	7,0	5,9	5,0
43,61	5,58	7,0	5,9	5,0
43,63	5,61	7,0	5,9	5,0
43,66	5,63	7,0	5,9	5,0
43,68	5,65	7,0	5,9	5,0
43,71	5,67	7,0	5,9	5,0
43,73	5,68	7,0	5,9	5,0
43,76	5,71	7,0	5,9	5,0
43,78	5,73	7,0	5,9	5,0
43,80	5,75	7,0	5,9	5,0
43,83	5,76	7,0	5,9	5,0
43,85	5,79	7,0	5,9	5,0
43,88	5,81	7,0	5,9	5,0
43,90	5,82	7,0	5,9	5,0
43,93	5,84	7,0	5,9	5,0
43,95	5,85	7,0	5,9	5,0
43,98	5,88	7,0	5,9	5,0
44,00	5,89	7,0	5,9	5,0
44,02	5,91	7,0	5,9	5,0
44,05	5,93	7,0	5,9	5,0
44,07	5,95	7,0	5,9	5,0
44,10	5,96	7,0	5,9	5,0
44,12	5,98	7,0	5,9	5,0
44,15	6,00	7,0	5,9	5,0
44,17	6,02	7,0	5,9	5,0
44,20	6,03	7,0	5,9	5,0
44,22	6,04	7,0	5,9	5,0
44,24	6,06	7,0	5,9	5,0
44,27	6,08	7,0	5,9	5,0
44,29	6,09	7,0	5,9	5,0
44,32	6,11	7,0	5,9	5,0
44,34	6,11	7,0	5,9	5,0
44,37	6,13	7,0	5,9	5,0
44,39	6,16	7,0	5,9	5,0
44,41	6,17	7,0	5,9	5,0
44,44	6,17	7,0	5,9	5,0
44,46	6,19	7,0	5,9	5,0
44,49	6,22	7,0	5,9	5,0
44,51	6,23	7,0	5,9	5,0
44,54	6,23	7,0	5,9	5,0
44,56	6,26	7,0	5,9	5,0
44,59	6,28	7,0	5,9	5,0
44,61	6,29	7,0	5,9	5,0
44,63	6,29	7,0	5,9	5,0
44,66	6,31	7,0	5,9	5,0
44,68	6,33	7,0	5,9	5,0
44,71	6,34	7,0	5,9	5,0
44,73	6,35	7,0	5,9	5,0
44,76	6,37	7,0	5,9	5,0
44,78	6,39	7,0	5,9	5,0
44,81	6,40	7,0	5,9	5,0
44,83	6,40	7,0	5,9	5,0
44,85	6,42	7,0	5,9	5,0
44,88	6,44	7,0	5,9	5,0
44,90	6,44	7,0	5,9	5,0
44,93	6,45	7,0	5,9	5,0
44,95	6,47	7,0	5,9	5,0
44,98	6,49	7,0	5,9	5,0
45,00	6,50	7,0	5,9	5,0
45,03	6,51	7,0	5,9	5,0
45,05	6,53	7,0	5,9	5,0
45,07	6,54	7,0	5,9	5,0
45,10	6,54	7,0	5,9	5,0
45,12	6,55	7,0	5,9	5,0
45,15	6,57	7,0	5,9	5,0
45,17	6,58	7,0	5,9	5,0
45,20	6,58	7,0	5,9	5,0
45,22	6,59	7,0	5,9	5,0
45,25	6,61	7,0	5,9	5,0
45,27	6,63	7,0	5,9	5,0
45,29	6,63	7,0	5,9	5,0
45,32	6,64	7,0	5,9	5,0
45,34	6,65	7,0	5,9	5,0
45,37	6,66	7,0	5,9	5,0
45,39	6,66	7,0	5,9	5,0
45,42	6,67	7,0	5,9	5,0
45,44	6,69	7,0	5,9	5,0
45,47	6,70	7,0	5,9	5,0
45,49	6,70	7,0	5,9	5,0
45,51	6,71	7,0	5,9	5,0
45,54	6,73	7,0	5,9	5,0
45,56	6,74	7,0	5,9	5,0
45,59	6,74	7,0	5,9	5,0
45,61	6,75	7,0	5,9	5,0
45,64	6,76	7,0	5,9	5,0
45,66	6,77	7,0	5,9	5,0
45,68	6,77	7,0	5,9	5,0
45,71	6,78	7,0	5,9	5,0
45,73	6,80	7,0	5,9	5,0
45,76	6,81	7,0	5,9	5,0
45,78	6,81	7,0	5,9	5,0
45,81	6,81	7,0	5,9	5,0
45,83	6,83	7,0	5,9	5,0
45,86	6,84	7,0	5,9	5,0
45,88	6,83	7,0	5,9	5,0
45,90	6,84	7,0	5,9	5,0
45,93	6,85	7,0	5,9	5,0
45,95	6,86	7,0	5,9	5,0
45,98	6,86	7,0	5,9	5,0
46,00	6,86	7,0	5,9	5,0
46,03	6,88	7,0	5,9	5,0
46,05	6,88	7,0	5,9	5,0
46,08	6,88	7,0	5,9	5,0
46,10	6,89	7,0	5,9	5,0
46,12	6,89	7,0	5,9	5,0
46,15	6,90	7,0	5,9	5,0
46,17	6,90	7,0	5,9	5,0
46,20	6,91	7,0	5,9	5,0
46,22	6,92	7,0	5,9	5,0
46,25	6,92	7,0	5,9	5,0
46,27	6,93	7,0	5,9	5,0
46,30	6,93	7,0	5,9	5,0
46,32	6,93	7,0	5,9	5,0
46,34	6,94	7,0	5,9	5,0
46,37	6,94	7,0	5,9	5,0
46,39	6,94	7,0	5,9	5,0
46,42	6,94	7,0	5,9	5,0
46,44	6,95	7,0	5,9	5,0
46,47	6,95	7,0	5,9	5,0
46,49	6,95	7,0	5,9	5,0
46,52	6,96	7,0	5,9	5,0
46,54	6,97	7,0	5,9	5,0
46,56	6,97	7,0	5,9	5,0
46,59	6,96	7,0	5,9	5,0
46,61	6,97	7,0	5,9	5,0
46,64	6,97	7,0	5,9	5,0
46,66	6,97	7,0	5,9	5,0
46,69	6,96	7,0	5,9	5,0
46,71	6,97	7,0	5,9	5,0
46,73	6,97	7,0	5,9	5,0
46,76	6,97	7,0	5,9	5,0
46,78	6,98	7,0	5,9	5,0
46,81	6,96	7,0	5,9	5,0
46,83	6,96	7,0	5,9	5,0
46,86	6,96	7,0	5,9	5,0
46,88	6,96	7,0	5,9	5,0
46,91	6,95	7,0	5,9	5,0
46,93	6,94	7,0	5,9	5,0
46,95	6,95	7,0	5,9	5,0
46,98	6,94	7,0	5,9	5,0
47,00	6,93	7,0	5,9	5,0
47,03	6,92	7,0	5,9	5,0
47,05	6,92	7,0	5,9	5,0
47,08	6,90	7,0	5,9	5,0
47,10	6,89	7,0	5,9	5,0
47,13	6,87	7,0	5,9	5,0
47,15	6,87	7,0	5,9	5,0
47,17	6,86	7,0	5,9	5,0
47,20	6,84	7,0	5,9	5,0
47,22	6,83	7,0	5,9	5,0
47,25	6,82	7,0	5,9	5,0
47,27	6,80	7,0	5,9	5,0
47,30	6,78	7,0	5,9	5,0
47,32	6,76	7,0	5,9	5,0
47,35	6,76	7,0	5,9	5,0
47,37	6,74	7,0	5,9	5,0
47,39	6,71	7,0	5,9	5,0
47,42	6,70	7,0	5,9	5,0
47,44	6,69	7,0	5,9	5,0
47,47	6,67	7,0	5,9	5,0
47,49	6,64	7,0	5,9	5,0
47,52	6,62	7,0	5,9	5,0
47,54	6,61	7,0	5,9	5,0
47,57	6,58	7,0	5,9	5,0
47,59	6,54	7,0	5,9	5,0
47,61	6,53	7,0	5,9	5,0
47,64	6,51	7,0	5,9	5,0
47,66	6,49	7,0	5,9	5,0
47,69	6,45	7,0	5,9	5,0
47,71	6,43	7,0	5,9	5,0
47,74	6,42	7,0	5,9	5,0
47,76	6,39	7,0	5,9	5,0
47,78	6,35	7,0	5,9	5,0
47,81	6,33	7,0	5,9	5,0
47,83	6,31	7,0	5,9	5,0
47,86	6,28	7,0	5,9	5,0
47,88	6,25	7,0	5,9	5,0
47,91	6,23	7,0	5,9	5,0
47,93	6,21	7,0	5,9	5,0
47,96	6,18	7,0	5,9	5,0
47,98	6,14	7,0	5,9	5,0
48,00	6,12	7,0	5,9	5,0
48,03	6,10	7,0	5,9	5,0
48,05	6,07	7,0	5,9	5,0
48,08	6,04	7,0	5,9	5,0
48,10	6,02	7,0	5,9	5,0
48,13	6,00	7,0	5,9	5,0
48,15	5,97	7,0	5,9	5,0
48,18	5,93	7,0	5,9	5,0
48,20	5,91	7,0	5,9	5,0
48,22	5,89	7,0	5,9	5,0
48,25	5,85	7,0	5,9	5,0
48,27	5,81	7,0	5,9	5,0
48,30	5,79	7,0	5,9	5,0
48,32	5,77	7,0	5,9	5,0
48,35	5,73	7,0	5,9	5,0
48,37	5,69	7,0	5,9	5,0
48,40	5,67	7,0	5,9	5,0
48,42	5,64	7,0	5,9	5,0
48,44	5,60	7,0	5,9	5,0
48,47	5,57	7,0	5,9	5,0
48,49	5,54	7,0	5,9	5,0
48,52	5,52	7,0	5,9	5,0
48,54	5,48	7,0	5,9	5,0
48,57	5,44	7,0	5,9	5,0
48,59	5,40	7,0	5,9	5,0
48,62	5,37	7,0	5,9	5,0
48,64	5,34	7,0	5,9	5,0
48,66	5,31	7,0	5,9	5,0
48,69	5,27	7,0	5,9	5,0
48,71	5,23	7,0	5,9	5,0
48,74	5,20	7,0	5,9	5,0
48,76	5,16	7,0	5,9	5,0
48,79	5,12	7,0	5,9	5,0
48,81	5,09	7,0	5,9	5,0
48,84	5,06	7,0	5,9	5,0
48,86	5,01	7,0	5,9	5,0
48,88	4,97	7,0	5,9	5,0
48,91	4,94	7,0	5,9	5,0
48,93	4,91	7,0	5,9	5,0
48,96	4,87	7,0	5,9	5,0
48,98	4,82	7,0	5,9	5,0
49,01	4,79	7,0	5,9	5,0
49,03	4,75	7,0	5,9	5,0
49,05	4,71	7,0	5,9	5,0
49,08	4,67	7,0	5,9	5,0
49,10	4,63	7,0	5,9	5,0
49,13	4,60	7,0	5,9	5,0
49,15	4,56	7,0	5,9	5,0
49,18	4,51	7,0	5,9	5,0
49,20	4,47	7,0	5,9	5,0
49,23	4,43	7,0	5,9	5,0
49,25	4,40	7,0	5,9	5,0
49,27	4,36	7,0	5,9	5,0
49,30	4,30	7,0	5,9	5,0
49,32	4,26	7,0	5,9	5,0
49,35	4,23	7,0	5,9	5,0
49,37	4,18	7,0	5,9	5,0
49,40	4,13	7,0	5,9	5,0
49,42	4,09	7,0	5,9	5,0
49,45	4,06	7,0	5,9	5,0
49,47	4,01	7,0	5,9	5,0
49,49	3,95	7,0	5,9	5,0
49,52	3,92	7,0	5,9	5,0
49,54	3,89	7,0	5,9	5,0
49,57	3,84	7,0	5,9	5,0
49,59	3,79	7,0	5,9	5,0
49,62	3,75	7,0	5,9	5,0
49,64	3,72	7,0	5,9	5,0
49,67	3,67	7,0	5,9	5,0
49,69	3,61	7,0	5,9	5,0
49,71	3,57	7,0	5,9	5,0
49,74	3,54	7,0	5,9	5,0
49,76	3,49	7,0	5,9	5,0
49,79	3,44	7,0	5,9	5,0
49,81	3,40	7,0	5,9	5,0
49,84	3,36	7,0	5,9	5,0
49,86	3,31	7,0	5,9	5,0
49,89	3,26	7,0	5,9	5,0
49,91	3,22	7,0	5,9	5,0
49,93	3,18	7,0	5,9	5,0
49,96	3,13	7,0	5,9	5,0
49,98	3,08	7,0	5,9	5,0
50,01	3,05	7,0	5,9	5,0
50,03	3,01	7,0	5,9	5,0
50,06	2,96	7,0	5,9	5,0
50,08	2,91	7,0	5,9	5,0
50,10	2,88	7,0	5,9	5,0
50,13	2,83	7,0	5,9	5,0
50,15	2,78	7,0	5,9	5,0
50,18	2,73	7,0	5,9	5,0
50,20	2,69	7,0	5,9	5,0
50,23	2,65	7,0	5,9	5,0
50,25	2,59	7,0	5,9	5,0
50,28	2,54	7,0	5,9	5,0
50,30	2,51	7,0	5,9	5,0
50,32	2,46	7,0	5,9	5,0
50,35	2,41	7,0	5,9	5,0
50,37	2,36	7,0	5,9	5,0
50,40	2,33	7,0	5,9	5,0
50,42	2,28	7,0	5,9	5,0
50,45	2,23	7,0	5,9	5,0
50,47	2,18	7,0	5,9	5,0
50,50	2,14	7,0	5,9	5,0
50,52	2,10	7,0	5,9	5,0
50,54	2,05	7,0	5,9	5,0
50,57	2,00	7,0	5,9	5,0
50,59	1,96	7,0	5,9	5,0
50,62	1,92	7,0	5,9	5,0
50,64	1,87	7,0	5,9	5,0
50,67	1,82	7,0	5,9	5,0
50,69	1,78	7,0	5,9	5,0
50,72	1,74	7,0	5,9	5,0
50,74	1,69	7,0	5,9	5,0
50,76	1,64	7,0	5,9	5,0
50,79	1,61	7,0	5,9	5,0
50,81	1,57	7,0	5,9	5,0
50,84	1,51	7,0	5,9	5,0
50,86	1,47	7,0	5,9	5,0
50,89	1,44	7,0	5,9	5,0
50,91	1,39	7,0	5,9	5,0
50,94	1,34	7,0	5,9	5,0
50,96	1,30	7,0	5,9	5,0
50,98	1,26	7,0	5,9	5,0
51,01	1,23	7,0	5,9	5,0
51,03	1,18	7,0	5,9	5,0
51,06	1,14	7,0	5,9	5,0
51,08	1,09	7,0	5,9	5,0
51,11	1,05	7,0	5,9	5,0
51,13	1,01	7,0	5,9	5,0
51,15	0,96	7,0	5,9	5,0
51,18	0,92	7,0	5,9	5,0
51,20	0,88	7,0	5,9	5,0
51,23	0,84	7,0	5,9	5,0
51,25	0,80	7,0	5,9	5,0
51,28	0,75	7,0	5,9	5,0
51,30	0,72	7,0	5,9	5,0
51,33	0,67	7,0	5,9	5,0
51,35	0,63	7,0	5,9	5,0
51,37	0,59	7,0	5,9	5,0
51,40	0,55	7,0	5,9	5,0
51,42	0,51	7,0	5,9	5,0
51,45	0,47	7,0	5,9	5,0
51,47	0,44	7,0	5,9	5,0
51,50	0,41	7,0	5,9	5,0
51,52	0,37	7,0	5,9	5,0
51,55	0,33	7,0	5,9	5,0
51,57	0,32	7,0	5,9	5,0
51,59	0,29	7,0	5,9	5,0
51,62	0,25	7,0	5,9	5,0
51,64	0,23	7,0	5,9	5,0
51,67	0,21	7,0	5,9	5,0
51,69	0,17	7,0	5,9	5,0
51,72	0,15	7,0	5,9	5,0
51,74	0,14	7,0	5,9	5,0
51,77	0,13	7,0	5,9	5,0
51,79	0,10	7,0	5,9	5,0
51,81	0,09	7,0	5,9	5,0
51,84	0,09	7,0	5,9	5,0
51,86	0,07	7,0	5,9	5,0
51,89	0,05	7,0	5,9	5,0
51,91	0,04	7,0	5,9	5,0
51,94	0,04	7,0	5,9	5,0
51,96	0,04	7,0	5,9	5,0
51,99	0,02	7,0	5,9	5,0
52,01	0,02	7,0	5,9	5,0
52,03	0,02	7,0	5,9	5,0
52,06	0,02	7,0	5,9	5,0
52,08	0,01	7,0	5,9	5,0
52,11	0,01	7,0	5,9	5,0
52,13	0,01	7,0	5,9	5,0
52,16	0,01	7,0	5,9	5,0
52,18	0,01	7,0	5,9	5,0
52,20	0,01	7,0	5,9	5,0
52,23	0,01	7,0	5,9	5,0
52,25	0,01	7,0	5,9	5,0
52,28	0,01	7,0	5,9	5,0
52,30	0,01	7,0	5,9	5,0
52,33	0,01	7,0	5,9	5,0
52,35	0,01	7,0	5,9	5,0
52,38	0,01	7,0	5,9	5,0
52,40	0,01	7,0	5,9	5,0
52,42	0,01	7,0	5,9	5,0
52,45	0,01	7,0	5,9	5,0
52,47	0,01	7,0	5,9	5,0
52,50	0,01	7,0	5,9	5,0
52,52	0,01	7,0	5,9	5,0
52,55	0,01	7,0	5,9	5,0
52,57	0,01	7,0	5,9	5,0
52,60	0,01	7,0	5,9	5,0
52,62	0,01	7,0	5,9	5,0
52,64	0,01	7,0	5,9	5,0
52,67	0,01	7,0	5,9	5,0
52,69	0,01	7,0	5,9	5,0
52,72	0,01	7,0	5,9	5,0
52,74	0,01	7,0	5,9	5,0
52,77	0,01	7,0	5,9	5,0
52,79	0,01	7,0	5,9	5,0
52,82	0,01	7,0	5,9	5,0
52,84	0,01	7,0	5,9	5,0
52,86	0,01	7,0	5,9	5,0
52,89	0,01	7,0	5,9	5,0
52,91	0,01	7,0	5,9	5,0
52,94	0,01	7,0	5,9	5,0
52,96	0,01	7,0	5,9	5,0
52,99	0,01	7,0	5,9	5,0
53,01	0,01	7,0	5,9	5,0
53,04	0,01	7,0	5,9	5,0
53,06	0,01	7,0	5,9	5,0
53,08	0,01	7,0	5,9	5,0
53,11	0,01	7,0	5,9	5,0
53,13	0,01	7,0	5,9	5,0
53,16	0,01	7,0	5,9	5,0
53,18	0,01	7,0	5,9	5,0
53,21	0,01	7,0	5,9	5,0
53,23	0,01	7,0	5,9	5,0
53,26	0,01	7,0	5,9	5,0
53,28	0,01	7,0	5,9	5,0
53,30	0,01	7,0	5,9	5,0
53,33	0,01	7,0	5,9	5,0
53,35	0,01	7,0	5,9	5,0
53,38	0,01	7,0	5,9	5,0
53,40	0,01	7,0	5,9	5,0
53,43	0,01	7,0	5,9	5,0
53,45	0,01	7,0	5,9	5,0
53,47	0,01	7,0	5,9	5,0
53,50	0,01	7,0	5,9	5,0
53,52	0,01	7,0	5,9	5,0
53,55	0,01	7,0	5,9	5,0
53,57	0,01	7,0	5,9	5,0
53,60	0,01	7,0	5,9	5,0
53,62	0,01	7,0	5,9	5,0
53,65	0,01	7,0	5,9	5,0
53,67	0,01	7,0	5,9	5,0
53,69	0,01	7,0	5,9	5,0
53,72	0,01	7,0	5,9	5,0
53,74	0,01	7,0	5,9	5,0
53,77	0,01	7,0	5,9	5,0
53,79	0,01	7,0	5,9	5,0
53,82	0,01	7,0	5,9	5,0
53,84	0,01	7,0	5,9	5,0
53,87	0,01	7,0	5,9	5,0
53,89	0,01	7,0	5,9	5,0
53,91	0,01	7,0	5,9	5,0
53,94	0,01	7,0	5,9	5,0
53,96	0,01	7,0	5,9	5,0
53,99	0,01	7,0	5,9	5,0
54,01	0,01	7,0	5,9	5,0
54,04	0,01	7,0	5,9	5,0
54,06	0,01	7,0	5,9	5,0
54,09	0,01	7,0	5,9	5,0
54,11	0,01	7,0	5,9	5,0
54,13	0,01	7,0	5,9	5,0
54,16	0,01	7,0	5,9	5,0
54,18	0,01	7,0	5,9	5,0
54,21	0,01	7,0	5,9	5,0
54,23	0,01	7,0	5,9	5,0
54,26	0,01	7,0	5,9	5,0
54,28	0,01	7,0	5,9	5,0
54,31	0,01	7,0	5,9	5,0
54,33	0,01	7,0	5,9	5,0
54,35	0,01	7,0	5,9	5,0
54,38	0,01	7,0	5,9	5,0
54,40	0,01	7,0	5,9	5,0
54,43	0,01	7,0	5,9	5,0
54,45	0,01	7,0	5,9	5,0
54,48	0,01	7,0	5,9	5,0
54,50	0,01	7,0	5,9	5,0
54,52	0,01	7,0	5,9	5,0
54,55	0,01	7,0	5,9	5,0
54,57	0,01	7,0	5,9	5,0
54,60	0,01	7,0	5,9	5,0
54,62	0,01	7,0	5,9	5,0
54,65	0,01	7,0	5,9	5,0
54,67	0,01	7,0	5,9	5,0
54,70	0,01	7,0	5,9	5,0
54,72	0,01	7,0	5,9	5,0
54,74	0,01	7,0	5,9	5,0
54,77	0,01	7,0	5,9	5,0
54,79	0,01	7,0	5,9	5,0
54,82	0,01	7,0	5,9	5,0
54,84	0,01	7,0	5,9	5,0
54,87	0,01	7,0	5,9	5,0
54,89	0,01	7,0	5,9	5,0
54,92	0,01	7,0	5,9	5,0
54,94	0,01	7,0	5,9	5,0
54,96	0,01	7,0	5,9	5,0
54,99	0,01	7,0	5,9	5,0
55,01	0,01	7,0	5,9	5,0
55,04	0,01	7,0	5,9	5,0
55,06	0,01	7,0	5,9	5,0
55,09	0,01	7,0	5,9	5,0
55,11	0,01	7,0	5,9	5,0
55,14	0,01	7,0	5,9	5,0
55,16	0,01	7,0	5,9	5,0
55,18	0,01	7,0	5,9	5,0
55,21	0,01	7,0	5,9	5,0
55,23	0,01	7,0	5,9	5,0
55,26	0,01	7,0	5,9	5,0
55,28	0,01	7,0	5,9	5,0
55,31	0,01	7,0	5,9	5,0
55,33	0,01	7,0	5,9	5,0
55,36	0,01	7,0	5,9	5,0
55,38	0,01	7,0	5,9	5,0
55,40	0,01	7,0	5,9	5,0
55,43	0,01	7,0	5,9	5,0
55,45	0,01	7,0	5,9	5,0
55,48	0,01	7,0	5,9	5,0
55,50	0,01	7,0	5,9	5,0
55,53	0,01	7,0	5,9	5,0
55,55	0,01	7,0	5,9	5,0
55,57	0,01	7,0	5,9	5,0
55,60	0,01	7,0	5,9	5,0
55,62	0,01	7,0	5,9	5,0
55,65	0,01	7,0	5,9	5,0
55,67	0,01	7,0	5,9	5,0
55,70	0,01	7,0	5,9	5,0
55,72	0,01	7,0	5,9	5,0
55,75	0,01	7,0	5,9	5,0
55,77	0,01	7,0	5,9	5,0
55,79	0,01	7,0	5,9	5,0
55,82	0,01	7,0	5,9	5,0
55,84	0,01	7,0	5,9	5,0
55,87	0,01	7,0	5,9	5,0
55,89	0,01	7,0	5,9	5,0
55,92	0,01	7,0	5,9	5,0
55,94	0,01	7,0	5,9	5,0
55,97	0,01	7,0	5,9	5,0
55,99	0,01	7,0	5,9	5,0
56,01	0,01	7,0	5,9	5,0
56,04	0,01	7,0	5,9	5,0
56,06	0,01	7,0	5,9	5,0
56,09	0,01	7,0	5,9	5,0
56,11	0,01	7,0	5,9	5,0
56,14	0,01	7,0	5,9	5,0
56,16	0,01	7,0	5,9	5,0
56,19	0,01	7,0	5,9	5,0
56,21	0,01	7,0	5,9	5,0
56,23	0,01	7,0	5,9	5,0
56,26	0,01	7,0	5,9	5,0
56,28	0,01	7,0	5,9	5,0
56,31	0,01	7,0	5,9	5,0
56,33	0,01	7,0	5,9	5,0
56,36	0,01	7,0	5,9	5,0
56,38	0,01	7,0	5,9	5,0
56,41	0,01	7,0	5,9	5,0
56,43	0,01	7,0	5,9	5,0
56,45	0,01	7,0	5,9	5,0
56,48	0,01	7,0	5,9	5,0
56,50	0,01	7,0	5,9	5,0
56,53	0,01	7,0	5,9	5,0
56,55	0,01	7,0	5,9	5,0
56,58	0,01	7,0	5,9	5,0
56,60	0,01	7,0	5,9	5,0
56,62	0,01	7,0	5,9	5,0
56,65	0,01	7,0	5,9	5,0
56,67	0,01	7,0	5,9	5,0
56,70	0,01	7,0	5,9	5,0
56,72	0,01	7,0	5,9	5,0
56,75	0,01	7,0	5,9	5,0
56,77	0,01	7,0	5,9	5,0
56,80	0,01	7,0	5,9	5,0
56,82	0,01	7,0	5,9	5,0
56,84	0,01	7,0	5,9	5,0
56,87	0,01	7,0	5,9	5,0
56,89	0,01	7,0	5,9	5,0
56,92	0,01	7,0	5,9	5,0
56,94	0,01	7,0	5,9	5,0
56,97	0,01	7,0	5,9	5,0
56,99	0,01	7,0	5,9	5,0
57,02	0,01	7,0	5,9	5,0
57,04	0,01	7,0	5,9	5,0
57,06	0,01	7,0	5,9	5,0
57,09	0,01	7,0	5,9	5,0
57,11	0,01	7,0	5,9	5,0
57,14	0,01	7,0	5,9	5,0
57,16	0,01	7,0	5,9	5,0
57,19	0,01	7,0	5,9	5,0
57,21	0,01	7,0	5,9	5,0
57,24	0,01	7,0	5,9	5,0
57,26	0,01	7,0	5,9	5,0
57,28	0,01	7,0	5,9	5,0
57,31	0,01	7,0	5,9	5,0
57,33	0,01	7,0	5,9	5,0
57,36	0,01	7,0	5,9	5,0
57,38	0,01	7,0	5,9	5,0
57,41	0,01	7,0	5,9	5,0
57,43	0,01	7,0	5,9	5,0
57,46	0,01	7,0	5,9	5,0
57,48	0,01	7,0	5,9	5,0
57,50	0,01	7,0	5,9	5,0
57,53	0,01	7,0	5,9	5,0
57,55	0,01	7,0	5,9	5,0
57,58	0,01	7,0	5,9	5,0
57,60	0,01	7,0	5,9	5,0
57,63	0,01	7,0	5,9	5,0
57,65	0,01	7,0	5,9	5,0
57,68	0,01	7,0	5,9	5,0
57,70	0,01	7,0	5,9	5,0
57,72	0,01	7,0	5,9	5,0
57,75	0,01	7,0	5,9	5,0
57,77	0,01	7,0	5,9	5,0
57,80	0,01	7,0	5,9	5,0
57,82	0,01	7,0	5,9	5,0
57,85	0,01	7,0	5,9	5,0
57,87	0,01	7,0	5,9	5,0
57,89	0,01	7,0	5,9	5,0
57,92	0,01	7,0	5,9	5,0
57,94	0,01	7,0	5,9	5,0
57,97	0,01	7,0	5,9	5,0
57,99	0,01	7,0	5,9	5,0
58,02	0,01	7,0	5,9	5,0
58,04	0,01	7,0	5,9	5,0
58,07	0,01	7,0	5,9	5,0
58,09	0,01	7,0	5,9	5,0
58,11	0,02	7,0	5,9	5,0
58,14	0,02	7,0	5,9	5,0
58,16	0,02	7,0	5,9	5,0
58,19	0,02	7,0	5,9	5,0
58,21	0,04	7,0	5,9	5,0
58,24	0,04	7,0	5,9	5,0
58,26	0,04	7,0	5,9	5,0
58,29	0,05	7,0	5,9	5,0
58,31	0,06	7,0	5,9	5,0
58,33	0,06	7,0	5,9	5,0
58,36	0,08	7,0	5,9	5,0
58,38	0,10	7,0	5,9	5,0
58,41	0,11	7,0	5,9	5,0
58,43	0,11	7,0	5,9	5,0
58,46	0,13	7,0	5,9	5,0
58,48	0,16	7,0	5,9	5,0
58,51	0,17	7,0	5,9	5,0
58,53	0,17	7,0	5,9	5,0
58,55	0,20	7,0	5,9	5,0
58,58	0,24	7,0	5,9	5,0
58,60	0,25	7,0	5,9	5,0
58,63	0,27	7,0	5,9	5,0
58,65	0,30	7,0	5,9	5,0
58,68	0,34	7,0	5,9	5,0
58,70	0,36	7,0	5,9	5,0
58,73	0,38	7,0	5,9	5,0
58,75	0,42	7,0	5,9	5,0
58,77	0,46	7,0	5,9	5,0
58,80	0,49	7,0	5,9	5,0
58,82	0,51	7,0	5,9	5,0
58,85	0,55	7,0	5,9	5,0
58,87	0,58	7,0	5,9	5,0
58,90	0,62	7,0	5,9	5,0
58,92	0,65	7,0	5,9	5,0
58,94	0,69	7,0	5,9	5,0
58,97	0,73	7,0	5,9	5,0
58,99	0,77	7,0	5,9	5,0
59,02	0,79	7,0	5,9	5,0
59,04	0,82	7,0	5,9	5,0
59,07	0,87	7,0	5,9	5,0
59,09	0,91	7,0	5,9	5,0
59,12	0,94	7,0	5,9	5,0
59,14	0,98	7,0	5,9	5,0
59,16	1,02	7,0	5,9	5,0
59,19	1,07	7,0	5,9	5,0
59,21	1,09	7,0	5,9	5,0
59,24	1,12	7,0	5,9	5,0
59,26	1,17	7,0	5,9	5,0
59,29	1,21	7,0	5,9	5,0
59,31	1,24	7,0	5,9	5,0
59,34	1,27	7,0	5,9	5,0
59,36	1,32	7,0	5,9	5,0
59,38	1,36	7,0	5,9	5,0
59,41	1,39	7,0	5,9	5,0
59,43	1,43	7,0	5,9	5,0
59,46	1,47	7,0	5,9	5,0
59,48	1,51	7,0	5,9	5,0
59,51	1,54	7,0	5,9	5,0
59,53	1,58	7,0	5,9	5,0
59,56	1,63	7,0	5,9	5,0
59,58	1,66	7,0	5,9	5,0
59,60	1,69	7,0	5,9	5,0
59,63	1,73	7,0	5,9	5,0
59,65	1,78	7,0	5,9	5,0
59,68	1,82	7,0	5,9	5,0
59,70	1,85	7,0	5,9	5,0
59,73	1,89	7,0	5,9	5,0
59,75	1,94	7,0	5,9	5,0
59,78	1,97	7,0	5,9	5,0
59,80	2,00	7,0	5,9	5,0
59,82	2,05	7,0	5,9	5,0
59,85	2,09	7,0	5,9	5,0
59,87	2,13	7,0	5,9	5,0
59,90	2,17	7,0	5,9	5,0
59,92	2,21	7,0	5,9	5,0
59,95	2,26	7,0	5,9	5,0
59,97	2,29	7,0	5,9	5,0
59,99	2,32	7,0	5,9	5,0
60,02	2,37	7,0	5,9	5,0
60,04	2,42	7,0	5,9	5,0
60,07	2,44	7,0	5,9	5,0
60,09	2,48	7,0	5,9	5,0
60,12	2,53	7,0	5,9	5,0
60,14	2,58	7,0	5,9	5,0
60,17	2,60	7,0	5,9	5,0
60,19	2,64	7,0	5,9	5,0
60,21	2,69	7,0	5,9	5,0
60,24	2,73	7,0	5,9	5,0
60,26	2,76	7,0	5,9	5,0
60,29	2,80	7,0	5,9	5,0
60,31	2,85	7,0	5,9	5,0
60,34	2,89	7,0	5,9	5,0
60,36	2,92	7,0	5,9	5,0
60,39	2,95	7,0	5,9	5,0
60,41	3,00	7,0	5,9	5,0
60,43	3,05	7,0	5,9	5,0
60,46	3,07	7,0	5,9	5,0
60,48	3,11	7,0	5,9	5,0
60,51	3,16	7,0	5,9	5,0
60,53	3,20	7,0	5,9	5,0
60,56	3,22	7,0	5,9	5,0
60,58	3,26	7,0	5,9	5,0
60,61	3,32	7,0	5,9	5,0
60,63	3,35	7,0	5,9	5,0
60,65	3,38	7,0	5,9	5,0
60,68	3,42	7,0	5,9	5,0
60,70	3,46	7,0	5,9	5,0
60,73	3,51	7,0	5,9	5,0
60,75	3,54	7,0	5,9	5,0
60,78	3,58	7,0	5,9	5,0
60,80	3,61	7,0	5,9	5,0
60,83	3,66	7,0	5,9	5,0
60,85	3,70	7,0	5,9	5,0
60,87	3,73	7,0	5,9	5,0
60,90	3,77	7,0	5,9	5,0
60,92	3,82	7,0	5,9	5,0
60,95	3,86	7,0	5,9	5,0
60,97	3,89	7,0	5,9	5,0
61,00	3,93	7,0	5,9	5,0
61,02	3,97	7,0	5,9	5,0
61,05	4,01	7,0	5,9	5,0
61,07	4,05	7,0	5,9	5,0
61,09	4,09	7,0	5,9	5,0
61,12	4,14	7,0	5,9	5,0
61,14	4,18	7,0	5,9	5,0
61,17	4,21	7,0	5,9	5,0
61,19	4,25	7,0	5,9	5,0
61,22	4,29	7,0	5,9	5,0
61,24	4,33	7,0	5,9	5,0
61,26	4,35	7,0	5,9	5,0
61,29	4,40	7,0	5,9	5,0
61,31	4,45	7,0	5,9	5,0
61,34	4,49	7,0	5,9	5,0
61,36	4,52	7,0	5,9	5,0
61,39	4,55	7,0	5,9	5,0
61,41	4,59	7,0	5,9	5,0
61,44	4,63	7,0	5,9	5,0
61,46	4,67	7,0	5,9	5,0
61,48	4,70	7,0	5,9	5,0
61,51	4,73	7,0	5,9	5,0
61,53	4,78	7,0	5,9	5,0
61,56	4,82	7,0	5,9	5,0
61,58	4,85	7,0	5,9	5,0
61,61	4,88	7,0	5,9	5,0
61,63	4,92	7,0	5,9	5,0
61,66	4,97	7,0	5,9	5,0
61,68	5,00	7,0	5,9	5,0
61,70	5,03	7,0	5,9	5,0
61,73	5,07	7,0	5,9	5,0
61,75	5,11	7,0	5,9	5,0
61,78	5,13	7,0	5,9	5,0
61,80	5,17	7,0	5,9	5,0
61,83	5,21	7,0	5,9	5,0
61,85	5,25	7,0	5,9	5,0
61,88	5,28	7,0	5,9	5,0
61,90	5,32	7,0	5,9	5,0
61,92	5,37	7,0	5,9	5,0
61,95	5,40	7,0	5,9	5,0
61,97	5,42	7,0	5,9	5,0
62,00	5,46	7,0	5,9	5,0
62,02	5,50	7,0	5,9	5,0
62,05	5,54	7,0	5,9	5,0
62,07	5,57	7,0	5,9	5,0
62,10	5,60	7,0	5,9	5,0
62,12	5,65	7,0	5,9	5,0
62,14	5,69	7,0	5,9	5,0
62,17	5,71	7,0	5,9	5,0
62,19	5,74	7,0	5,9	5,0
62,22	5,78	7,0	5,9	5,0
62,24	5,82	7,0	5,9	5,0
62,27	5,84	7,0	5,9	5,0
62,29	5,87	7,0	5,9	5,0
62,31	5,92	7,0	5,9	5,0
62,34	5,96	7,0	5,9	5,0
62,36	5,98	7,0	5,9	5,0
62,39	6,01	7,0	5,9	5,0
62,41	6,06	7,0	5,9	5,0
62,44	6,09	7,0	5,9	5,0
62,46	6,11	7,0	5,9	5,0
62,49	6,14	7,0	5,9	5,0
62,51	6,19	7,0	5,9	5,0
62,53	6,23	7,0	5,9	5,0
62,56	6,24	7,0	5,9	5,0
62,58	6,27	7,0	5,9	5,0
62,61	6,32	7,0	5,9	5,0
62,63	6,36	7,0	5,9	5,0
62,66	6,37	7,0	5,9	5,0
62,68	6,40	7,0	5,9	5,0
62,71	6,45	7,0	5,9	5,0
62,73	6,48	7,0	5,9	5,0
62,75	6,50	7,0	5,9	5,0
62,78	6,53	7,0	5,9	5,0
62,80	6,57	7,0	5,9	5,0
62,83	6,60	7,0	5,9	5,0
62,85	6,62	7,0	5,9	5,0
62,88	6,65	7,0	5,9	5,0
62,90	6,70	7,0	5,9	5,0
62,93	6,72	7,0	5,9	5,0
62,95	6,74	7,0	5,9	5,0
62,97	6,77	7,0	5,9	5,0
63,00	6,81	7,0	5,9	5,0
63,02	6,84	7,0	5,9	5,0
63,05	6,86	7,0	5,9	5,0
63,07	6,90	7,0	5,9	5,0
63,10	6,94	7,0	5,9	5,0
63,12	6,96	7,0	5,9	5,0
63,15	6,98	7,0	5,9	5,0
63,17	7,01	7,0	5,9	5,0
63,19	7,04	7,0	5,9	5,0
63,22	7,07	7,0	5,9	5,0
63,24	7,10	7,0	5,9	5,0
63,27	7,12	7,0	5,9	5,0
63,29	7,15	7,0	5,9	5,0
63,32	7,18	7,0	5,9	5,0
63,34	7,21	7,0	5,9	5,0
63,36	7,23	7,0	5,9	5,0
63,39	7,25	7,0	5,9	5,0
63,41	7,29	7,0	5,9	5,0
63,44	7,31	7,0	5,9	5,0
63,46	7,33	7,0	5,9	5,0
63,49	7,36	7,0	5,9	5,0
63,51	7,39	7,0	5,9	5,0
63,54	7,42	7,0	5,9	5,0
63,56	7,43	7,0	5,9	5,0
63,58	7,46	7,0	5,9	5,0
63,61	7,49	7,0	5,9	5,0
63,63	7,51	7,0	5,9	5,0
63,66	7,53	7,0	5,9	5,0
63,68	7,55	7,0	5,9	5,0
63,71	7,58	7,0	5,9	5,0
63,73	7,61	7,0	5,9	5,0
63,76	7,61	7,0	5,9	5,0
63,78	7,64	7,0	5,9	5,0
63,80	7,67	7,0	5,9	5,0
63,83	7,69	7,0	5,9	5,0
63,85	7,71	7,0	5,9	5,0
63,88	7,71	7,0	5,9	5,0
63,90	7,72	7,0	5,9	5,0
63,93	7,75	7,0	5,9	5,0
63,95	7,77	7,0	5,9	5,0
63,98	7,78	7,0	5,9	5,0
64,00	7,79	7,0	5,9	5,0
64,02	7,82	7,0	5,9	5,0
64,05	7,84	7,0	5,9	5,0
64,07	7,84	7,0	5,9	5,0
64,10	7,85	7,0	5,9	5,0
64,12	7,88	7,0	5,9	5,0
64,15	7,89	7,0	5,9	5,0
64,17	7,90	7,0	5,9	5,0
64,20	7,91	7,0	5,9	5,0
64,22	7,93	7,0	5,9	5,0
64,24	7,95	7,0	5,9	5,0
64,27	7,95	7,0	5,9	5,0
64,29	7,96	7,0	5,9	5,0
64,32	7,98	7,0	5,9	5,0
64,34	7,99	7,0	5,9	5,0
64,37	7,98	7,0	5,9	5,0
64,39	7,99	7,0	5,9	5,0
64,41	8,01	7,0	5,9	5,0
64,44	8,02	7,0	5,9	5,0
64,46	8,00	7,0	5,9	5,0
64,49	8,01	7,0	5,9	5,0
64,51	8,03	7,0	5,9	5,0
64,54	8,04	7,0	5,9	5,0
64,56	8,03	7,0	5,9	5,0
64,59	8,04	7,0	5,9	5,0
64,61	8,06	7,0	5,9	5,0
64,63	8,06	7,0	5,9	5,0
64,66	8,06	7,0	5,9	5,0
64,68	8,07	7,0	5,9	5,0
64,71	8,08	7,0	5,9	5,0
64,73	8,08	7,0	5,9	5,0
64,76	8,07	7,0	5,9	5,0
64,78	8,08	7,0	5,9	5,0
64,81	8,09	7,0	5,9	5,0
64,83	8,09	7,0	5,9	5,0
64,85	8,08	7,0	5,9	5,0
64,88	8,09	7,0	5,9	5,0
64,90	8,10	7,0	5,9	5,0
64,93	8,10	7,0	5,9	5,0
64,95	8,09	7,0	5,9	5,0
64,98	8,10	7,0	5,9	5,0
65,00	8,11	7,0	5,9	5,0
65,03	8,10	7,0	5,9	5,0
65,05	8,10	7,0	5,9	5,0
65,07	8,11	7,0	5,9	5,0
65,10	8,11	7,0	5,9	5,0
65,12	8,11	7,0	5,9	5,0
65,15	8,11	7,0	5,9	5,0
65,17	8,12	7,0	5,9	5,0
65,20	8,12	7,0	5,9	5,0
65,22	8,11	7,0	5,9	5,0
65,25	8,11	7,0	5,9	5,0
65,27	8,11	7,0	5,9	5,0
65,29	8,11	7,0	5,9	5,0
65,32	8,10	7,0	5,9	5,0
65,34	8,10	7,0	5,9	5,0
65,37	8,10	7,0	5,9	5,0
65,39	8,11	7,0	5,9	5,0
65,42	8,09	7,0	5,9	5,0
65,44	8,09	7,0	5,9	5,0
65,47	8,10	7,0	5,9	5,0
65,49	8,10	7,0	5,9	5,0
65,51	8,09	7,0	5,9	5,0
65,54	8,08	7,0	5,9	5,0
65,56	8,09	7,0	5,9	5,0
65,59	8,08	7,0	5,9	5,0
65,61	8,06	7,0	5,9	5,0
65,64	8,05	7,0	5,9	5,0
65,66	8,04	7,0	5,9	5,0
65,68	8,04	7,0	5,9	5,0
65,71	8,04	7,0	5,9	5,0
65,73	8,02	7,0	5,9	5,0
65,76	8,02	7,0	5,9	5,0
65,78	8,01	7,0	5,9	5,0
65,81	8,00	7,0	5,9	5,0
65,83	7,99	7,0	5,9	5,0
65,86	7,97	7,0	5,9	5,0
65,88	7,97	7,0	5,9	5,0
65,90	7,96	7,0	5,9	5,0
65,93	7,94	7,0	5,9	5,0
65,95	7,93	7,0	5,9	5,0
65,98	7,92	7,0	5,9	5,0
66,00	7,91	7,0	5,9	5,0
66,03	7,89	7,0	5,9	5,0
66,05	7,87	7,0	5,9	5,0
66,08	7,87	7,0	5,9	5,0
66,10	7,85	7,0	5,9	5,0
66,12	7,83	7,0	5,9	5,0
66,15	7,81	7,0	5,9	5,0
66,17	7,80	7,0	5,9	5,0
66,20	7,79	7,0	5,9	5,0
66,22	7,76	7,0	5,9	5,0
66,25	7,74	7,0	5,9	5,0
66,27	7,73	7,0	5,9	5,0
66,30	7,70	7,0	5,9	5,0
66,32	7,70	7,0	5,9	5,0
66,34	7,67	7,0	5,9	5,0
66,37	7,64	7,0	5,9	5,0
66,39	7,63	7,0	5,9	5,0
66,42	7,62	7,0	5,9	5,0
66,44	7,59	7,0	5,9	5,0
66,47	7,56	7,0	5,9	5,0
66,49	7,54	7,0	5,9	5,0
66,52	7,52	7,0	5,9	5,0
66,54	7,49	7,0	5,9	5,0
66,56	7,46	7,0	5,9	5,0
66,59	7,45	7,0	5,9	5,0
66,61	7,43	7,0	5,9	5,0
66,64	7,41	7,0	5,9	5,0
66,66	7,37	7,0	5,9	5,0
66,69	7,35	7,0	5,9	5,0
66,71	7,34	7,0	5,9	5,0
66,73	7,30	7,0	5,9	5,0
66,76	7,27	7,0	5,9	5,0
66,78	7,25	7,0	5,9	5,0
66,81	7,23	7,0	5,9	5,0
66,83	7,20	7,0	5,9	5,0
66,86	7,17	7,0	5,9	5,0
66,88	7,15	7,0	5,9	5,0
66,91	7,13	7,0	5,9	5,0
66,93	7,10	7,0	5,9	5,0
66,95	7,07	7,0	5,9	5,0
66,98	7,05	7,0	5,9	5,0
67,00	7,03	7,0	5,9	5,0
67,03	6,99	7,0	5,9	5,0
67,05	6,96	7,0	5,9	5,0
67,08	6,94	7,0	5,9	5,0
67,10	6,92	7,0	5,9	5,0
67,13	6,88	7,0	5,9	5,0
67,15	6,85	7,0	5,9	5,0
67,17	6,84	7,0	5,9	5,0
67,20	6,81	7,0	5,9	5,0
67,22	6,77	7,0	5,9	5,0
67,25	6,74	7,0	5,9	5,0
67,27	6,72	7,0	5,9	5,0
67,30	6,69	7,0	5,9	5,0
67,32	6,65	7,0	5,9	5,0
67,35	6,62	7,0	5,9	5,0
67,37	6,60	7,0	5,9	5,0
67,39	6,57	7,0	5,9	5,0
67,42	6,53	7,0	5,9	5,0
67,44	6,50	7,0	5,9	5,0
67,47	6,48	7,0	5,9	5,0
67,49	6,45	7,0	5,9	5,0
67,52	6,40	7,0	5,9	5,0
67,54	6,37	7,0	5,9	5,0
67,57	6,35	7,0	5,9	5,0
67,59	6,32	7,0	5,9	5,0
67,61	6,27	7,0	5,9	5,0
67,64	6,24	7,0	5,9	5,0
67,66	6,22	7,0	5,9	5,0
67,69	6,18	7,0	5,9	5,0
67,71	6,13	7,0	5,9	5,0
67,74	6,10	7,0	5,9	5,0
67,76	6,08	7,0	5,9	5,0
67,78	6,04	7,0	5,9	5,0
67,81	6,00	7,0	5,9	5,0
67,83	5,97	7,0	5,9	5,0
67,86	5,94	7,0	5,9	5,0
67,88	5,91	7,0	5,9	5,0
67,91	5,86	7,0	5,9	5,0
67,93	5,83	7,0	5,9	5,0
67,96	5,80	7,0	5,9	5,0
67,98	5,76	7,0	5,9	5,0
68,00	5,71	7,0	5,9	5,0
68,03	5,68	7,0	5,9	5,0
68,05	5,65	7,0	5,9	5,0
68,08	5,61	7,0	5,9	5,0
68,10	5,58	7,0	5,9	5,0
68,13	5,53	7,0	5,9	5,0
68,15	5,49	7,0	5,9	5,0
68,18	5,47	7,0	5,9	5,0
68,20	5,42	7,0	5,9	5,0
68,22	5,38	7,0	5,9	5,0
68,25	5,34	7,0	5,9	5,0
68,27	5,31	7,0	5,9	5,0
68,30	5,27	7,0	5,9	5,0
68,32	5,22	7,0	5,9	5,0
68,35	5,18	7,0	5,9	5,0
68,37	5,15	7,0	5,9	5,0
68,40	5,11	7,0	5,9	5,0
68,42	5,06	7,0	5,9	5,0
68,44	5,02	7,0	5,9	5,0
68,47	4,99	7,0	5,9	5,0
68,49	4,95	7,0	5,9	5,0
68,52	4,91	7,0	5,9	5,0
68,54	4,87	7,0	5,9	5,0
68,57	4,83	7,0	5,9	5,0
68,59	4,79	7,0	5,9	5,0
68,62	4,74	7,0	5,9	5,0
68,64	4,70	7,0	5,9	5,0
68,66	4,67	7,0	5,9	5,0
68,69	4,63	7,0	5,9	5,0
68,71	4,57	7,0	5,9	5,0
68,74	4,53	7,0	5,9	5,0
68,76	4,48	7,0	5,9	5,0
68,79	4,46	7,0	5,9	5,0
68,81	4,42	7,0	5,9	5,0
68,83	4,37	7,0	5,9	5,0
68,86	4,33	7,0	5,9	5,0
68,88	4,29	7,0	5,9	5,0
68,91	4,25	7,0	5,9	5,0
68,93	4,20	7,0	5,9	5,0
68,96	4,15	7,0	5,9	5,0
68,98	4,12	7,0	5,9	5,0
69,01	4,08	7,0	5,9	5,0
69,03	4,03	7,0	5,9	5,0
69,05	3,99	7,0	5,9	5,0
69,08	3,95	7,0	5,9	5,0
69,10	3,90	7,0	5,9	5,0
69,13	3,85	7,0	5,9	5,0
69,15	3,81	7,0	5,9	5,0
69,18	3,77	7,0	5,9	5,0
69,20	3,73	7,0	5,9	5,0
69,23	3,67	7,0	5,9	5,0
69,25	3,63	7,0	5,9	5,0
69,27	3,60	7,0	5,9	5,0
69,30	3,56	7,0	5,9	5,0
69,32	3,51	7,0	5,9	5,0
69,35	3,46	7,0	5,9	5,0
69,37	3,43	7,0	5,9	5,0
69,40	3,39	7,0	5,9	5,0
69,42	3,33	7,0	5,9	5,0
69,45	3,29	7,0	5,9	5,0
69,47	3,26	7,0	5,9	5,0
69,49	3,21	7,0	5,9	5,0
69,52	3,15	7,0	5,9	5,0
69,54	3,11	7,0	5,9	5,0
69,57	3,09	7,0	5,9	5,0
69,59	3,04	7,0	5,9	5,0
69,62	2,98	7,0	5,9	5,0
69,64	2,94	7,0	5,9	5,0
69,67	2,91	7,0	5,9	5,0
69,69	2,86	7,0	5,9	5,0
69,71	2,80	7,0	5,9	5,0
69,74	2,77	7,0	5,9	5,0
69,76	2,74	7,0	5,9	5,0
69,79	2,69	7,0	5,9	5,0
69,81	2,63	7,0	5,9	5,0
69,84	2,60	7,0	5,9	5,0
69,86	2,56	7,0	5,9	5,0
69,89	2,51	7,0	5,9	5,0
69,91	2,45	7,0	5,9	5,0
69,93	2,42	7,0	5,9	5,0
69,96	2,39	7,0	5,9	5,0
69,98	2,33	7,0	5,9	5,0
70,01	2,28	7,0	5,9	5,0
70,03	2,25	7,0	5,9	5,0
70,06	2,21	7,0	5,9	5,0
70,08	2,17	7,0	5,9	5,0
70,10	2,11	7,0	5,9	5,0
70,13	2,07	7,0	5,9	5,0
70,15	2,04	7,0	5,9	5,0
70,18	1,99	7,0	5,9	5,0
70,20	1,94	7,0	5,9	5,0
70,23	1,90	7,0	5,9	5,0
70,25	1,87	7,0	5,9	5,0
70,28	1,82	7,0	5,9	5,0
70,30	1,77	7,0	5,9	5,0
70,32	1,74	7,0	5,9	5,0
70,35	1,70	7,0	5,9	5,0
70,37	1,65	7,0	5,9	5,0
70,40	1,60	7,0	5,9	5,0
70,42	1,58	7,0	5,9	5,0
70,45	1,54	7,0	5,9	5,0
70,47	1,49	7,0	5,9	5,0
70,50	1,45	7,0	5,9	5,0
70,52	1,41	7,0	5,9	5,0
70,54	1,37	7,0	5,9	5,0
70,57	1,34	7,0	5,9	5,0
70,59	1,30	7,0	5,9	5,0
70,62	1,24	7,0	5,9	5,0
70,64	1,21	7,0	5,9	5,0
70,67	1,18	7,0	5,9	5,0
70,69	1,14	7,0	5,9	5,0
70,72	1,09	7,0	5,9	5,0
70,74	1,06	7,0	5,9	5,0
70,76	1,03	7,0	5,9	5,0
70,79	0,99	7,0	5,9	5,0
70,81	0,94	7,0	5,9	5,0
70,84	0,91	7,0	5,9	5,0
70,86	0,88	7,0	5,9	5,0
70,89	0,83	7,0	5,9	5,0
70,91	0,79	7,0	5,9	5,0
70,94	0,76	7,0	5,9	5,0
70,96	0,72	7,0	5,9	5,0
70,98	0,68	7,0	5,9	5,0
71,01	0,65	7,0	5,9	5,0
71,03	0,62	7,0	5,9	5,0
71,06	0,59	7,0	5,9	5,0
71,08	0,54	7,0	5,9	5,0
71,11	0,51	7,0	5,9	5,0
71,13	0,48	7,0	5,9	5,0
71,15	0,46	7,0	5,9	5,0
71,18	0,42	7,0	5,9	5,0
71,20	0,40	7,0	5,9	5,0
71,23	0,36	7,0	5,9	5,0
71,25	0,33	7,0	5,9	5,0
71,28	0,31	7,0	5,9	5,0
71,30	0,29	7,0	5,9	5,0
71,33	0,26	7,0	5,9	5,0
71,35	0,23	7,0	5,9	5,0
71,37	0,22	7,0	5,9	5,0
71,40	0,20	7,0	5,9	5,0
71,42	0,17	7,0	5,9	5,0
71,45	0,15	7,0	5,9	5,0
71,47	0,14	7,0	5,9	5,0
71,50	0,13	7,0	5,9	5,0
71,52	0,11	7,0	5,9	5,0
71,55	0,09	7,0	5,9	5,0
71,57	0,09	7,0	5,9	5,0
71,59	0,09	7,0	5,9	5,0
71,62	0,07	7,0	5,9	5,0
71,64	0,05	7,0	5,9	5,0
71,67	0,05	7,0	5,9	5,0
71,69	0,05	7,0	5,9	5,0
71,72	0,04	7,0	5,9	5,0
71,74	0,03	7,0	5,9	5,0
71,77	0,03	7,0	5,9	5,0
71,79	0,03	7,0	5,9	5,0
71,81	0,01	7,0	5,9	5,0
71,84	0,01	7,0	5,9	5,0
71,86	0,01	7,0	5,9	5,0
71,89	0,01	7,0	5,9	5,0
71,91	0,01	7,0	5,9	5,0
71,94	0,01	7,0	5,9	5,0
71,96	0,01	7,0	5,9	5,0
71,99	0,01	7,0	5,9	5,0
72,01	0,01	7,0	5,9	5,0
72,03	0,01	7,0	5,9	5,0
72,06	0,01	7,0	5,9	5,0
72,08	0,01	7,0	5,9	5,0
72,11	0,01	7,0	5,9	5,0
72,13	0,01	7,0	5,9	5,0
72,16	0,01	7,0	5,9	5,0
72,18	0,01	7,0	5,9	5,0
72,20	0,01	7,0	5,9	5,0
72,23	0,01	7,0	5,9	5,0
72,25	0,01	7,0	5,9	5,0
72,28	0,01	7,0	5,9	5,0
72,30	0,01	7,0	5,9	5,0
72,33	0,01	7,0	5,9	5,0
72,35	0,01	7,0	5,9	5,0
72,38	0,01	7,0	5,9	5,0
72,40	0,01	7,0	5,9	5,0
72,42	0,01	7,0	5,9	5,0
72,45	0,01	7,0	5,9	5,0
72,47	0,01	7,0	5,9	5,0
72,50	0,01	7,0	5,9	5,0
72,52	0,01	7,0	5,9	5,0
72,55	0,01	7,0	5,9	5,0
72,57	0,01	7,0	5,9	5,0
72,60	0,01	7,0	5,9	5,0
72,62	0,01	7,0	5,9	5,0
72,64	0,01	7,0	5,9	5,0
72,67	0,01	7,0	5,9	5,0
72,69	0,01	7,0	5,9	5,0
72,72	0,01	7,0	5,9	5,0
72,74	0,01	7,0	5,9	5,0
72,77	0,01	7,0	5,9	5,0
72,79	0,01	7,0	5,9	5,0
72,82	0,01	7,0	5,9	5,0
72,84	0,01	7,0	5,9	5,0
72,86	0,01	7,0	5,9	5,0
72,89	0,01	7,0	5,9	5,0
72,91	0,01	7,0	5,9	5,0
72,94	0,01	7,0	5,9	5,0
72,96	0,01	7,0	5,9	5,0
72,99	0,01	7,0	5,9	5,0
73,01	0,01	7,0	5,9	5,0
73,04	0,01	7,0	5,9	5,0
73,06	0,01	7,0	5,9	5,0
73,08	0,01	7,0	5,9	5,0
73,11	0,01	7,0	5,9	5,0
73,13	0,01	7,0	5,9	5,0
73,16	0,01	7,0	5,9	5,0
73,18	0,01	7,0	5,9	5,0
73,21	0,01	7,0	5,9	5,0
73,23	0,01	7,0	5,9	5,0
73,25	0,01	7,0	5,9	5,0
73,28	0,01	7,0	5,9	5,0
73,30	0,01	7,0	5,9	5,0
73,33	0,01	7,0	5,9	5,0
73,35	0,01	7,0	5,9	5,0
73,38	0,01	7,0	5,9	5,0
73,40	0,01	7,0	5,9	5,0
73,43	0,01	7,0	5,9	5,0
73,45	0,01	7,0	5,9	5,0
73,47	0,01	7,0	5,9	5,0
73,50	0,01	7,0	5,9	5,0
73,52	0,01	7,0	5,9	5,0
73,55	0,01	7,0	5,9	5,0
73,57	0,01	7,0	5,9	5,0
73,60	0,01	7,0	5,9	5,0
73,62	0,01	7,0	5,9	5,0
73,65	0,01	7,0	5,9	5,0
73,67	0,01	7,0	5,9	5,0
73,69	0,01	7,0	5,9	5,0
73,72	0,01	7,0	5,9	5,0
73,74	0,01	7,0	5,9	5,0
73,77	0,01	7,0	5,9	5,0
73,79	0,01	7,0	5,9	5,0
73,82	0,01	7,0	5,9	5,0
73,84	0,01	7,0	5,9	5,0
73,87	0,01	7,0	5,9	5,0
73,89	0,01	7,0	5,9	5,0
73,91	0,01	7,0	5,9	5,0
73,94	0,01	7,0	5,9	5,0
73,96	0,01	7,0	5,9	5,0
73,99	0,01	7,0	5,9	5,0
74,01	0,01	7,0	5,9	5,0
74,04	0,01	7,0	5,9	5,0
74,06	0,01	7,0	5,9	5,0
74,09	0,01	7,0	5,9	5,0
74,11	0,01	7,0	5,9	5,0
74,13	0,01	7,0	5,9	5,0
74,16	0,01	7,0	5,9	5,0
74,18	0,01	7,0	5,9	5,0
74,21	0,01	7,0	5,9	5,0
74,23	0,01	7,0	5,9	5,0
74,26	0,01	7,0	5,9	5,0
74,28	0,01	7,0	5,9	5,0
74,31	0,01	7,0	5,9	5,0
74,33	0,01	7,0	5,9	5,0
74,35	0,01	7,0	5,9	5,0
74,38	0,01	7,0	5,9	5,0
74,40	0,01	7,0	5,9	5,0
74,43	0,01	7,0	5,9	5,0
74,45	0,01	7,0	5,9	5,0
74,48	0,01	7,0	5,9	5,0
74,50	0,01	7,0	5,9	5,0
74,52	0,01	7,0	5,9	5,0
74,55	0,01	7,0	5,9	5,0
74,57	0,01	7,0	5,9	5,0
74,60	0,01	7,0	5,9	5,0
74,62	0,01	7,0	5,9	5,0
74,65	0,01	7,0	5,9	5,0
74,67	0,01	7,0	5,9	5,0
74,70	0,01	7,0	5,9	5,0
74,72	0,01	7,0	5,9	5,0
74,74	0,01	7,0	5,9	5,0
74,77	0,01	7,0	5,9	5,0
74,79	0,01	7,0	5,9	5,0
74,82	0,01	7,0	5,9	5,0
74,84	0,01	7,0	5,9	5,0
74,87	0,01	7,0	5,9	5,0
74,89	0,01	7,0	5,9	5,0
74,92	0,01	7,0	5,9	5,0
74,94	0,01	7,0	5,9	5,0
74,96	0,01	7,0	5,9	5,0
74,99	0,01	7,0	5,9	5,0
75,01	0,01	7,0	5,9	5,0
75,04	0,01	7,0	5,9	5,0
75,06	0,01	7,0	5,9	5,0
75,09	0,01	7,0	5,9	5,0
75,11	0,01	7,0	5,9	5,0
75,14	0,01	7,0	5,9	5,0
75,16	0,01	7,0	5,9	5,0
75,18	0,01	7,0	5,9	5,0
75,21	0,01	7,0	5,9	5,0
75,23	0,01	7,0	5,9	5,0
75,26	0,01	7,0	5,9	5,0
75,28	0,01	7,0	5,9	5,0
75,31	0,01	7,0	5,9	5,0
75,33	0,01	7,0	5,9	5,0
75,36	0,01	7,0	5,9	5,0
75,38	0,01	7,0	5,9	5,0
75,40	0,01	7,0	5,9	5,0
75,43	0,01	7,0	5,9	5,0
75,45	0,01	7,0	5,9	5,0
75,48	0,01	7,0	5,9	5,0
75,50	0,01	7,0	5,9	5,0
75,53	0,01	7,0	5,9	5,0
75,55	0,01	7,0	5,9	5,0
75,57	0,01	7,0	5,9	5,0
75,60	0,01	7,0	5,9	5,0
75,62	0,01	7,0	5,9	5,0
75,65	0,01	7,0	5,9	5,0
75,67	0,01	7,0	5,9	5,0
75,70	0,01	7,0	5,9	5,0
75,72	0,01	7,0	5,9	5,0
75,75	0,01	7,0	5,9	5,0
75,77	0,01	7,0	5,9	5,0
75,79	0,01	7,0	5,9	5,0
75,82	0,01	7,0	5,9	5,0
75,84	0,01	7,0	5,9	5,0
75,87	0,01	7,0	5,9	5,0
75,89	0,01	7,0	5,9	5,0
75,92	0,01	7,0	5,9	5,0
75,94	0,01	7,0	5,9	5,0
75,97	0,01	7,0	5,9	5,0
75,99	0,01	7,0	5,9	5,0
76,01	0,01	7,0	5,9	5,0
76,04	0,01	7,0	5,9	5,0
76,06	0,01	7,0	5,9	5,0
76,09	0,01	7,0	5,9	5,0
76,11	0,01	7,0	5,9	5,0
76,14	0,01	7,0	5,9	5,0
76,16	0,01	7,0	5,9	5,0
76,19	0,01	7,0	5,9	5,0
76,21	0,01	7,0	5,9	5,0
76,23	0,01	7,0	5,9	5,0
76,26	0,01	7,0	5,9	5,0
76,28	0,01	7,0	5,9	5,0
76,31	0,01	7,0	5,9	5,0
76,33	0,01	7,0	5,9	5,0
76,36	0,01	7,0	5,9	5,0
76,38	0,01	7,0	5,9	5,0
76,41	0,01	7,0	5,9	5,0
76,43	0,01	7,0	5,9	5,0
76,45	0,01	7,0	5,9	5,0
76,48	0,01	7,0	5,9	5,0
76,50	0,01	7,0	5,9	5,0
76,53	0,01	7,0	5,9	5,0
76,55	0,01	7,0	5,9	5,0
76,58	0,01	7,0	5,9	5,0
76,60	0,01	7,0	5,9	5,0
76,62	0,01	7,0	5,9	5,0
76,65	0,01	7,0	5,9	5,0
76,67	0,01	7,0	5,9	5,0
76,70	0,01	7,0	5,9	5,0
76,72	0,01	7,0	5,9	5,0
76,75	0,01	7,0	5,9	5,0
76,77	0,01	7,0	5,9	5,0
76,80	0,01	7,0	5,9	5,0
76,82	0,01	7,0	5,9	5,0
76,84	0,01	7,0	5,9	5,0
76,87	0,01	7,0	5,9	5,0
76,89	0,01	7,0	5,9	5,0
76,92	0,01	7,0	5,9	5,0
76,94	0,01	7,0	5,9	5,0
76,97	0,01	7,0	5,9	5,0
76,99	0,01	7,0	5,9	5,0
77,02	0,01	7,0	5,9	5,0
77,04	0,01	7,0	5,9	5,0
77,06	0,01	7,0	5,9	5,0
77,09	0,01	7,0	5,9	5,0
77,11	0,01	7,0	5,9	5,0
77,14	0,01	7,0	5,9	5,0
77,16	0,01	7,0	5,9	5,0
77,19	0,01	7,0	5,9	5,0
77,21	0,01	7,0	5,9	5,0
77,24	0,01	7,0	5,9	5,0
77,26	0,01	7,0	5,9	5,0
77,28	0,01	7,0	5,9	5,0
77,31	0,01	7,0	5,9	5,0
77,33	0,01	7,0	5,9	5,0
77,36	0,01	7,0	5,9	5,0
77,38	0,01	7,0	5,9	5,0
77,41	0,01	7,0	5,9	5,0
77,43	0,01	7,0	5,9	5,0
77,46	0,01	7,0	5,9	5,0
77,48	0,01	7,0	5,9	5,0
77,50	0,01	7,0	5,9	5,0
77,53	0,01	7,0	5,9	5,0
77,55	0,01	7,0	5,9	5,0
77,58	0,01	7,0	5,9	5,0
77,60	0,01	7,0	5,9	5,0
77,63	0,01	7,0	5,9	5,0
77,65	0,01	7,0	5,9	5,0
77,68	0,01	7,0	5,9	5,0
77,70	0,01	7,0	5,9	5,0
77,72	0,01	7,0	5,9	5,0
77,75	0,01	7,0	5,9	5,0
77,77	0,01	7,0	5,9	5,0
77,80	0,01	7,0	5,9	5,0
77,82	0,01	7,0	5,9	5,0
77,85	0,01	7,0	5,9	5,0
77,87	0,01	7,0	5,9	5,0
77,89	0,01	7,0	5,9	5,0
77,92	0,01	7,0	5,9	5,0
77,94	0,01	7,0	5,9	5,0
77,97	0,01	7,0	5,9	5,0
77,99	0,01	7,0	5,9	5,0
78,02	0,01	7,0	5,9	5,0
78,04	0,01	7,0	5,9	5,0
78,07	0,01	7,0	5,9	5,0
78,09	0,01	7,0	5,9	5,0
78,11	0,01	7,0	5,9	5,0
78,14	0,01	7,0	5,9	5,0
78,16	0,01	7,0	5,9	5,0
78,19	0,01	7,0	5,9	5,0
78,21	0,01	7,0	5,9	5,0
78,24	0,01	7,0	5,9	5,0
78,26	0,01	7,0	5,9	5,0
78,29	0,01	7,0	5,9	5,0
78,31	0,02	7,0	5,9	5,0
78,33	0,02	7,0	5,9	5,0
78,36	0,02	7,0	5,9	5,0
78,38	0,02	7,0	5,9	5,0
78,41	0,04	7,0	5,9	5,0
78,43	0,04	7,0	5,9	5,0
78,46	0,04	7,0	5,9	5,0
78,48	0,05	7,0	5,9	5,0
78,51	0,07	7,0	5,9	5,0
78,53	0,07	7,0	5,9	5,0
78,55	0,07	7,0	5,9	5,0
78,58	0,08	7,0	5,9	5,0
78,60	0,11	7,0	5,9	5,0
78,63	0,11	7,0	5,9	5,0
78,65	0,11	7,0	5,9	5,0
78,68	0,14	7,0	5,9	5,0
78,70	0,16	7,0	5,9	5,0
78,73	0,17	7,0	5,9	5,0
78,75	0,17	7,0	5,9	5,0
78,77	0,19	7,0	5,9	5,0
78,80	0,23	7,0	5,9	5,0
78,82	0,24	7,0	5,9	5,0
78,85	0,25	7,0	5,9	5,0
78,87	0,28	7,0	5,9	5,0
78,90	0,32	7,0	5,9	5,0
78,92	0,33	7,0	5,9	5,0
78,94	0,35	7,0	5,9	5,0
78,97	0,38	7,0	5,9	5,0
78,99	0,42	7,0	5,9	5,0
79,02	0,44	7,0	5,9	5,0
79,04	0,46	7,0	5,9	5,0
79,07	0,49	7,0	5,9	5,0
79,09	0,54	7,0	5,9	5,0
79,12	0,57	7,0	5,9	5,0
79,14	0,59	7,0	5,9	5,0
79,16	0,62	7,0	5,9	5,0
79,19	0,67	7,0	5,9	5,0
79,21	0,71	7,0	5,9	5,0
79,24	0,73	7,0	5,9	5,0
79,26	0,76	7,0	5,9	5,0
79,29	0,80	7,0	5,9	5,0
79,31	0,84	7,0	5,9	5,0
79,34	0,86	7,0	5,9	5,0
79,36	0,90	7,0	5,9	5,0
79,38	0,95	7,0	5,9	5,0
79,41	0,99	7,0	5,9	5,0
79,43	1,02	7,0	5,9	5,0
79,46	1,05	7,0	5,9	5,0
79,48	1,10	7,0	5,9	5,0
79,51	1,13	7,0	5,9	5,0
79,53	1,16	7,0	5,9	5,0
79,56	1,20	7,0	5,9	5,0
79,58	1,25	7,0	5,9	5,0
79,60	1,28	7,0	5,9	5,0
79,63	1,31	7,0	5,9	5,0
79,65	1,35	7,0	5,9	5,0
79,68	1,39	7,0	5,9	5,0
79,70	1,43	7,0	5,9	5,0
79,73	1,45	7,0	5,9	5,0
79,75	1,49	7,0	5,9	5,0
79,78	1,54	7,0	5,9	5,0
79,80	1,57	7,0	5,9	5,0
79,82	1,60	7,0	5,9	5,0
79,85	1,64	7,0	5,9	5,0
79,87	1,69	7,0	5,9	5,0
79,90	1,72	7,0	5,9	5,0
79,92	1,74	7,0	5,9	5,0
79,95	1,79	7,0	5,9	5,0
79,97	1,83	7,0	5,9	5,0
79,99	1,86	7,0	5,9	5,0
80,02	1,89	7,0	5,9	5,0
80,04	1,93	7,0	5,9	5,0
80,07	1,98	7,0	5,9	5,0
80,09	2,01	7,0	5,9	5,0
80,12	2,03	7,0	5,9	5,0
80,14	2,09	7,0	5,9	5,0
80,17	2,13	7,0	5,9	5,0
80,19	2,16	7,0	5,9	5,0
80,21	2,18	7,0	5,9	5,0
80,24	2,23	7,0	5,9	5,0
80,26	2,28	7,0	5,9	5,0
80,29	2,31	7,0	5,9	5,0
80,31	2,36	7,0	5,9	5,0
80,34	2,38	7,0	5,9	5,0
80,36	2,42	7,0	5,9	5,0
80,39	2,46	7,0	5,9	5,0
80,41	2,50	7,0	5,9	5,0
80,43	2,53	7,0	5,9	5,0
80,46	2,57	7,0	5,9	5,0
80,48	2,61	7,0	5,9	5,0
80,51	2,65	7,0	5,9	5,0
80,53	2,67	7,0	5,9	5,0
80,56	2,71	7,0	5,9	5,0
80,58	2,76	7,0	5,9	5,0
80,61	2,79	7,0	5,9	5,0
80,63	2,82	7,0	5,9	5,0
80,65	2,86	7,0	5,9	5,0
80,68	2,90	7,0	5,9	5,0
80,70	2,93	7,0	5,9	5,0
80,73	2,96	7,0	5,9	5,0
80,75	3,00	7,0	5,9	5,0
80,78	3,04	7,0	5,9	5,0
80,80	3,07	7,0	5,9	5,0
80,83	3,10	7,0	5,9	5,0
80,85	3,14	7,0	5,9	5,0
80,87	3,18	7,0	5,9	5,0
80,90	3,21	7,0	5,9	5,0
80,92	3,24	7,0	5,9	5,0
80,95	3,27	7,0	5,9	5,0
80,97	3,29	7,0	5,9	5,0
81,00	3,34	7,0	5,9	5,0
81,02	3,39	7,0	5,9	5,0
81,04	3,40	7,0	5,9	5,0
81,07	3,44	7,0	5,9	5,0
81,09	3,48	7,0	5,9	5,0
81,12	3,51	7,0	5,9	5,0
81,14	3,53	7,0	5,9	5,0
81,17	3,56	7,0	5,9	5,0
81,19	3,61	7,0	5,9	5,0
81,22	3,64	7,0	5,9	5,0
81,24	3,66	7,0	5,9	5,0
81,26	3,69	7,0	5,9	5,0
81,29	3,74	7,0	5,9	5,0
81,31	3,77	7,0	5,9	5,0
81,34	3,79	7,0	5,9	5,0
81,36	3,83	7,0	5,9	5,0
81,39	3,87	7,0	5,9	5,0
81,41	3,89	7,0	5,9	5,0
81,44	3,91	7,0	5,9	5,0
81,46	3,95	7,0	5,9	5,0
81,48	4,00	7,0	5,9	5,0
81,51	4,02	7,0	5,9	5,0
81,53	4,04	7,0	5,9	5,0
81,56	4,08	7,0	5,9	5,0
81,58	4,12	7,0	5,9	5,0
81,61	4,15	7,0	5,9	5,0
81,63	4,17	7,0	5,9	5,0
81,66	4,21	7,0	5,9	5,0
81,68	4,24	7,0	5,9	5,0
81,70	4,26	7,0	5,9	5,0
81,73	4,29	7,0	5,9	5,0
81,75	4,33	7,0	5,9	5,0
81,78	4,37	7,0	5,9	5,0
81,80	4,39	7,0	5,9	5,0
81,83	4,41	7,0	5,9	5,0
81,85	4,46	7,0	5,9	5,0
81,88	4,49	7,0	5,9	5,0
81,90	4,51	7,0	5,9	5,0
81,92	4,53	7,0	5,9	5,0
81,95	4,58	7,0	5,9	5,0
81,97	4,61	7,0	5,9	5,0
82,00	4,63	7,0	5,9	5,0
82,02	4,66	7,0	5,9	5,0
82,05	4,70	7,0	5,9	5,0
82,07	4,74	7,0	5,9	5,0
82,10	4,75	7,0	5,9	5,0
82,12	4,78	7,0	5,9	5,0
82,14	4,82	7,0	5,9	5,0
82,17	4,86	7,0	5,9	5,0
82,19	4,87	7,0	5,9	5,0
82,22	4,89	7,0	5,9	5,0
82,24	4,94	7,0	5,9	5,0
82,27	4,98	7,0	5,9	5,0
82,29	4,99	7,0	5,9	5,0
82,31	5,01	7,0	5,9	5,0
82,34	5,06	7,0	5,9	5,0
82,36	5,09	7,0	5,9	5,0
82,39	5,10	7,0	5,9	5,0
82,41	5,12	7,0	5,9	5,0
82,44	5,16	7,0	5,9	5,0
82,46	5,19	7,0	5,9	5,0
82,49	5,21	7,0	5,9	5,0
82,51	5,23	7,0	5,9	5,0
82,53	5,27	7,0	5,9	5,0
82,56	5,30	7,0	5,9	5,0
82,58	5,31	7,0	5,9	5,0
82,61	5,33	7,0	5,9	5,0
82,63	5,37	7,0	5,9	5,0
82,66	5,40	7,0	5,9	5,0
82,68	5,41	7,0	5,9	5,0
82,71	5,43	7,0	5,9	5,0
82,73	5,46	7,0	5,9	5,0
82,75	5,49	7,0	5,9	5,0
82,78	5,52	7,0	5,9	5,0
82,80	5,53	7,0	5,9	5,0
82,83	5,55	7,0	5,9	5,0
82,85	5,58	7,0	5,9	5,0
82,88	5,60	7,0	5,9	5,0
82,90	5,61	7,0	5,9	5,0
82,93	5,63	7,0	5,9	5,0
82,95	5,67	7,0	5,9	5,0
82,97	5,69	7,0	5,9	5,0
83,00	5,70	7,0	5,9	5,0
83,02	5,71	7,0	5,9	5,0
83,05	5,74	7,0	5,9	5,0
83,07	5,77	7,0	5,9	5,0
83,10	5,77	7,0	5,9	5,0
83,12	5,79	7,0	5,9	5,0
83,15	5,82	7,0	5,9	5,0
83,17	5,84	7,0	5,9	5,0
83,19	5,85	7,0	5,9	5,0
83,22	5,86	7,0	5,9	5,0
83,24	5,89	7,0	5,9	5,0
83,27	5,91	7,0	5,9	5,0
83,29	5,91	7,0	5,9	5,0
83,32	5,93	7,0	5,9	5,0
83,34	5,95	7,0	5,9	5,0
83,36	5,97	7,0	5,9	5,0
83,39	5,99	7,0	5,9	5,0
83,41	6,00	7,0	5,9	5,0
83,44	6,01	7,0	5,9	5,0
83,46	6,04	7,0	5,9	5,0
83,49	6,06	7,0	5,9	5,0
83,51	6,07	7,0	5,9	5,0
83,54	6,07	7,0	5,9	5,0
83,56	6,10	7,0	5,9	5,0
83,58	6,12	7,0	5,9	5,0
83,61	6,11	7,0	5,9	5,0
83,63	6,12	7,0	5,9	5,0
83,66	6,15	7,0	5,9	5,0
83,68	6,17	7,0	5,9	5,0
83,71	6,17	7,0	5,9	5,0
83,73	6,18	7,0	5,9	5,0
83,76	6,21	7,0	5,9	5,0
83,78	6,23	7,0	5,9	5,0
83,80	6,23	7,0	5,9	5,0
83,83	6,24	7,0	5,9	5,0
83,85	6,26	7,0	5,9	5,0
83,88	6,28	7,0	5,9	5,0
83,90	6,28	7,0	5,9	5,0
83,93	6,29	7,0	5,9	5,0
83,95	6,32	7,0	5,9	5,0
83,98	6,33	7,0	5,9	5,0
84,00	6,33	7,0	5,9	5,0
84,02	6,34	7,0	5,9	5,0
84,05	6,36	7,0	5,9	5,0
84,07	6,38	7,0	5,9	5,0
84,10	6,37	7,0	5,9	5,0
84,12	6,38	7,0	5,9	5,0
84,15	6,40	7,0	5,9	5,0
84,17	6,42	7,0	5,9	5,0
84,20	6,41	7,0	5,9	5,0
84,22	6,42	7,0	5,9	5,0
84,24	6,44	7,0	5,9	5,0
84,27	6,46	7,0	5,9	5,0
84,29	6,45	7,0	5,9	5,0
84,32	6,46	7,0	5,9	5,0
84,34	6,48	7,0	5,9	5,0
84,37	6,49	7,0	5,9	5,0
84,39	6,48	7,0	5,9	5,0
84,41	6,49	7,0	5,9	5,0
84,44	6,51	7,0	5,9	5,0
84,46	6,52	7,0	5,9	5,0
84,49	6,51	7,0	5,9	5,0
84,51	6,52	7,0	5,9	5,0
84,54	6,54	7,0	5,9	5,0
84,56	6,54	7,0	5,9	5,0
84,59	6,53	7,0	5,9	5,0
84,61	6,54	7,0	5,9	5,0
84,63	6,56	7,0	5,9	5,0
84,66	6,57	7,0	5,9	5,0
84,68	6,56	7,0	5,9	5,0
84,71	6,57	7,0	5,9	5,0
84,73	6,58	7,0	5,9	5,0
84,76	6,58	7,0	5,9	5,0
84,78	6,57	7,0	5,9	5,0
84,81	6,58	7,0	5,9	5,0
84,83	6,59	7,0	5,9	5,0
84,85	6,59	7,0	5,9	5,0
84,88	6,58	7,0	5,9	5,0
84,90	6,59	7,0	5,9	5,0
84,93	6,60	7,0	5,9	5,0
84,95	6,59	7,0	5,9	5,0
84,98	6,58	7,0	5,9	5,0
85,00	6,59	7,0	5,9	5,0
85,03	6,60	7,0	5,9	5,0
85,05	6,59	7,0	5,9	5,0
85,07	6,58	7,0	5,9	5,0
85,10	6,59	7,0	5,9	5,0
85,12	6,60	7,0	5,9	5,0
85,15	6,59	7,0	5,9	5,0
85,17	6,59	7,0	5,9	5,0
85,20	6,58	7,0	5,9	5,0
85,22	6,58	7,0	5,9	5,0
85,25	6,59	7,0	5,9	5,0
85,27	6,59	7,0	5,9	5,0
85,29	6,57	7,0	5,9	5,0
85,32	6,56	7,0	5,9	5,0
85,34	6,58	7,0	5,9	5,0
85,37	6,57	7,0	5,9	5,0
85,39	6,56	7,0	5,9	5,0
85,42	6,56	7,0	5,9	5,0
85,44	6,57	7,0	5,9	5,0
85,47	6,56	7,0	5,9	5,0
85,49	6,55	7,0	5,9	5,0
85,51	6,54	7,0	5,9	5,0
85,54	6,55	7,0	5,9	5,0
85,56	6,54	7,0	5,9	5,0
85,59	6,53	7,0	5,9	5,0
85,61	6,53	7,0	5,9	5,0
85,64	6,53	7,0	5,9	5,0
85,66	6,53	7,0	5,9	5,0
85,68	6,51	7,0	5,9	5,0
85,71	6,51	7,0	5,9	5,0
85,73	6,51	7,0	5,9	5,0
85,76	6,50	7,0	5,9	5,0
85,78	6,49	7,0	5,9	5,0
85,81	6,49	7,0	5,9	5,0
85,83	6,48	7,0	5,9	5,0
85,86	6,49	7,0	5,9	5,0
85,88	6,49	7,0	5,9	5,0
85,90	6,46	7,0	5,9	5,0
85,93	6,45	7,0	5,9	5,0
85,95	6,46	7,0	5,9	5,0
85,98	6,46	7,0	5,9	5,0
86,00	6,43	7,0	5,9	5,0
86,03	6,42	7,0	5,9	5,0
86,05	6,43	7,0	5,9	5,0
86,08	6,42	7,0	5,9	5,0
86,10	6,40	7,0	5,9	5,0
86,12	6,39	7,0	5,9	5,0
86,15	6,39	7,0	5,9	5,0
86,17	6,39	7,0	5,9	5,0
86,20	6,36	7,0	5,9	5,0
86,22	6,35	7,0	5,9	5,0
86,25	6,35	7,0	5,9	5,0
86,27	6,34	7,0	5,9	5,0
86,30	6,31	7,0	5,9	5,0
86,32	6,30	7,0	5,9	5,0
86,34	6,31	7,0	5,9	5,0
86,37	6,29	7,0	5,9	5,0
86,39	6,27	7,0	5,9	5,0
86,42	6,26	7,0	5,9	5,0
86,44	6,26	7,0	5,9	5,0
86,47	6,24	7,0	5,9	5,0
86,49	6,21	7,0	5,9	5,0
86,52	6,21	7,0	5,9	5,0
86,54	6,21	7,0	5,9	5,0
86,56	6,19	7,0	5,9	5,0
86,59	6,17	7,0	5,9	5,0
86,61	6,16	7,0	5,9	5,0
86,64	6,16	7,0	5,9	5,0
86,66	6,14	7,0	5,9	5,0
86,69	6,11	7,0	5,9	5,0
86,71	6,10	7,0	5,9	5,0
86,73	6,09	7,0	5,9	5,0
86,76	6,07	7,0	5,9	5,0
86,78	6,05	7,0	5,9	5,0
86,81	6,04	7,0	5,9	5,0
86,83	6,04	7,0	5,9	5,0
86,86	6,02	7,0	5,9	5,0
86,88	6,00	7,0	5,9	5,0
86,91	5,99	7,0	5,9	5,0
86,93	5,98	7,0	5,9	5,0
86,95	5,96	7,0	5,9	5,0
86,98	5,94	7,0	5,9	5,0
87,00	5,93	7,0	5,9	5,0
87,03	5,92	7,0	5,9	5,0
87,05	5,89	7,0	5,9	5,0
87,08	5,87	7,0	5,9	5,0
87,10	5,87	7,0	5,9	5,0
87,13	5,86	7,0	5,9	5,0
87,15	5,83	7,0	5,9	5,0
87,17	5,81	7,0	5,9	5,0
87,20	5,80	7,0	5,9	5,0
87,22	5,79	7,0	5,9	5,0
87,25	5,76	7,0	5,9	5,0
87,27	5,74	7,0	5,9	5,0
87,30	5,74	7,0	5,9	5,0
87,32	5,73	7,0	5,9	5,0
87,35	5,70	7,0	5,9	5,0
87,37	5,68	7,0	5,9	5,0
87,39	5,68	7,0	5,9	5,0
87,42	5,67	7,0	5,9	5,0
87,44	5,63	7,0	5,9	5,0
87,47	5,61	7,0	5,9	5,0
87,49	5,61	7,0	5,9	5,0
87,52	5,59	7,0	5,9	5,0
87,54	5,56	7,0	5,9	5,0
87,57	5,54	7,0	5,9	5,0
87,59	5,54	7,0	5,9	5,0
87,61	5,52	7,0	5,9	5,0
87,64	5,51	7,0	5,9	5,0
87,66	5,49	7,0	5,9	5,0
87,69	5,46	7,0	5,9	5,0
87,71	5,45	7,0	5,9	5,0
87,74	5,44	7,0	5,9	5,0
87,76	5,42	7,0	5,9	5,0
87,78	5,39	7,0	5,9	5,0
87,81	5,38	7,0	5,9	5,0
87,83	5,37	7,0	5,9	5,0
87,86	5,35	7,0	5,9	5,0
87,88	5,32	7,0	5,9	5,0
87,91	5,31	7,0	5,9	5,0
87,93	5,29	7,0	5,9	5,0
87,96	5,26	7,0	5,9	5,0
87,98	5,24	7,0	5,9	5,0
88,00	5,22	7,0	5,9	5,0
88,03	5,21	7,0	5,9	5,0
88,05	5,18	7,0	5,9	5,0
88,08	5,16	7,0	5,9	5,0
88,10	5,15	7,0	5,9	5,0
88,13	5,12	7,0	5,9	5,0
88,15	5,10	7,0	5,9	5,0
88,18	5,08	7,0	5,9	5,0
88,20	5,06	7,0	5,9	5,0
88,22	5,04	7,0	5,9	5,0
88,25	5,01	7,0	5,9	5,0
88,27	4,99	7,0	5,9	5,0
88,30	4,96	7,0	5,9	5,0
88,32	4,94	7,0	5,9	5,0
88,35	4,93	7,0	5,9	5,0
88,37	4,90	7,0	5,9	5,0
88,40	4,86	7,0	5,9	5,0
88,42	4,85	7,0	5,9	5,0
88,44	4,84	7,0	5,9	5,0
88,47	4,81	7,0	5,9	5,0
88,49	4,78	7,0	5,9	5,0
88,52	4,76	7,0	5,9	5,0
88,54	4,75	7,0	5,9	5,0
88,57	4,71	7,0	5,9	5,0
88,59	4,69	7,0	5,9	5,0
88,62	4,67	7,0	5,9	5,0
88,64	4,65	7,0	5,9	5,0
88,66	4,62	7,0	5,9	5,0
88,69	4,59	7,0	5,9	5,0
88,71	4,58	7,0	5,9	5,0
88,74	4,56	7,0	5,9	5,0
88,76	4,52	7,0	5,9	5,0
88,79	4,50	7,0	5,9	5,0
88,81	4,49	7,0	5,9	5,0
88,83	4,47	7,0	5,9	5,0
88,86	4,44	7,0	5,9	5,0
88,88	4,41	7,0	5,9	5,0
88,91	4,40	7,0	5,9	5,0
88,93	4,38	7,0	5,9	5,0
88,96	4,34	7,0	5,9	5,0
88,98	4,32	7,0	5,9	5,0
89,01	4,31	7,0	5,9	5,0
89,03	4,29	7,0	5,9	5,0
89,05	4,25	7,0	5,9	5,0
89,08	4,23	7,0	5,9	5,0
89,10	4,22	7,0	5,9	5,0
89,13	4,20	7,0	5,9	5,0
89,15	4,16	7,0	5,9	5,0
89,18	4,13	7,0	5,9	5,0
89,20	4,13	7,0	5,9	5,0
89,23	4,11	7,0	5,9	5,0
89,25	4,07	7,0	5,9	5,0
89,27	4,05	7,0	5,9	5,0
89,30	4,05	7,0	5,9	5,0
89,32	4,03	7,0	5,9	5,0
89,35	3,98	7,0	5,9	5,0
89,37	3,96	7,0	5,9	5,0
89,40	3,96	7,0	5,9	5,0
89,42	3,94	7,0	5,9	5,0
89,45	3,90	7,0	5,9	5,0
89,47	3,88	7,0	5,9	5,0
89,49	3,87	7,0	5,9	5,0
89,52	3,85	7,0	5,9	5,0
89,54	3,81	7,0	5,9	5,0
89,57	3,79	7,0	5,9	5,0
89,59	3,79	7,0	5,9	5,0
89,62	3,77	7,0	5,9	5,0
89,64	3,73	7,0	5,9	5,0
89,67	3,71	7,0	5,9	5,0
89,69	3,71	7,0	5,9	5,0
89,71	3,69	7,0	5,9	5,0
89,74	3,65	7,0	5,9	5,0
89,76	3,63	7,0	5,9	5,0
89,79	3,63	7,0	5,9	5,0
89,81	3,60	7,0	5,9	5,0
89,84	3,56	7,0	5,9	5,0
89,86	3,54	7,0	5,9	5,0
89,89	3,54	7,0	5,9	5,0
89,91	3,51	7,0	5,9	5,0
89,93	3,47	7,0	5,9	5,0
89,96	3,46	7,0	5,9	5,0
89,98	3,45	7,0	5,9	5,0
90,01	3,43	7,0	5,9	5,0
90,03	3,39	7,0	5,9	5,0
90,06	3,37	7,0	5,9	5,0
90,08	3,34	7,0	5,9	5,0
90,10	3,33	7,0	5,9	5,0
90,13	3,31	7,0	5,9	5,0
90,15	3,28	7,0	5,9	5,0
90,18	3,26	7,0	5,9	5,0
90,20	3,25	7,0	5,9	5,0
90,23	3,23	7,0	5,9	5,0
90,25	3,19	7,0	5,9	5,0
90,28	3,17	7,0	5,9	5,0
90,30	3,16	7,0	5,9	5,0
90,32	3,14	7,0	5,9	5,0
90,35	3,10	7,0	5,9	5,0
90,37	3,08	7,0	5,9	5,0
90,40	3,07	7,0	5,9	5,0
90,42	3,06	7,0	5,9	5,0
90,45	3,02	7,0	5,9	5,0
90,47	3,00	7,0	5,9	5,0
90,50	2,99	7,0	5,9	5,0
90,52	2,98	7,0	5,9	5,0
90,54	2,93	7,0	5,9	5,0
90,57	2,92	7,0	5,9	5,0
90,59	2,91	7,0	5,9	5,0
90,62	2,89	7,0	5,9	5,0
90,64	2,85	7,0	5,9	5,0
90,67	2,84	7,0	5,9	5,0
90,69	2,83	7,0	5,9	5,0
90,72	2,81	7,0	5,9	5,0
90,74	2,80	7,0	5,9	5,0
90,76	2,76	7,0	5,9	5,0
90,79	2,74	7,0	5,9	5,0
90,81	2,73	7,0	5,9	5,0
90,84	2,72	7,0	5,9	5,0
90,86	2,68	7,0	5,9	5,0
90,89	2,67	7,0	5,9	5,0
90,91	2,66	7,0	5,9	5,0
90,94	2,65	7,0	5,9	5,0
90,96	2,61	7,0	5,9	5,0
90,98	2,59	7,0	5,9	5,0
91,01	2,59	7,0	5,9	5,0
91,03	2,57	7,0	5,9	5,0
91,06	2,53	7,0	5,9	5,0
91,08	2,52	7,0	5,9	5,0
91,11	2,52	7,0	5,9	5,0
91,13	2,50	7,0	5,9	5,0
91,15	2,47	7,0	5,9	5,0
91,18	2,45	7,0	5,9	5,0
91,20	2,46	7,0	5,9	5,0
91,23	2,44	7,0	5,9	5,0
91,25	2,40	7,0	5,9	5,0
91,28	2,39	7,0	5,9	5,0
91,30	2,38	7,0	5,9	5,0
91,33	2,37	7,0	5,9	5,0
91,35	2,33	7,0	5,9	5,0
91,37	2,32	7,0	5,9	5,0
91,40	2,32	7,0	5,9	5,0
91,42	2,30	7,0	5,9	5,0
91,45	2,27	7,0	5,9	5,0
91,47	2,26	7,0	5,9	5,0
91,50	2,26	7,0	5,9	5,0
91,52	2,24	7,0	5,9	5,0
91,55	2,20	7,0	5,9	5,0
91,57	2,20	7,0	5,9	5,0
91,59	2,20	7,0	5,9	5,0
91,62	2,18	7,0	5,9	5,0
91,64	2,15	7,0	5,9	5,0
91,67	2,15	7,0	5,9	5,0
91,69	2,14	7,0	5,9	5,0
91,72	2,13	7,0	5,9	5,0
91,74	2,10	7,0	5,9	5,0
91,77	2,09	7,0	5,9	5,0
91,79	2,09	7,0	5,9	5,0
91,81	2,06	7,0	5,9	5,0
91,84	2,04	7,0	5,9	5,0
91,86	2,03	7,0	5,9	5,0
91,89	2,03	7,0	5,9	5,0
91,91	2,01	7,0	5,9	5,0
91,94	1,99	7,0	5,9	5,0
91,96	1,98	7,0	5,9	5,0
91,99	1,98	7,0	5,9	5,0
92,01	1,96	7,0	5,9	5,0
92,03	1,94	7,0	5,9	5,0
92,06	1,94	7,0	5,9	5,0
92,08	1,93	7,0	5,9	5,0
92,11	1,91	7,0	5,9	5,0
92,13	1,89	7,0	5,9	5,0
92,16	1,89	7,0	5,9	5,0
92,18	1,89	7,0	5,9	5,0
92,20	1,87	7,0	5,9	5,0
92,23	1,85	7,0	5,9	5,0
92,25	1,85	7,0	5,9	5,0
92,28	1,84	7,0	5,9	5,0
92,30	1,82	7,0	5,9	5,0
92,33	1,81	7,0	5,9	5,0
92,35	1,81	7,0	5,9	5,0
92,38	1,81	7,0	5,9	5,0
92,40	1,78	7,0	5,9	5,0
92,42	1,77	7,0	5,9	5,0
92,45	1,78	7,0	5,9	5,0
92,47	1,77	7,0	5,9	5,0
92,50	1,75	7,0	5,9	5,0
92,52	1,74	7,0	5,9	5,0
92,55	1,72	7,0	5,9	5,0
92,57	1,72	7,0	5,9	5,0
92,60	1,72	7,0	5,9	5,0
92,62	1,71	7,0	5,9	5,0
92,64	1,69	7,0	5,9	5,0
92,67	1,69	7,0	5,9	5,0
92,69	1,69	7,0	5,9	5,0
92,72	1,68	7,0	5,9	5,0
92,74	1,66	7,0	5,9	5,0
92,77	1,67	7,0	5,9	5,0
92,79	1,67	7,0	5,9	5,0
92,82	1,66	7,0	5,9	5,0
92,84	1,64	7,0	5,9	5,0
92,86	1,65	7,0	5,9	5,0
92,89	1,65	7,0	5,9	5,0
92,91	1,63	7,0	5,9	5,0
92,94	1,62	7,0	5,9	5,0
92,96	1,62	7,0	5,9	5,0
92,99	1,62	7,0	5,9	5,0
93,01	1,61	7,0	5,9	5,0
93,04	1,60	7,0	5,9	5,0
93,06	1,60	7,0	5,9	5,0
93,08	1,61	7,0	5,9	5,0
93,11	1,60	7,0	5,9	5,0
93,13	1,59	7,0	5,9	5,0
93,16	1,58	7,0	5,9	5,0
93,18	1,59	7,0	5,9	5,0
93,21	1,60	7,0	5,9	5,0
93,23	1,59	7,0	5,9	5,0
93,25	1,58	7,0	5,9	5,0
93,28	1,58	7,0	5,9	5,0
93,30	1,60	7,0	5,9	5,0
93,33	1,59	7,0	5,9	5,0
93,35	1,58	7,0	5,9	5,0
93,38	1,59	7,0	5,9	5,0
93,40	1,60	7,0	5,9	5,0
93,43	1,59	7,0	5,9	5,0
93,45	1,57	7,0	5,9	5,0
93,47	1,58	7,0	5,9	5,0
93,50	1,60	7,0	5,9	5,0
93,52	1,59	7,0	5,9	5,0
93,55	1,58	7,0	5,9	5,0
93,57	1,59	7,0	5,9	5,0
93,60	1,61	7,0	5,9	5,0
93,62	1,60	7,0	5,9	5,0
93,65	1,59	7,0	5,9	5,0
93,67	1,60	7,0	5,9	5,0
93,69	1,62	7,0	5,9	5,0
93,72	1,61	7,0	5,9	5,0
93,74	1,60	7,0	5,9	5,0
93,77	1,62	7,0	5,9	5,0
93,79	1,63	7,0	5,9	5,0
93,82	1,62	7,0	5,9	5,0
93,84	1,61	7,0	5,9	5,0
93,87	1,63	7,0	5,9	5,0
93,89	1,64	7,0	5,9	5,0
93,91	1,63	7,0	5,9	5,0
93,94	1,63	7,0	5,9	5,0
93,96	1,65	7,0	5,9	5,0
93,99	1,66	7,0	5,9	5,0
94,01	1,65	7,0	5,9	5,0
94,04	1,65	7,0	5,9	5,0
94,06	1,68	7,0	5,9	5,0
94,09	1,69	7,0	5,9	5,0
94,11	1,68	7,0	5,9	5,0
94,13	1,68	7,0	5,9	5,0
94,16	1,70	7,0	5,9	5,0
94,18	1,70	7,0	5,9	5,0
94,21	1,70	7,0	5,9	5,0
94,23	1,70	7,0	5,9	5,0
94,26	1,72	7,0	5,9	5,0
94,28	1,74	7,0	5,9	5,0
94,31	1,73	7,0	5,9	5,0
94,33	1,74	7,0	5,9	5,0
94,35	1,76	7,0	5,9	5,0
94,38	1,76	7,0	5,9	5,0
94,40	1,76	7,0	5,9	5,0
94,43	1,77	7,0	5,9	5,0
94,45	1,79	7,0	5,9	5,0
94,48	1,81	7,0	5,9	5,0
94,50	1,80	7,0	5,9	5,0
94,52	1,81	7,0	5,9	5,0
94,55	1,84	7,0	5,9	5,0
94,57	1,85	7,0	5,9	5,0
94,60	1,84	7,0	5,9	5,0
94,62	1,86	7,0	5,9	5,0
94,65	1,89	7,0	5,9	5,0
94,67	1,89	7,0	5,9	5,0
94,70	1,89	7,0	5,9	5,0
94,72	1,91	7,0	5,9	5,0
94,74	1,94	7,0	5,9	5,0
94,77	1,94	7,0	5,9	5,0
94,79	1,94	7,0	5,9	5,0
94,82	1,96	7,0	5,9	5,0
94,84	1,99	7,0	5,9	5,0
94,87	2,00	7,0	5,9	5,0
94,89	1,99	7,0	5,9	5,0
94,92	2,02	7,0	5,9	5,0
94,94	2,03	7,0	5,9	5,0
94,96	2,06	7,0	5,9	5,0
94,99	2,08	7,0	5,9	5,0
95,01	2,08	7,0	5,9	5,0
95,04	2,11	7,0	5,9	5,0
95,06	2,13	7,0	5,9	5,0
95,09	2,15	7,0	5,9	5,0
95,11	2,15	7,0	5,9	5,0
95,14	2,17	7,0	5,9	5,0
95,16	2,20	7,0	5,9	5,0
95,18	2,22	7,0	5,9	5,0
95,21	2,23	7,0	5,9	5,0
95,23	2,25	7,0	5,9	5,0
95,26	2,28	7,0	5,9	5,0
95,28	2,30	7,0	5,9	5,0
95,31	2,31	7,0	5,9	5,0
95,33	2,32	7,0	5,9	5,0
95,36	2,36	7,0	5,9	5,0
95,38	2,37	7,0	5,9	5,0
95,40	2,38	7,0	5,9	5,0
95,43	2,40	7,0	5,9	5,0
95,45	2,43	7,0	5,9	5,0
95,48	2,46	7,0	5,9	5,0
95,50	2,46	7,0	5,9	5,0
95,53	2,48	7,0	5,9	5,0
95,55	2,52	7,0	5,9	5,0
95,57	2,54	7,0	5,9	5,0
95,60	2,57	7,0	5,9	5,0
95,62	2,57	7,0	5,9	5,0
95,65	2,59	7,0	5,9	5,0
95,67	2,63	7,0	5,9	5,0
95,70	2,66	7,0	5,9	5,0
95,72	2,67	7,0	5,9	5,0
95,75	2,69	7,0	5,9	5,0
95,77	2,73	7,0	5,9	5,0
95,79	2,76	7,0	5,9	5,0
95,82	2,77	7,0	5,9	5,0
95,84	2,79	7,0	5,9	5,0
95,87	2,82	7,0	5,9	5,0
95,89	2,85	7,0	5,9	5,0
95,92	2,87	7,0	5,9	5,0
95,94	2,89	7,0	5,9	5,0
95,97	2,93	7,0	5,9	5,0
95,99	2,96	7,0	5,9	5,0
96,01	2,97	7,0	5,9	5,0
96,04	3,00	7,0	5,9	5,0
96,06	3,04	7,0	5,9	5,0
96,09	3,07	7,0	5,9	5,0
96,11	3,08	7,0	5,9	5,0
96,14	3,11	7,0	5,9	5,0
96,16	3,16	7,0	5,9	5,0
96,19	3,19	7,0	5,9	5,0
96,21	3,20	7,0	5,9	5,0
96,23	3,23	7,0	5,9	5,0
96,26	3,28	7,0	5,9	5,0
96,28	3,30	7,0	5,9	5,0
96,31	3,32	7,0	5,9	5,0
96,33	3,35	7,0	5,9	5,0
96,36	3,40	7,0	5,9	5,0
96,38	3,43	7,0	5,9	5,0
96,41	3,44	7,0	5,9	5,0
96,43	3,48	7,0	5,9	5,0
96,45	3,53	7,0	5,9	5,0
96,48	3,56	7,0	5,9	5,0
96,50	3,58	7,0	5,9	5,0
96,53	3,62	7,0	5,9	5,0
96,55	3,67	7,0	5,9	5,0
96,58	3,68	7,0	5,9	5,0
96,60	3,70	7,0	5,9	5,0
96,62	3,75	7,0	5,9	5,0
96,65	3,80	7,0	5,9	5,0
96,67	3,82	7,0	5,9	5,0
96,70	3,84	7,0	5,9	5,0
96,72	3,89	7,0	5,9	5,0
96,75	3,94	7,0	5,9	5,0
96,77	3,96	7,0	5,9	5,0
96,80	3,98	7,0	5,9	5,0
96,82	4,03	7,0	5,9	5,0
96,84	4,08	7,0	5,9	5,0
96,87	4,10	7,0	5,9	5,0
96,89	4,13	7,0	5,9	5,0
96,92	4,17	7,0	5,9	5,0
96,94	4,23	7,0	5,9	5,0
96,97	4,25	7,0	5,9	5,0
96,99	4,28	7,0	5,9	5,0
97,02	4,33	7,0	5,9	5,0
97,04	4,38	7,0	5,9	5,0
97,06	4,40	7,0	5,9	5,0
97,09	4,43	7,0	5,9	5,0
97,11	4,48	7,0	5,9	5,0
97,14	4,54	7,0	5,9	5,0
97,16	4,56	7,0	5,9	5,0
97,19	4,59	7,0	5,9	5,0
97,21	4,64	7,0	5,9	5,0
97,24	4,69	7,0	5,9	5,0
97,26	4,72	7,0	5,9	5,0
97,28	4,75	7,0	5,9	5,0
97,31	4,80	7,0	5,9	5,0
97,33	4,85	7,0	5,9	5,0
97,36	4,87	7,0	5,9	5,0
97,38	4,92	7,0	5,9	5,0
97,41	4,95	7,0	5,9	5,0
97,43	5,00	7,0	5,9	5,0
97,46	5,06	7,0	5,9	5,0
97,48	5,09	7,0	5,9	5,0
97,50	5,12	7,0	5,9	5,0
97,53	5,17	7,0	5,9	5,0
97,55	5,22	7,0	5,9	5,0
97,58	5,26	7,0	5,9	5,0
97,60	5,29	7,0	5,9	5,0
97,63	5,35	7,0	5,9	5,0
97,65	5,40	7,0	5,9	5,0
97,68	5,44	7,0	5,9	5,0
97,70	5,47	7,0	5,9	5,0
97,72	5,52	7,0	5,9	5,0
97,75	5,58	7,0	5,9	5,0
97,77	5,61	7,0	5,9	5,0
97,80	5,65	7,0	5,9	5,0
97,82	5,70	7,0	5,9	5,0
97,85	5,76	7,0	5,9	5,0
97,87	5,79	7,0	5,9	5,0
97,89	5,83	7,0	5,9	5,0
97,92	5,89	7,0	5,9	5,0
97,94	5,94	7,0	5,9	5,0
97,97	5,98	7,0	5,9	5,0
97,99	6,01	7,0	5,9	5,0
98,02	6,07	7,0	5,9	5,0
98,04	6,11	7,0	5,9	5,0
98,07	6,18	7,0	5,9	5,0
98,09	6,22	7,0	5,9	5,0
98,11	6,25	7,0	5,9	5,0
98,14	6,31	7,0	5,9	5,0
98,16	6,37	7,0	5,9	5,0
98,19	6,41	7,0	5,9	5,0
98,21	6,44	7,0	5,9	5,0
98,24	6,50	7,0	5,9	5,0
98,26	6,56	7,0	5,9	5,0
98,29	6,60	7,0	5,9	5,0
98,31	6,63	7,0	5,9	5,0
98,33	6,70	7,0	5,9	5,0
98,36	6,76	7,0	5,9	5,0
98,38	6,80	7,0	5,9	5,0
98,41	6,84	7,0	5,9	5,0
98,43	6,90	7,0	5,9	5,0
98,46	6,96	7,0	5,9	5,0
98,48	7,00	7,0	5,9	5,0
98,51	7,03	7,0	5,9	5,0
98,53	7,10	7,0	5,9	5,0
98,55	7,16	7,0	5,9	5,0
98,58	7,20	7,0	5,9	5,0
98,60	7,24	7,0	5,9	5,0
98,63	7,30	7,0	5,9	5,0
98,65	7,37	7,0	5,9	5,0
98,68	7,41	7,0	5,9	5,0
98,70	7,42	7,0	5,9	5,0
98,73	7,44	7,0	5,9	5,0
98,75	7,49	7,0	5,9	5,0
98,77	7,51	7,0	5,9	5,0
98,80	7,52	7,0	5,9	5,0
98,82	7,54	7,0	5,9	5,0
98,85	7,58	7,0	5,9	5,0
98,87	7,60	7,0	5,9	5,0
98,90	7,60	7,0	5,9	5,0
98,92	7,61	7,0	5,9	5,0
98,94	7,64	7,0	5,9	5,0
98,97	7,65	7,0	5,9	5,0
98,99	7,64	7,0	5,9	5,0
