Voltage U1	Corriente IA	Voltage U2	Voltage U3	Voltage UH
U1/V	IA/nA	U2/V	U3/V	UH/V

0,02	0,21	5,0	5,8	5,5
0,04	0,19	5,0	5,8	5,5
0,07	0,18	5,0	5,8	5,5
0,09	0,19	5,0	5,8	5,5
0,12	0,18	5,0	5,8	5,5
0,14	0,17	5,0	5,8	5,5
0,17	0,15	5,0	5,8	5,5
0,19	0,15	5,0	5,8	5,5
0,21	0,15	5,0	5,8	5,5
0,24	0,14	5,0	5,8	5,5
0,26	0,13	5,0	5,8	5,5
0,29	0,13	5,0	5,8	5,5
0,31	0,12	5,0	5,8	5,5
0,34	0,11	5,0	5,8	5,5
0,36	0,11	5,0	5,8	5,5
0,39	0,12	5,0	5,8	5,5
0,41	0,11	5,0	5,8	5,5
0,43	0,10	5,0	5,8	5,5
0,46	0,11	5,0	5,8	5,5
0,48	0,12	5,0	5,8	5,5
0,51	0,11	5,0	5,8	5,5
0,53	0,10	5,0	5,8	5,5
0,56	0,11	5,0	5,8	5,5
0,58	0,11	5,0	5,8	5,5
0,61	0,10	5,0	5,8	5,5
0,63	0,10	5,0	5,8	5,5
0,65	0,10	5,0	5,8	5,5
0,68	0,11	5,0	5,8	5,5
0,70	0,10	5,0	5,8	5,5
0,73	0,09	5,0	5,8	5,5
0,75	0,10	5,0	5,8	5,5
0,78	0,11	5,0	5,8	5,5
0,80	0,10	5,0	5,8	5,5
0,83	0,09	5,0	5,8	5,5
0,85	0,09	5,0	5,8	5,5
0,87	0,10	5,0	5,8	5,5
0,90	0,09	5,0	5,8	5,5
0,92	0,09	5,0	5,8	5,5
0,95	0,09	5,0	5,8	5,5
0,97	0,11	5,0	5,8	5,5
1,00	0,10	5,0	5,8	5,5
1,02	0,09	5,0	5,8	5,5
1,05	0,10	5,0	5,8	5,5
1,07	0,11	5,0	5,8	5,5
1,09	0,10	5,0	5,8	5,5
1,12	0,10	5,0	5,8	5,5
1,14	0,11	5,0	5,8	5,5
1,17	0,12	5,0	5,8	5,5
1,19	0,12	5,0	5,8	5,5
1,22	0,11	5,0	5,8	5,5
1,24	0,13	5,0	5,8	5,5
1,26	0,15	5,0	5,8	5,5
1,29	0,14	5,0	5,8	5,5
1,31	0,14	5,0	5,8	5,5
1,34	0,16	5,0	5,8	5,5
1,36	0,18	5,0	5,8	5,5
1,39	0,17	5,0	5,8	5,5
1,41	0,18	5,0	5,8	5,5
1,44	0,21	5,0	5,8	5,5
1,46	0,23	5,0	5,8	5,5
1,48	0,22	5,0	5,8	5,5
1,51	0,23	5,0	5,8	5,5
1,53	0,26	5,0	5,8	5,5
1,56	0,27	5,0	5,8	5,5
1,58	0,27	5,0	5,8	5,5
1,61	0,28	5,0	5,8	5,5
1,63	0,32	5,0	5,8	5,5
1,66	0,33	5,0	5,8	5,5
1,68	0,33	5,0	5,8	5,5
1,70	0,34	5,0	5,8	5,5
1,73	0,38	5,0	5,8	5,5
1,75	0,39	5,0	5,8	5,5
1,78	0,39	5,0	5,8	5,5
1,80	0,40	5,0	5,8	5,5
1,83	0,44	5,0	5,8	5,5
1,85	0,45	5,0	5,8	5,5
1,88	0,44	5,0	5,8	5,5
1,90	0,47	5,0	5,8	5,5
1,92	0,50	5,0	5,8	5,5
1,95	0,51	5,0	5,8	5,5
1,97	0,50	5,0	5,8	5,5
2,00	0,52	5,0	5,8	5,5
2,02	0,56	5,0	5,8	5,5
2,05	0,56	5,0	5,8	5,5
2,07	0,55	5,0	5,8	5,5
2,10	0,58	5,0	5,8	5,5
2,12	0,61	5,0	5,8	5,5
2,14	0,62	5,0	5,8	5,5
2,17	0,62	5,0	5,8	5,5
2,19	0,65	5,0	5,8	5,5
2,22	0,67	5,0	5,8	5,5
2,24	0,66	5,0	5,8	5,5
2,27	0,66	5,0	5,8	5,5
2,29	0,69	5,0	5,8	5,5
2,31	0,71	5,0	5,8	5,5
2,34	0,70	5,0	5,8	5,5
2,36	0,71	5,0	5,8	5,5
2,39	0,74	5,0	5,8	5,5
2,41	0,75	5,0	5,8	5,5
2,44	0,74	5,0	5,8	5,5
2,46	0,76	5,0	5,8	5,5
2,49	0,78	5,0	5,8	5,5
2,51	0,79	5,0	5,8	5,5
2,53	0,79	5,0	5,8	5,5
2,56	0,80	5,0	5,8	5,5
2,58	0,83	5,0	5,8	5,5
2,61	0,84	5,0	5,8	5,5
2,63	0,83	5,0	5,8	5,5
2,66	0,84	5,0	5,8	5,5
2,68	0,87	5,0	5,8	5,5
2,71	0,87	5,0	5,8	5,5
2,73	0,86	5,0	5,8	5,5
2,75	0,88	5,0	5,8	5,5
2,78	0,90	5,0	5,8	5,5
2,80	0,89	5,0	5,8	5,5
2,83	0,89	5,0	5,8	5,5
2,85	0,92	5,0	5,8	5,5
2,88	0,93	5,0	5,8	5,5
2,90	0,93	5,0	5,8	5,5
2,93	0,93	5,0	5,8	5,5
2,95	0,96	5,0	5,8	5,5
2,97	0,97	5,0	5,8	5,5
3,00	0,96	5,0	5,8	5,5
3,02	0,96	5,0	5,8	5,5
3,05	0,99	5,0	5,8	5,5
3,07	1,01	5,0	5,8	5,5
3,10	1,00	5,0	5,8	5,5
3,12	1,00	5,0	5,8	5,5
3,15	1,03	5,0	5,8	5,5
3,17	1,04	5,0	5,8	5,5
3,19	1,02	5,0	5,8	5,5
3,22	1,04	5,0	5,8	5,5
3,24	1,06	5,0	5,8	5,5
3,27	1,07	5,0	5,8	5,5
3,29	1,06	5,0	5,8	5,5
3,32	1,07	5,0	5,8	5,5
3,34	1,10	5,0	5,8	5,5
3,36	1,10	5,0	5,8	5,5
3,39	1,09	5,0	5,8	5,5
3,41	1,11	5,0	5,8	5,5
3,44	1,13	5,0	5,8	5,5
3,46	1,13	5,0	5,8	5,5
3,49	1,12	5,0	5,8	5,5
3,51	1,13	5,0	5,8	5,5
3,54	1,16	5,0	5,8	5,5
3,56	1,16	5,0	5,8	5,5
3,58	1,15	5,0	5,8	5,5
3,61	1,17	5,0	5,8	5,5
3,63	1,19	5,0	5,8	5,5
3,66	1,19	5,0	5,8	5,5
3,68	1,18	5,0	5,8	5,5
3,71	1,20	5,0	5,8	5,5
3,73	1,22	5,0	5,8	5,5
3,76	1,22	5,0	5,8	5,5
3,78	1,21	5,0	5,8	5,5
3,80	1,23	5,0	5,8	5,5
3,83	1,25	5,0	5,8	5,5
3,85	1,25	5,0	5,8	5,5
3,88	1,25	5,0	5,8	5,5
3,90	1,27	5,0	5,8	5,5
3,93	1,29	5,0	5,8	5,5
3,95	1,28	5,0	5,8	5,5
3,98	1,27	5,0	5,8	5,5
4,00	1,29	5,0	5,8	5,5
4,02	1,31	5,0	5,8	5,5
4,05	1,31	5,0	5,8	5,5
4,07	1,31	5,0	5,8	5,5
4,10	1,32	5,0	5,8	5,5
4,12	1,34	5,0	5,8	5,5
4,15	1,34	5,0	5,8	5,5
4,17	1,33	5,0	5,8	5,5
4,20	1,35	5,0	5,8	5,5
4,22	1,37	5,0	5,8	5,5
4,24	1,36	5,0	5,8	5,5
4,27	1,36	5,0	5,8	5,5
4,29	1,38	5,0	5,8	5,5
4,32	1,40	5,0	5,8	5,5
4,34	1,38	5,0	5,8	5,5
4,37	1,38	5,0	5,8	5,5
4,39	1,41	5,0	5,8	5,5
4,42	1,42	5,0	5,8	5,5
4,44	1,41	5,0	5,8	5,5
4,46	1,40	5,0	5,8	5,5
4,49	1,42	5,0	5,8	5,5
4,51	1,44	5,0	5,8	5,5
4,54	1,43	5,0	5,8	5,5
4,56	1,44	5,0	5,8	5,5
4,59	1,46	5,0	5,8	5,5
4,61	1,46	5,0	5,8	5,5
4,63	1,45	5,0	5,8	5,5
4,66	1,47	5,0	5,8	5,5
4,68	1,49	5,0	5,8	5,5
4,71	1,48	5,0	5,8	5,5
4,73	1,47	5,0	5,8	5,5
4,76	1,49	5,0	5,8	5,5
4,78	1,51	5,0	5,8	5,5
4,81	1,51	5,0	5,8	5,5
4,83	1,50	5,0	5,8	5,5
4,85	1,52	5,0	5,8	5,5
4,88	1,54	5,0	5,8	5,5
4,90	1,53	5,0	5,8	5,5
4,93	1,53	5,0	5,8	5,5
4,95	1,55	5,0	5,8	5,5
4,98	1,57	5,0	5,8	5,5
5,00	1,56	5,0	5,8	5,5
5,03	1,55	5,0	5,8	5,5
5,05	1,58	5,0	5,8	5,5
5,07	1,59	5,0	5,8	5,5
5,10	1,58	5,0	5,8	5,5
5,12	1,58	5,0	5,8	5,5
5,15	1,60	5,0	5,8	5,5
5,17	1,61	5,0	5,8	5,5
5,20	1,59	5,0	5,8	5,5
5,22	1,60	5,0	5,8	5,5
5,25	1,63	5,0	5,8	5,5
5,27	1,63	5,0	5,8	5,5
5,29	1,61	5,0	5,8	5,5
5,32	1,63	5,0	5,8	5,5
5,34	1,65	5,0	5,8	5,5
5,37	1,65	5,0	5,8	5,5
5,39	1,64	5,0	5,8	5,5
5,42	1,65	5,0	5,8	5,5
5,44	1,67	5,0	5,8	5,5
5,47	1,66	5,0	5,8	5,5
5,49	1,65	5,0	5,8	5,5
5,51	1,68	5,0	5,8	5,5
5,54	1,69	5,0	5,8	5,5
5,56	1,69	5,0	5,8	5,5
5,59	1,68	5,0	5,8	5,5
5,61	1,69	5,0	5,8	5,5
5,64	1,71	5,0	5,8	5,5
5,66	1,70	5,0	5,8	5,5
5,68	1,70	5,0	5,8	5,5
5,71	1,72	5,0	5,8	5,5
5,73	1,73	5,0	5,8	5,5
5,76	1,73	5,0	5,8	5,5
5,78	1,73	5,0	5,8	5,5
5,81	1,75	5,0	5,8	5,5
5,83	1,76	5,0	5,8	5,5
5,86	1,75	5,0	5,8	5,5
5,88	1,74	5,0	5,8	5,5
5,90	1,76	5,0	5,8	5,5
5,93	1,77	5,0	5,8	5,5
5,95	1,77	5,0	5,8	5,5
5,98	1,76	5,0	5,8	5,5
6,00	1,79	5,0	5,8	5,5
6,03	1,80	5,0	5,8	5,5
6,05	1,79	5,0	5,8	5,5
6,08	1,79	5,0	5,8	5,5
6,10	1,81	5,0	5,8	5,5
6,12	1,82	5,0	5,8	5,5
6,15	1,81	5,0	5,8	5,5
6,17	1,80	5,0	5,8	5,5
6,20	1,82	5,0	5,8	5,5
6,22	1,84	5,0	5,8	5,5
6,25	1,82	5,0	5,8	5,5
6,27	1,82	5,0	5,8	5,5
6,30	1,85	5,0	5,8	5,5
6,32	1,86	5,0	5,8	5,5
6,34	1,84	5,0	5,8	5,5
6,37	1,83	5,0	5,8	5,5
6,39	1,86	5,0	5,8	5,5
6,42	1,87	5,0	5,8	5,5
6,44	1,85	5,0	5,8	5,5
6,47	1,86	5,0	5,8	5,5
6,49	1,88	5,0	5,8	5,5
6,52	1,89	5,0	5,8	5,5
6,54	1,88	5,0	5,8	5,5
6,56	1,88	5,0	5,8	5,5
6,59	1,91	5,0	5,8	5,5
6,61	1,91	5,0	5,8	5,5
6,64	1,89	5,0	5,8	5,5
6,66	1,90	5,0	5,8	5,5
6,69	1,93	5,0	5,8	5,5
6,71	1,93	5,0	5,8	5,5
6,73	1,92	5,0	5,8	5,5
6,76	1,93	5,0	5,8	5,5
6,78	1,95	5,0	5,8	5,5
6,81	1,95	5,0	5,8	5,5
6,83	1,93	5,0	5,8	5,5
6,86	1,95	5,0	5,8	5,5
6,88	1,97	5,0	5,8	5,5
6,91	1,97	5,0	5,8	5,5
6,93	1,96	5,0	5,8	5,5
6,95	1,97	5,0	5,8	5,5
6,98	2,00	5,0	5,8	5,5
7,00	1,99	5,0	5,8	5,5
7,03	1,98	5,0	5,8	5,5
7,05	2,00	5,0	5,8	5,5
7,08	2,01	5,0	5,8	5,5
7,10	2,00	5,0	5,8	5,5
7,13	1,99	5,0	5,8	5,5
7,15	2,02	5,0	5,8	5,5
7,17	2,03	5,0	5,8	5,5
7,20	2,01	5,0	5,8	5,5
7,22	2,01	5,0	5,8	5,5
7,25	2,04	5,0	5,8	5,5
7,27	2,05	5,0	5,8	5,5
7,30	2,03	5,0	5,8	5,5
7,32	2,03	5,0	5,8	5,5
7,35	2,06	5,0	5,8	5,5
7,37	2,06	5,0	5,8	5,5
7,39	2,05	5,0	5,8	5,5
7,42	2,05	5,0	5,8	5,5
7,44	2,08	5,0	5,8	5,5
7,47	2,08	5,0	5,8	5,5
7,49	2,07	5,0	5,8	5,5
7,52	2,07	5,0	5,8	5,5
7,54	2,10	5,0	5,8	5,5
7,57	2,10	5,0	5,8	5,5
7,59	2,08	5,0	5,8	5,5
7,61	2,09	5,0	5,8	5,5
7,64	2,11	5,0	5,8	5,5
7,66	2,11	5,0	5,8	5,5
7,69	2,10	5,0	5,8	5,5
7,71	2,12	5,0	5,8	5,5
7,74	2,14	5,0	5,8	5,5
7,76	2,13	5,0	5,8	5,5
7,78	2,12	5,0	5,8	5,5
7,81	2,14	5,0	5,8	5,5
7,83	2,15	5,0	5,8	5,5
7,86	2,14	5,0	5,8	5,5
7,88	2,14	5,0	5,8	5,5
7,91	2,16	5,0	5,8	5,5
7,93	2,17	5,0	5,8	5,5
7,96	2,16	5,0	5,8	5,5
7,98	2,15	5,0	5,8	5,5
8,00	2,18	5,0	5,8	5,5
8,03	2,19	5,0	5,8	5,5
8,05	2,17	5,0	5,8	5,5
8,08	2,17	5,0	5,8	5,5
8,10	2,19	5,0	5,8	5,5
8,13	2,21	5,0	5,8	5,5
8,15	2,19	5,0	5,8	5,5
8,18	2,20	5,0	5,8	5,5
8,20	2,22	5,0	5,8	5,5
8,22	2,22	5,0	5,8	5,5
8,25	2,21	5,0	5,8	5,5
8,27	2,21	5,0	5,8	5,5
8,30	2,23	5,0	5,8	5,5
8,32	2,23	5,0	5,8	5,5
8,35	2,21	5,0	5,8	5,5
8,37	2,22	5,0	5,8	5,5
8,40	2,25	5,0	5,8	5,5
8,42	2,24	5,0	5,8	5,5
8,44	2,23	5,0	5,8	5,5
8,47	2,24	5,0	5,8	5,5
8,49	2,27	5,0	5,8	5,5
8,52	2,27	5,0	5,8	5,5
8,54	2,25	5,0	5,8	5,5
8,57	2,26	5,0	5,8	5,5
8,59	2,28	5,0	5,8	5,5
8,62	2,28	5,0	5,8	5,5
8,64	2,27	5,0	5,8	5,5
8,66	2,28	5,0	5,8	5,5
8,69	2,30	5,0	5,8	5,5
8,71	2,29	5,0	5,8	5,5
8,74	2,28	5,0	5,8	5,5
8,76	2,29	5,0	5,8	5,5
8,79	2,30	5,0	5,8	5,5
8,81	2,30	5,0	5,8	5,5
8,84	2,29	5,0	5,8	5,5
8,86	2,30	5,0	5,8	5,5
8,88	2,33	5,0	5,8	5,5
8,91	2,32	5,0	5,8	5,5
8,93	2,31	5,0	5,8	5,5
8,96	2,33	5,0	5,8	5,5
8,98	2,34	5,0	5,8	5,5
9,01	2,33	5,0	5,8	5,5
9,03	2,33	5,0	5,8	5,5
9,05	2,33	5,0	5,8	5,5
9,08	2,35	5,0	5,8	5,5
9,10	2,34	5,0	5,8	5,5
9,13	2,34	5,0	5,8	5,5
9,15	2,36	5,0	5,8	5,5
9,18	2,37	5,0	5,8	5,5
9,20	2,36	5,0	5,8	5,5
9,23	2,35	5,0	5,8	5,5
9,25	2,37	5,0	5,8	5,5
9,27	2,38	5,0	5,8	5,5
9,30	2,37	5,0	5,8	5,5
9,32	2,36	5,0	5,8	5,5
9,35	2,38	5,0	5,8	5,5
9,37	2,39	5,0	5,8	5,5
9,40	2,38	5,0	5,8	5,5
9,42	2,38	5,0	5,8	5,5
9,45	2,40	5,0	5,8	5,5
9,47	2,41	5,0	5,8	5,5
9,49	2,38	5,0	5,8	5,5
9,52	2,40	5,0	5,8	5,5
9,54	2,42	5,0	5,8	5,5
9,57	2,42	5,0	5,8	5,5
9,59	2,40	5,0	5,8	5,5
9,62	2,42	5,0	5,8	5,5
9,64	2,44	5,0	5,8	5,5
9,67	2,44	5,0	5,8	5,5
9,69	2,42	5,0	5,8	5,5
9,71	2,43	5,0	5,8	5,5
9,74	2,45	5,0	5,8	5,5
9,76	2,44	5,0	5,8	5,5
9,79	2,43	5,0	5,8	5,5
9,81	2,44	5,0	5,8	5,5
9,84	2,46	5,0	5,8	5,5
9,86	2,46	5,0	5,8	5,5
9,89	2,44	5,0	5,8	5,5
9,91	2,46	5,0	5,8	5,5
9,93	2,48	5,0	5,8	5,5
9,96	2,46	5,0	5,8	5,5
9,98	2,46	5,0	5,8	5,5
10,01	2,47	5,0	5,8	5,5
10,03	2,49	5,0	5,8	5,5
10,06	2,48	5,0	5,8	5,5
10,08	2,47	5,0	5,8	5,5
10,10	2,50	5,0	5,8	5,5
10,13	2,50	5,0	5,8	5,5
10,15	2,48	5,0	5,8	5,5
10,18	2,49	5,0	5,8	5,5
10,20	2,51	5,0	5,8	5,5
10,23	2,50	5,0	5,8	5,5
10,25	2,48	5,0	5,8	5,5
10,28	2,49	5,0	5,8	5,5
10,30	2,52	5,0	5,8	5,5
10,32	2,51	5,0	5,8	5,5
10,35	2,50	5,0	5,8	5,5
10,37	2,51	5,0	5,8	5,5
10,40	2,53	5,0	5,8	5,5
10,42	2,53	5,0	5,8	5,5
10,45	2,51	5,0	5,8	5,5
10,47	2,52	5,0	5,8	5,5
10,50	2,54	5,0	5,8	5,5
10,52	2,53	5,0	5,8	5,5
10,54	2,52	5,0	5,8	5,5
10,57	2,54	5,0	5,8	5,5
10,59	2,55	5,0	5,8	5,5
10,62	2,55	5,0	5,8	5,5
10,64	2,53	5,0	5,8	5,5
10,67	2,55	5,0	5,8	5,5
10,69	2,56	5,0	5,8	5,5
10,72	2,55	5,0	5,8	5,5
10,74	2,54	5,0	5,8	5,5
10,76	2,55	5,0	5,8	5,5
10,79	2,57	5,0	5,8	5,5
10,81	2,56	5,0	5,8	5,5
10,84	2,55	5,0	5,8	5,5
10,86	2,57	5,0	5,8	5,5
10,89	2,59	5,0	5,8	5,5
10,91	2,57	5,0	5,8	5,5
10,94	2,57	5,0	5,8	5,5
10,96	2,58	5,0	5,8	5,5
10,98	2,59	5,0	5,8	5,5
11,01	2,58	5,0	5,8	5,5
11,03	2,57	5,0	5,8	5,5
11,06	2,59	5,0	5,8	5,5
11,08	2,60	5,0	5,8	5,5
11,11	2,59	5,0	5,8	5,5
11,13	2,58	5,0	5,8	5,5
11,15	2,60	5,0	5,8	5,5
11,18	2,61	5,0	5,8	5,5
11,20	2,60	5,0	5,8	5,5
11,23	2,59	5,0	5,8	5,5
11,25	2,61	5,0	5,8	5,5
11,28	2,63	5,0	5,8	5,5
11,30	2,62	5,0	5,8	5,5
11,33	2,61	5,0	5,8	5,5
11,35	2,63	5,0	5,8	5,5
11,37	2,64	5,0	5,8	5,5
11,40	2,61	5,0	5,8	5,5
11,42	2,61	5,0	5,8	5,5
11,45	2,63	5,0	5,8	5,5
11,47	2,64	5,0	5,8	5,5
11,50	2,62	5,0	5,8	5,5
11,52	2,62	5,0	5,8	5,5
11,55	2,64	5,0	5,8	5,5
11,57	2,65	5,0	5,8	5,5
11,59	2,64	5,0	5,8	5,5
11,62	2,64	5,0	5,8	5,5
11,64	2,66	5,0	5,8	5,5
11,67	2,66	5,0	5,8	5,5
11,69	2,64	5,0	5,8	5,5
11,72	2,65	5,0	5,8	5,5
11,74	2,67	5,0	5,8	5,5
11,77	2,67	5,0	5,8	5,5
11,79	2,65	5,0	5,8	5,5
11,81	2,66	5,0	5,8	5,5
11,84	2,68	5,0	5,8	5,5
11,86	2,67	5,0	5,8	5,5
11,89	2,65	5,0	5,8	5,5
11,91	2,66	5,0	5,8	5,5
11,94	2,68	5,0	5,8	5,5
11,96	2,67	5,0	5,8	5,5
11,99	2,66	5,0	5,8	5,5
12,01	2,68	5,0	5,8	5,5
12,03	2,69	5,0	5,8	5,5
12,06	2,68	5,0	5,8	5,5
12,08	2,68	5,0	5,8	5,5
12,11	2,69	5,0	5,8	5,5
12,13	2,70	5,0	5,8	5,5
12,16	2,68	5,0	5,8	5,5
12,18	2,67	5,0	5,8	5,5
12,21	2,70	5,0	5,8	5,5
12,23	2,70	5,0	5,8	5,5
12,25	2,69	5,0	5,8	5,5
12,28	2,68	5,0	5,8	5,5
12,30	2,70	5,0	5,8	5,5
12,33	2,71	5,0	5,8	5,5
12,35	2,69	5,0	5,8	5,5
12,38	2,69	5,0	5,8	5,5
12,40	2,71	5,0	5,8	5,5
12,42	2,71	5,0	5,8	5,5
12,45	2,70	5,0	5,8	5,5
12,47	2,70	5,0	5,8	5,5
12,50	2,73	5,0	5,8	5,5
12,52	2,73	5,0	5,8	5,5
12,55	2,71	5,0	5,8	5,5
12,57	2,73	5,0	5,8	5,5
12,60	2,73	5,0	5,8	5,5
12,62	2,72	5,0	5,8	5,5
12,64	2,71	5,0	5,8	5,5
12,67	2,73	5,0	5,8	5,5
12,69	2,74	5,0	5,8	5,5
12,72	2,73	5,0	5,8	5,5
12,74	2,72	5,0	5,8	5,5
12,77	2,74	5,0	5,8	5,5
12,79	2,75	5,0	5,8	5,5
12,82	2,74	5,0	5,8	5,5
12,84	2,73	5,0	5,8	5,5
12,86	2,75	5,0	5,8	5,5
12,89	2,76	5,0	5,8	5,5
12,91	2,74	5,0	5,8	5,5
12,94	2,73	5,0	5,8	5,5
12,96	2,76	5,0	5,8	5,5
12,99	2,76	5,0	5,8	5,5
13,01	2,75	5,0	5,8	5,5
13,04	2,74	5,0	5,8	5,5
13,06	2,76	5,0	5,8	5,5
13,08	2,77	5,0	5,8	5,5
13,11	2,75	5,0	5,8	5,5
13,13	2,74	5,0	5,8	5,5
13,16	2,76	5,0	5,8	5,5
13,18	2,77	5,0	5,8	5,5
13,21	2,76	5,0	5,8	5,5
13,23	2,75	5,0	5,8	5,5
13,26	2,77	5,0	5,8	5,5
13,28	2,77	5,0	5,8	5,5
13,30	2,75	5,0	5,8	5,5
13,33	2,75	5,0	5,8	5,5
13,35	2,77	5,0	5,8	5,5
13,38	2,76	5,0	5,8	5,5
13,40	2,74	5,0	5,8	5,5
13,43	2,74	5,0	5,8	5,5
13,45	2,76	5,0	5,8	5,5
13,47	2,76	5,0	5,8	5,5
13,50	2,73	5,0	5,8	5,5
13,52	2,73	5,0	5,8	5,5
13,55	2,75	5,0	5,8	5,5
13,57	2,73	5,0	5,8	5,5
13,60	2,70	5,0	5,8	5,5
13,62	2,71	5,0	5,8	5,5
13,65	2,72	5,0	5,8	5,5
13,67	2,70	5,0	5,8	5,5
13,69	2,67	5,0	5,8	5,5
13,72	2,67	5,0	5,8	5,5
13,74	2,67	5,0	5,8	5,5
13,77	2,65	5,0	5,8	5,5
13,79	2,62	5,0	5,8	5,5
13,82	2,61	5,0	5,8	5,5
13,84	2,61	5,0	5,8	5,5
13,87	2,59	5,0	5,8	5,5
13,89	2,56	5,0	5,8	5,5
13,91	2,55	5,0	5,8	5,5
13,94	2,55	5,0	5,8	5,5
13,96	2,52	5,0	5,8	5,5
13,99	2,50	5,0	5,8	5,5
14,01	2,49	5,0	5,8	5,5
14,04	2,48	5,0	5,8	5,5
14,06	2,45	5,0	5,8	5,5
14,09	2,42	5,0	5,8	5,5
14,11	2,41	5,0	5,8	5,5
14,13	2,40	5,0	5,8	5,5
14,16	2,37	5,0	5,8	5,5
14,18	2,34	5,0	5,8	5,5
14,21	2,32	5,0	5,8	5,5
14,23	2,31	5,0	5,8	5,5
14,26	2,27	5,0	5,8	5,5
14,28	2,23	5,0	5,8	5,5
14,31	2,23	5,0	5,8	5,5
14,33	2,21	5,0	5,8	5,5
14,35	2,17	5,0	5,8	5,5
14,38	2,15	5,0	5,8	5,5
14,40	2,15	5,0	5,8	5,5
14,43	2,11	5,0	5,8	5,5
14,45	2,07	5,0	5,8	5,5
14,48	2,05	5,0	5,8	5,5
14,50	2,04	5,0	5,8	5,5
14,52	2,00	5,0	5,8	5,5
14,55	1,95	5,0	5,8	5,5
14,57	1,92	5,0	5,8	5,5
14,60	1,91	5,0	5,8	5,5
14,62	1,88	5,0	5,8	5,5
14,65	1,83	5,0	5,8	5,5
14,67	1,81	5,0	5,8	5,5
14,70	1,80	5,0	5,8	5,5
14,72	1,76	5,0	5,8	5,5
14,74	1,71	5,0	5,8	5,5
14,77	1,68	5,0	5,8	5,5
14,79	1,67	5,0	5,8	5,5
14,82	1,63	5,0	5,8	5,5
14,84	1,58	5,0	5,8	5,5
14,87	1,56	5,0	5,8	5,5
14,89	1,55	5,0	5,8	5,5
14,92	1,50	5,0	5,8	5,5
14,94	1,45	5,0	5,8	5,5
14,96	1,43	5,0	5,8	5,5
14,99	1,40	5,0	5,8	5,5
15,01	1,35	5,0	5,8	5,5
15,04	1,32	5,0	5,8	5,5
15,06	1,30	5,0	5,8	5,5
15,09	1,27	5,0	5,8	5,5
15,11	1,22	5,0	5,8	5,5
15,14	1,20	5,0	5,8	5,5
15,16	1,18	5,0	5,8	5,5
15,18	1,15	5,0	5,8	5,5
15,21	1,09	5,0	5,8	5,5
15,23	1,07	5,0	5,8	5,5
15,26	1,06	5,0	5,8	5,5
15,28	1,01	5,0	5,8	5,5
15,31	0,96	5,0	5,8	5,5
15,33	0,94	5,0	5,8	5,5
15,36	0,93	5,0	5,8	5,5
15,38	0,89	5,0	5,8	5,5
15,40	0,84	5,0	5,8	5,5
15,43	0,82	5,0	5,8	5,5
15,45	0,81	5,0	5,8	5,5
15,48	0,77	5,0	5,8	5,5
15,50	0,73	5,0	5,8	5,5
15,53	0,71	5,0	5,8	5,5
15,55	0,70	5,0	5,8	5,5
15,57	0,67	5,0	5,8	5,5
15,60	0,62	5,0	5,8	5,5
15,62	0,61	5,0	5,8	5,5
15,65	0,60	5,0	5,8	5,5
15,67	0,56	5,0	5,8	5,5
15,70	0,53	5,0	5,8	5,5
15,72	0,51	5,0	5,8	5,5
15,75	0,50	5,0	5,8	5,5
15,77	0,47	5,0	5,8	5,5
15,79	0,43	5,0	5,8	5,5
15,82	0,43	5,0	5,8	5,5
15,84	0,42	5,0	5,8	5,5
15,87	0,38	5,0	5,8	5,5
15,89	0,36	5,0	5,8	5,5
15,92	0,35	5,0	5,8	5,5
15,94	0,34	5,0	5,8	5,5
15,97	0,31	5,0	5,8	5,5
15,99	0,29	5,0	5,8	5,5
16,01	0,28	5,0	5,8	5,5
16,04	0,28	5,0	5,8	5,5
16,06	0,25	5,0	5,8	5,5
16,09	0,23	5,0	5,8	5,5
16,11	0,23	5,0	5,8	5,5
16,14	0,22	5,0	5,8	5,5
16,16	0,20	5,0	5,8	5,5
16,19	0,18	5,0	5,8	5,5
16,21	0,18	5,0	5,8	5,5
16,23	0,17	5,0	5,8	5,5
16,26	0,15	5,0	5,8	5,5
16,28	0,14	5,0	5,8	5,5
16,31	0,15	5,0	5,8	5,5
16,33	0,15	5,0	5,8	5,5
16,36	0,13	5,0	5,8	5,5
16,38	0,12	5,0	5,8	5,5
16,41	0,12	5,0	5,8	5,5
16,43	0,12	5,0	5,8	5,5
16,45	0,10	5,0	5,8	5,5
16,48	0,10	5,0	5,8	5,5
16,50	0,10	5,0	5,8	5,5
16,53	0,10	5,0	5,8	5,5
16,55	0,08	5,0	5,8	5,5
16,58	0,08	5,0	5,8	5,5
16,60	0,08	5,0	5,8	5,5
16,63	0,08	5,0	5,8	5,5
16,65	0,07	5,0	5,8	5,5
16,67	0,07	5,0	5,8	5,5
16,70	0,07	5,0	5,8	5,5
16,72	0,06	5,0	5,8	5,5
16,75	0,05	5,0	5,8	5,5
16,77	0,05	5,0	5,8	5,5
16,80	0,06	5,0	5,8	5,5
16,82	0,05	5,0	5,8	5,5
16,84	0,05	5,0	5,8	5,5
16,87	0,05	5,0	5,8	5,5
16,89	0,05	5,0	5,8	5,5
16,92	0,04	5,0	5,8	5,5
16,94	0,03	5,0	5,8	5,5
16,97	0,03	5,0	5,8	5,5
16,99	0,03	5,0	5,8	5,5
17,02	0,03	5,0	5,8	5,5
17,04	0,02	5,0	5,8	5,5
17,06	0,02	5,0	5,8	5,5
17,09	0,02	5,0	5,8	5,5
17,11	0,02	5,0	5,8	5,5
17,14	0,02	5,0	5,8	5,5
17,16	0,02	5,0	5,8	5,5
17,19	0,02	5,0	5,8	5,5
17,21	0,02	5,0	5,8	5,5
17,24	0,01	5,0	5,8	5,5
17,26	0,02	5,0	5,8	5,5
17,28	0,02	5,0	5,8	5,5
17,31	0,02	5,0	5,8	5,5
17,33	0,02	5,0	5,8	5,5
17,36	0,02	5,0	5,8	5,5
17,38	0,02	5,0	5,8	5,5
17,41	0,02	5,0	5,8	5,5
17,43	0,02	5,0	5,8	5,5
17,46	0,02	5,0	5,8	5,5
17,48	0,02	5,0	5,8	5,5
17,50	0,02	5,0	5,8	5,5
17,53	0,02	5,0	5,8	5,5
17,55	0,03	5,0	5,8	5,5
17,58	0,03	5,0	5,8	5,5
17,60	0,03	5,0	5,8	5,5
17,63	0,03	5,0	5,8	5,5
17,65	0,03	5,0	5,8	5,5
17,68	0,03	5,0	5,8	5,5
17,70	0,03	5,0	5,8	5,5
17,72	0,04	5,0	5,8	5,5
17,75	0,05	5,0	5,8	5,5
17,77	0,05	5,0	5,8	5,5
17,80	0,05	5,0	5,8	5,5
17,82	0,05	5,0	5,8	5,5
17,85	0,06	5,0	5,8	5,5
17,87	0,06	5,0	5,8	5,5
17,89	0,06	5,0	5,8	5,5
17,92	0,07	5,0	5,8	5,5
17,94	0,08	5,0	5,8	5,5
17,97	0,08	5,0	5,8	5,5
17,99	0,08	5,0	5,8	5,5
18,02	0,09	5,0	5,8	5,5
18,04	0,11	5,0	5,8	5,5
18,07	0,12	5,0	5,8	5,5
18,09	0,12	5,0	5,8	5,5
18,11	0,14	5,0	5,8	5,5
18,14	0,16	5,0	5,8	5,5
18,16	0,17	5,0	5,8	5,5
18,19	0,18	5,0	5,8	5,5
18,21	0,21	5,0	5,8	5,5
18,24	0,24	5,0	5,8	5,5
18,26	0,26	5,0	5,8	5,5
18,29	0,27	5,0	5,8	5,5
18,31	0,31	5,0	5,8	5,5
18,33	0,34	5,0	5,8	5,5
18,36	0,35	5,0	5,8	5,5
18,38	0,38	5,0	5,8	5,5
18,41	0,42	5,0	5,8	5,5
18,43	0,46	5,0	5,8	5,5
18,46	0,48	5,0	5,8	5,5
18,48	0,52	5,0	5,8	5,5
18,51	0,57	5,0	5,8	5,5
18,53	0,61	5,0	5,8	5,5
18,55	0,64	5,0	5,8	5,5
18,58	0,69	5,0	5,8	5,5
18,60	0,75	5,0	5,8	5,5
18,63	0,80	5,0	5,8	5,5
18,65	0,83	5,0	5,8	5,5
18,68	0,88	5,0	5,8	5,5
18,70	0,95	5,0	5,8	5,5
18,73	0,99	5,0	5,8	5,5
18,75	1,03	5,0	5,8	5,5
18,77	1,09	5,0	5,8	5,5
18,80	1,16	5,0	5,8	5,5
18,82	1,21	5,0	5,8	5,5
18,85	1,24	5,0	5,8	5,5
18,87	1,30	5,0	5,8	5,5
18,90	1,37	5,0	5,8	5,5
18,92	1,42	5,0	5,8	5,5
18,94	1,46	5,0	5,8	5,5
18,97	1,52	5,0	5,8	5,5
18,99	1,59	5,0	5,8	5,5
19,02	1,65	5,0	5,8	5,5
19,04	1,68	5,0	5,8	5,5
19,07	1,75	5,0	5,8	5,5
19,09	1,82	5,0	5,8	5,5
19,12	1,86	5,0	5,8	5,5
19,14	1,90	5,0	5,8	5,5
19,16	1,97	5,0	5,8	5,5
19,19	2,03	5,0	5,8	5,5
19,21	2,08	5,0	5,8	5,5
19,24	2,12	5,0	5,8	5,5
19,26	2,20	5,0	5,8	5,5
19,29	2,25	5,0	5,8	5,5
19,31	2,28	5,0	5,8	5,5
19,34	2,33	5,0	5,8	5,5
19,36	2,40	5,0	5,8	5,5
19,38	2,45	5,0	5,8	5,5
19,41	2,49	5,0	5,8	5,5
19,43	2,54	5,0	5,8	5,5
19,46	2,61	5,0	5,8	5,5
19,48	2,66	5,0	5,8	5,5
19,51	2,69	5,0	5,8	5,5
19,53	2,75	5,0	5,8	5,5
19,56	2,82	5,0	5,8	5,5
19,58	2,87	5,0	5,8	5,5
19,60	2,90	5,0	5,8	5,5
19,63	2,95	5,0	5,8	5,5
19,65	3,02	5,0	5,8	5,5
19,68	3,06	5,0	5,8	5,5
19,70	3,09	5,0	5,8	5,5
19,73	3,15	5,0	5,8	5,5
19,75	3,22	5,0	5,8	5,5
19,78	3,25	5,0	5,8	5,5
19,80	3,28	5,0	5,8	5,5
19,82	3,33	5,0	5,8	5,5
19,85	3,40	5,0	5,8	5,5
19,87	3,43	5,0	5,8	5,5
19,90	3,47	5,0	5,8	5,5
19,92	3,53	5,0	5,8	5,5
19,95	3,59	5,0	5,8	5,5
19,97	3,62	5,0	5,8	5,5
19,99	3,66	5,0	5,8	5,5
20,02	3,72	5,0	5,8	5,5
20,04	3,76	5,0	5,8	5,5
20,07	3,79	5,0	5,8	5,5
20,09	3,84	5,0	5,8	5,5
20,12	3,89	5,0	5,8	5,5
20,14	3,94	5,0	5,8	5,5
20,17	3,97	5,0	5,8	5,5
20,19	4,01	5,0	5,8	5,5
20,21	4,08	5,0	5,8	5,5
20,24	4,12	5,0	5,8	5,5
20,26	4,15	5,0	5,8	5,5
20,29	4,19	5,0	5,8	5,5
20,31	4,25	5,0	5,8	5,5
20,34	4,29	5,0	5,8	5,5
20,36	4,32	5,0	5,8	5,5
20,39	4,37	5,0	5,8	5,5
20,41	4,44	5,0	5,8	5,5
20,43	4,47	5,0	5,8	5,5
20,46	4,50	5,0	5,8	5,5
20,48	4,55	5,0	5,8	5,5
20,51	4,61	5,0	5,8	5,5
20,53	4,65	5,0	5,8	5,5
20,56	4,67	5,0	5,8	5,5
20,58	4,72	5,0	5,8	5,5
20,61	4,79	5,0	5,8	5,5
20,63	4,83	5,0	5,8	5,5
20,65	4,86	5,0	5,8	5,5
20,68	4,91	5,0	5,8	5,5
20,70	4,97	5,0	5,8	5,5
20,73	5,01	5,0	5,8	5,5
20,75	5,03	5,0	5,8	5,5
20,78	5,08	5,0	5,8	5,5
20,80	5,14	5,0	5,8	5,5
20,83	5,17	5,0	5,8	5,5
20,85	5,20	5,0	5,8	5,5
20,87	5,25	5,0	5,8	5,5
20,90	5,31	5,0	5,8	5,5
20,92	5,35	5,0	5,8	5,5
20,95	5,37	5,0	5,8	5,5
20,97	5,42	5,0	5,8	5,5
21,00	5,48	5,0	5,8	5,5
21,02	5,51	5,0	5,8	5,5
21,05	5,53	5,0	5,8	5,5
21,07	5,59	5,0	5,8	5,5
21,09	5,64	5,0	5,8	5,5
21,12	5,67	5,0	5,8	5,5
21,14	5,70	5,0	5,8	5,5
21,17	5,75	5,0	5,8	5,5
21,19	5,81	5,0	5,8	5,5
21,22	5,83	5,0	5,8	5,5
21,24	5,86	5,0	5,8	5,5
21,26	5,91	5,0	5,8	5,5
21,29	5,96	5,0	5,8	5,5
21,31	5,98	5,0	5,8	5,5
21,34	6,00	5,0	5,8	5,5
21,36	6,06	5,0	5,8	5,5
21,39	6,11	5,0	5,8	5,5
21,41	6,13	5,0	5,8	5,5
21,44	6,16	5,0	5,8	5,5
21,46	6,21	5,0	5,8	5,5
21,48	6,26	5,0	5,8	5,5
21,51	6,28	5,0	5,8	5,5
21,53	6,30	5,0	5,8	5,5
21,56	6,36	5,0	5,8	5,5
21,58	6,41	5,0	5,8	5,5
21,61	6,43	5,0	5,8	5,5
21,63	6,46	5,0	5,8	5,5
21,66	6,51	5,0	5,8	5,5
21,68	6,55	5,0	5,8	5,5
21,70	6,57	5,0	5,8	5,5
21,73	6,62	5,0	5,8	5,5
21,75	6,67	5,0	5,8	5,5
21,78	6,69	5,0	5,8	5,5
21,80	6,71	5,0	5,8	5,5
21,83	6,76	5,0	5,8	5,5
21,85	6,81	5,0	5,8	5,5
21,88	6,83	5,0	5,8	5,5
21,90	6,85	5,0	5,8	5,5
21,92	6,90	5,0	5,8	5,5
21,95	6,95	5,0	5,8	5,5
21,97	6,97	5,0	5,8	5,5
22,00	6,99	5,0	5,8	5,5
22,02	7,03	5,0	5,8	5,5
22,05	7,08	5,0	5,8	5,5
22,07	7,10	5,0	5,8	5,5
22,10	7,12	5,0	5,8	5,5
22,12	7,17	5,0	5,8	5,5
22,14	7,22	5,0	5,8	5,5
22,17	7,23	5,0	5,8	5,5
22,19	7,26	5,0	5,8	5,5
22,22	7,30	5,0	5,8	5,5
22,24	7,35	5,0	5,8	5,5
22,27	7,36	5,0	5,8	5,5
22,29	7,38	5,0	5,8	5,5
22,31	7,44	5,0	5,8	5,5
22,34	7,46	5,0	5,8	5,5
22,36	7,47	5,0	5,8	5,5
22,39	7,51	5,0	5,8	5,5
22,41	7,56	5,0	5,8	5,5
22,44	7,58	5,0	5,8	5,5
22,46	7,59	5,0	5,8	5,5
22,49	7,63	5,0	5,8	5,5
22,51	7,67	5,0	5,8	5,5
22,53	7,69	5,0	5,8	5,5
22,56	7,71	5,0	5,8	5,5
22,58	7,76	5,0	5,8	5,5
22,61	7,80	5,0	5,8	5,5
22,63	7,83	5,0	5,8	5,5
22,66	7,84	5,0	5,8	5,5
22,68	7,88	5,0	5,8	5,5
22,71	7,92	5,0	5,8	5,5
22,73	7,93	5,0	5,8	5,5
22,75	7,95	5,0	5,8	5,5
22,78	7,99	5,0	5,8	5,5
22,80	8,03	5,0	5,8	5,5
22,83	8,05	5,0	5,8	5,5
22,85	8,06	5,0	5,8	5,5
22,88	8,10	5,0	5,8	5,5
22,90	8,14	5,0	5,8	5,5
22,93	8,15	5,0	5,8	5,5
22,95	8,17	5,0	5,8	5,5
22,97	8,21	5,0	5,8	5,5
23,00	8,25	5,0	5,8	5,5
23,02	8,26	5,0	5,8	5,5
23,05	8,27	5,0	5,8	5,5
23,07	8,32	5,0	5,8	5,5
23,10	8,36	5,0	5,8	5,5
23,12	8,37	5,0	5,8	5,5
23,15	8,39	5,0	5,8	5,5
23,17	8,42	5,0	5,8	5,5
23,19	8,45	5,0	5,8	5,5
23,22	8,46	5,0	5,8	5,5
23,24	8,47	5,0	5,8	5,5
23,27	8,52	5,0	5,8	5,5
23,29	8,56	5,0	5,8	5,5
23,32	8,56	5,0	5,8	5,5
23,34	8,58	5,0	5,8	5,5
23,36	8,62	5,0	5,8	5,5
23,39	8,65	5,0	5,8	5,5
23,41	8,66	5,0	5,8	5,5
23,44	8,67	5,0	5,8	5,5
23,46	8,72	5,0	5,8	5,5
23,49	8,75	5,0	5,8	5,5
23,51	8,75	5,0	5,8	5,5
23,54	8,78	5,0	5,8	5,5
23,56	8,82	5,0	5,8	5,5
23,58	8,84	5,0	5,8	5,5
23,61	8,85	5,0	5,8	5,5
23,63	8,87	5,0	5,8	5,5
23,66	8,91	5,0	5,8	5,5
23,68	8,93	5,0	5,8	5,5
23,71	8,93	5,0	5,8	5,5
23,73	8,96	5,0	5,8	5,5
23,76	9,00	5,0	5,8	5,5
23,78	9,02	5,0	5,8	5,5
23,80	9,02	5,0	5,8	5,5
23,83	9,05	5,0	5,8	5,5
23,85	9,10	5,0	5,8	5,5
23,88	9,11	5,0	5,8	5,5
23,90	9,11	5,0	5,8	5,5
23,93	9,14	5,0	5,8	5,5
23,95	9,18	5,0	5,8	5,5
23,98	9,19	5,0	5,8	5,5
24,00	9,20	5,0	5,8	5,5
24,02	9,22	5,0	5,8	5,5
24,05	9,27	5,0	5,8	5,5
24,07	9,28	5,0	5,8	5,5
24,10	9,28	5,0	5,8	5,5
24,12	9,31	5,0	5,8	5,5
24,15	9,34	5,0	5,8	5,5
24,17	9,35	5,0	5,8	5,5
24,20	9,36	5,0	5,8	5,5
24,22	9,40	5,0	5,8	5,5
24,24	9,43	5,0	5,8	5,5
24,27	9,44	5,0	5,8	5,5
24,29	9,45	5,0	5,8	5,5
24,32	9,49	5,0	5,8	5,5
24,34	9,51	5,0	5,8	5,5
24,37	9,51	5,0	5,8	5,5
24,39	9,53	5,0	5,8	5,5
24,42	9,56	5,0	5,8	5,5
24,44	9,58	5,0	5,8	5,5
24,46	9,58	5,0	5,8	5,5
24,49	9,60	5,0	5,8	5,5
24,51	9,64	5,0	5,8	5,5
24,54	9,65	5,0	5,8	5,5
24,56	9,66	5,0	5,8	5,5
24,59	9,68	5,0	5,8	5,5
24,61	9,72	5,0	5,8	5,5
24,63	9,73	5,0	5,8	5,5
24,66	9,73	5,0	5,8	5,5
24,68	9,75	5,0	5,8	5,5
24,71	9,79	5,0	5,8	5,5
24,73	9,80	5,0	5,8	5,5
24,76	9,79	5,0	5,8	5,5
24,78	9,83	5,0	5,8	5,5
24,81	9,85	5,0	5,8	5,5
24,83	9,85	5,0	5,8	5,5
24,85	9,86	5,0	5,8	5,5
24,88	9,89	5,0	5,8	5,5
24,90	9,91	5,0	5,8	5,5
24,93	9,91	5,0	5,8	5,5
24,95	9,92	5,0	5,8	5,5
24,98	9,96	5,0	5,8	5,5
25,00	9,98	5,0	5,8	5,5
25,03	9,98	5,0	5,8	5,5
25,05	10,00	5,0	5,8	5,5
25,07	10,03	5,0	5,8	5,5
25,10	10,05	5,0	5,8	5,5
25,12	10,04	5,0	5,8	5,5
25,15	10,05	5,0	5,8	5,5
25,17	10,09	5,0	5,8	5,5
25,20	10,11	5,0	5,8	5,5
25,22	10,10	5,0	5,8	5,5
25,25	10,12	5,0	5,8	5,5
25,27	10,15	5,0	5,8	5,5
25,29	10,16	5,0	5,8	5,5
25,32	10,16	5,0	5,8	5,5
25,34	10,17	5,0	5,8	5,5
25,37	10,21	5,0	5,8	5,5
25,39	10,22	5,0	5,8	5,5
25,42	10,21	5,0	5,8	5,5
25,44	10,23	5,0	5,8	5,5
25,47	10,26	5,0	5,8	5,5
25,49	10,27	5,0	5,8	5,5
25,51	10,27	5,0	5,8	5,5
25,54	10,28	5,0	5,8	5,5
25,56	10,32	5,0	5,8	5,5
25,59	10,32	5,0	5,8	5,5
25,61	10,31	5,0	5,8	5,5
25,64	10,33	5,0	5,8	5,5
25,66	10,36	5,0	5,8	5,5
25,68	10,37	5,0	5,8	5,5
25,71	10,36	5,0	5,8	5,5
25,73	10,38	5,0	5,8	5,5
25,76	10,42	5,0	5,8	5,5
25,78	10,42	5,0	5,8	5,5
25,81	10,41	5,0	5,8	5,5
25,83	10,43	5,0	5,8	5,5
25,86	10,45	5,0	5,8	5,5
25,88	10,45	5,0	5,8	5,5
25,90	10,45	5,0	5,8	5,5
25,93	10,47	5,0	5,8	5,5
25,95	10,49	5,0	5,8	5,5
25,98	10,49	5,0	5,8	5,5
26,00	10,49	5,0	5,8	5,5
26,03	10,51	5,0	5,8	5,5
26,05	10,53	5,0	5,8	5,5
26,08	10,53	5,0	5,8	5,5
26,10	10,52	5,0	5,8	5,5
26,12	10,54	5,0	5,8	5,5
26,15	10,56	5,0	5,8	5,5
26,17	10,56	5,0	5,8	5,5
26,20	10,56	5,0	5,8	5,5
26,22	10,58	5,0	5,8	5,5
26,25	10,60	5,0	5,8	5,5
26,27	10,59	5,0	5,8	5,5
26,30	10,59	5,0	5,8	5,5
26,32	10,62	5,0	5,8	5,5
26,34	10,64	5,0	5,8	5,5
26,37	10,62	5,0	5,8	5,5
26,39	10,62	5,0	5,8	5,5
26,42	10,64	5,0	5,8	5,5
26,44	10,66	5,0	5,8	5,5
26,47	10,66	5,0	5,8	5,5
26,49	10,66	5,0	5,8	5,5
26,52	10,68	5,0	5,8	5,5
26,54	10,70	5,0	5,8	5,5
26,56	10,68	5,0	5,8	5,5
26,59	10,69	5,0	5,8	5,5
26,61	10,72	5,0	5,8	5,5
26,64	10,72	5,0	5,8	5,5
26,66	10,71	5,0	5,8	5,5
26,69	10,72	5,0	5,8	5,5
26,71	10,75	5,0	5,8	5,5
26,73	10,74	5,0	5,8	5,5
26,76	10,73	5,0	5,8	5,5
26,78	10,75	5,0	5,8	5,5
26,81	10,77	5,0	5,8	5,5
26,83	10,76	5,0	5,8	5,5
26,86	10,75	5,0	5,8	5,5
26,88	10,78	5,0	5,8	5,5
26,91	10,80	5,0	5,8	5,5
26,93	10,79	5,0	5,8	5,5
26,95	10,78	5,0	5,8	5,5
26,98	10,81	5,0	5,8	5,5
27,00	10,82	5,0	5,8	5,5
27,03	10,81	5,0	5,8	5,5
27,05	10,80	5,0	5,8	5,5
27,08	10,82	5,0	5,8	5,5
27,10	10,84	5,0	5,8	5,5
27,13	10,83	5,0	5,8	5,5
27,15	10,82	5,0	5,8	5,5
27,17	10,85	5,0	5,8	5,5
27,20	10,86	5,0	5,8	5,5
27,22	10,84	5,0	5,8	5,5
27,25	10,85	5,0	5,8	5,5
27,27	10,87	5,0	5,8	5,5
27,30	10,87	5,0	5,8	5,5
27,32	10,85	5,0	5,8	5,5
27,35	10,87	5,0	5,8	5,5
27,37	10,89	5,0	5,8	5,5
27,39	10,89	5,0	5,8	5,5
27,42	10,88	5,0	5,8	5,5
27,44	10,89	5,0	5,8	5,5
27,47	10,91	5,0	5,8	5,5
27,49	10,90	5,0	5,8	5,5
27,52	10,89	5,0	5,8	5,5
27,54	10,90	5,0	5,8	5,5
27,57	10,92	5,0	5,8	5,5
27,59	10,92	5,0	5,8	5,5
27,61	10,90	5,0	5,8	5,5
27,64	10,92	5,0	5,8	5,5
27,66	10,94	5,0	5,8	5,5
27,69	10,93	5,0	5,8	5,5
27,71	10,92	5,0	5,8	5,5
27,74	10,93	5,0	5,8	5,5
27,76	10,94	5,0	5,8	5,5
27,78	10,94	5,0	5,8	5,5
27,81	10,92	5,0	5,8	5,5
27,83	10,94	5,0	5,8	5,5
27,86	10,96	5,0	5,8	5,5
27,88	10,94	5,0	5,8	5,5
27,91	10,94	5,0	5,8	5,5
27,93	10,95	5,0	5,8	5,5
27,96	10,96	5,0	5,8	5,5
27,98	10,95	5,0	5,8	5,5
28,00	10,94	5,0	5,8	5,5
28,03	10,95	5,0	5,8	5,5
28,05	10,97	5,0	5,8	5,5
28,08	10,95	5,0	5,8	5,5
28,10	10,95	5,0	5,8	5,5
28,13	10,97	5,0	5,8	5,5
28,15	10,98	5,0	5,8	5,5
28,18	10,97	5,0	5,8	5,5
28,20	10,96	5,0	5,8	5,5
28,22	10,98	5,0	5,8	5,5
28,25	10,99	5,0	5,8	5,5
28,27	10,97	5,0	5,8	5,5
28,30	10,96	5,0	5,8	5,5
28,32	10,98	5,0	5,8	5,5
28,35	10,99	5,0	5,8	5,5
28,37	10,98	5,0	5,8	5,5
28,40	10,97	5,0	5,8	5,5
28,42	10,99	5,0	5,8	5,5
28,44	11,00	5,0	5,8	5,5
28,47	10,97	5,0	5,8	5,5
28,49	10,97	5,0	5,8	5,5
28,52	10,99	5,0	5,8	5,5
28,54	10,99	5,0	5,8	5,5
28,57	10,98	5,0	5,8	5,5
28,59	10,98	5,0	5,8	5,5
28,62	11,00	5,0	5,8	5,5
28,64	11,00	5,0	5,8	5,5
28,66	10,97	5,0	5,8	5,5
28,69	10,98	5,0	5,8	5,5
28,71	10,99	5,0	5,8	5,5
28,74	10,98	5,0	5,8	5,5
28,76	10,97	5,0	5,8	5,5
28,79	10,96	5,0	5,8	5,5
28,81	10,99	5,0	5,8	5,5
28,84	10,98	5,0	5,8	5,5
28,86	10,96	5,0	5,8	5,5
28,88	10,97	5,0	5,8	5,5
28,91	10,99	5,0	5,8	5,5
28,93	10,99	5,0	5,8	5,5
28,96	10,97	5,0	5,8	5,5
28,98	10,97	5,0	5,8	5,5
29,01	10,99	5,0	5,8	5,5
29,03	10,97	5,0	5,8	5,5
29,05	10,96	5,0	5,8	5,5
29,08	10,98	5,0	5,8	5,5
29,10	10,98	5,0	5,8	5,5
29,13	10,96	5,0	5,8	5,5
29,15	10,95	5,0	5,8	5,5
29,18	10,97	5,0	5,8	5,5
29,20	10,97	5,0	5,8	5,5
29,23	10,94	5,0	5,8	5,5
29,25	10,94	5,0	5,8	5,5
29,27	10,96	5,0	5,8	5,5
29,30	10,96	5,0	5,8	5,5
29,32	10,94	5,0	5,8	5,5
29,35	10,93	5,0	5,8	5,5
29,37	10,95	5,0	5,8	5,5
29,40	10,95	5,0	5,8	5,5
29,42	10,93	5,0	5,8	5,5
29,45	10,92	5,0	5,8	5,5
29,47	10,93	5,0	5,8	5,5
29,49	10,93	5,0	5,8	5,5
29,52	10,91	5,0	5,8	5,5
29,54	10,91	5,0	5,8	5,5
29,57	10,92	5,0	5,8	5,5
29,59	10,92	5,0	5,8	5,5
29,62	10,89	5,0	5,8	5,5
29,64	10,90	5,0	5,8	5,5
29,67	10,91	5,0	5,8	5,5
29,69	10,89	5,0	5,8	5,5
29,71	10,87	5,0	5,8	5,5
29,74	10,88	5,0	5,8	5,5
29,76	10,89	5,0	5,8	5,5
29,79	10,87	5,0	5,8	5,5
29,81	10,86	5,0	5,8	5,5
29,84	10,87	5,0	5,8	5,5
29,86	10,87	5,0	5,8	5,5
29,89	10,85	5,0	5,8	5,5
29,91	10,83	5,0	5,8	5,5
29,93	10,84	5,0	5,8	5,5
29,96	10,84	5,0	5,8	5,5
29,98	10,81	5,0	5,8	5,5
30,01	10,80	5,0	5,8	5,5
30,03	10,81	5,0	5,8	5,5
30,06	10,80	5,0	5,8	5,5
30,08	10,78	5,0	5,8	5,5
30,10	10,76	5,0	5,8	5,5
30,13	10,76	5,0	5,8	5,5
30,15	10,76	5,0	5,8	5,5
30,18	10,72	5,0	5,8	5,5
30,20	10,70	5,0	5,8	5,5
30,23	10,71	5,0	5,8	5,5
30,25	10,69	5,0	5,8	5,5
30,28	10,65	5,0	5,8	5,5
30,30	10,63	5,0	5,8	5,5
30,32	10,63	5,0	5,8	5,5
30,35	10,61	5,0	5,8	5,5
30,37	10,56	5,0	5,8	5,5
30,40	10,54	5,0	5,8	5,5
30,42	10,52	5,0	5,8	5,5
30,45	10,49	5,0	5,8	5,5
30,47	10,44	5,0	5,8	5,5
30,50	10,41	5,0	5,8	5,5
30,52	10,40	5,0	5,8	5,5
30,54	10,36	5,0	5,8	5,5
30,57	10,30	5,0	5,8	5,5
30,59	10,26	5,0	5,8	5,5
30,62	10,23	5,0	5,8	5,5
30,64	10,17	5,0	5,8	5,5
30,67	10,11	5,0	5,8	5,5
30,69	10,06	5,0	5,8	5,5
30,72	10,03	5,0	5,8	5,5
30,74	9,96	5,0	5,8	5,5
30,76	9,89	5,0	5,8	5,5
30,79	9,84	5,0	5,8	5,5
30,81	9,80	5,0	5,8	5,5
30,84	9,73	5,0	5,8	5,5
30,86	9,64	5,0	5,8	5,5
30,89	9,58	5,0	5,8	5,5
30,91	9,53	5,0	5,8	5,5
30,94	9,44	5,0	5,8	5,5
30,96	9,35	5,0	5,8	5,5
30,98	9,29	5,0	5,8	5,5
31,01	9,23	5,0	5,8	5,5
31,03	9,14	5,0	5,8	5,5
31,06	9,05	5,0	5,8	5,5
31,08	8,98	5,0	5,8	5,5
31,11	8,92	5,0	5,8	5,5
31,13	8,82	5,0	5,8	5,5
31,15	8,73	5,0	5,8	5,5
31,18	8,66	5,0	5,8	5,5
31,20	8,59	5,0	5,8	5,5
31,23	8,50	5,0	5,8	5,5
31,25	8,40	5,0	5,8	5,5
31,28	8,33	5,0	5,8	5,5
31,30	8,26	5,0	5,8	5,5
31,33	8,16	5,0	5,8	5,5
31,35	8,06	5,0	5,8	5,5
31,37	8,00	5,0	5,8	5,5
31,40	7,92	5,0	5,8	5,5
31,42	7,81	5,0	5,8	5,5
31,45	7,72	5,0	5,8	5,5
31,47	7,66	5,0	5,8	5,5
31,50	7,57	5,0	5,8	5,5
31,52	7,47	5,0	5,8	5,5
31,55	7,39	5,0	5,8	5,5
31,57	7,32	5,0	5,8	5,5
31,59	7,23	5,0	5,8	5,5
31,62	7,13	5,0	5,8	5,5
31,64	7,05	5,0	5,8	5,5
31,67	6,98	5,0	5,8	5,5
31,69	6,89	5,0	5,8	5,5
31,72	6,79	5,0	5,8	5,5
31,74	6,72	5,0	5,8	5,5
31,77	6,65	5,0	5,8	5,5
31,79	6,55	5,0	5,8	5,5
31,81	6,45	5,0	5,8	5,5
31,84	6,37	5,0	5,8	5,5
31,86	6,31	5,0	5,8	5,5
31,89	6,21	5,0	5,8	5,5
31,91	6,11	5,0	5,8	5,5
31,94	6,04	5,0	5,8	5,5
31,96	5,96	5,0	5,8	5,5
31,99	5,86	5,0	5,8	5,5
32,01	5,77	5,0	5,8	5,5
32,03	5,70	5,0	5,8	5,5
32,06	5,63	5,0	5,8	5,5
32,08	5,52	5,0	5,8	5,5
32,11	5,44	5,0	5,8	5,5
32,13	5,38	5,0	5,8	5,5
32,16	5,29	5,0	5,8	5,5
32,18	5,19	5,0	5,8	5,5
32,20	5,11	5,0	5,8	5,5
32,23	5,05	5,0	5,8	5,5
32,25	4,97	5,0	5,8	5,5
32,28	4,86	5,0	5,8	5,5
32,30	4,78	5,0	5,8	5,5
32,33	4,71	5,0	5,8	5,5
32,35	4,63	5,0	5,8	5,5
32,38	4,53	5,0	5,8	5,5
32,40	4,45	5,0	5,8	5,5
32,42	4,40	5,0	5,8	5,5
32,45	4,31	5,0	5,8	5,5
32,47	4,21	5,0	5,8	5,5
32,50	4,14	5,0	5,8	5,5
32,52	4,07	5,0	5,8	5,5
32,55	3,98	5,0	5,8	5,5
32,57	3,89	5,0	5,8	5,5
32,60	3,81	5,0	5,8	5,5
32,62	3,74	5,0	5,8	5,5
32,64	3,65	5,0	5,8	5,5
32,67	3,55	5,0	5,8	5,5
32,69	3,49	5,0	5,8	5,5
32,72	3,42	5,0	5,8	5,5
32,74	3,33	5,0	5,8	5,5
32,77	3,24	5,0	5,8	5,5
32,79	3,17	5,0	5,8	5,5
32,82	3,11	5,0	5,8	5,5
32,84	3,03	5,0	5,8	5,5
32,86	2,94	5,0	5,8	5,5
32,89	2,88	5,0	5,8	5,5
32,91	2,81	5,0	5,8	5,5
32,94	2,72	5,0	5,8	5,5
32,96	2,63	5,0	5,8	5,5
32,99	2,56	5,0	5,8	5,5
33,01	2,50	5,0	5,8	5,5
33,04	2,41	5,0	5,8	5,5
33,06	2,33	5,0	5,8	5,5
33,08	2,27	5,0	5,8	5,5
33,11	2,21	5,0	5,8	5,5
33,13	2,13	5,0	5,8	5,5
33,16	2,05	5,0	5,8	5,5
33,18	2,00	5,0	5,8	5,5
33,21	1,95	5,0	5,8	5,5
33,23	1,86	5,0	5,8	5,5
33,26	1,79	5,0	5,8	5,5
33,28	1,73	5,0	5,8	5,5
33,30	1,67	5,0	5,8	5,5
33,33	1,60	5,0	5,8	5,5
33,35	1,53	5,0	5,8	5,5
33,38	1,48	5,0	5,8	5,5
33,40	1,43	5,0	5,8	5,5
33,43	1,35	5,0	5,8	5,5
33,45	1,28	5,0	5,8	5,5
33,47	1,24	5,0	5,8	5,5
33,50	1,19	5,0	5,8	5,5
33,52	1,12	5,0	5,8	5,5
33,55	1,05	5,0	5,8	5,5
33,57	1,02	5,0	5,8	5,5
33,60	0,97	5,0	5,8	5,5
33,62	0,89	5,0	5,8	5,5
33,65	0,84	5,0	5,8	5,5
33,67	0,80	5,0	5,8	5,5
33,69	0,76	5,0	5,8	5,5
33,72	0,69	5,0	5,8	5,5
33,74	0,64	5,0	5,8	5,5
33,77	0,61	5,0	5,8	5,5
33,79	0,56	5,0	5,8	5,5
33,82	0,51	5,0	5,8	5,5
33,84	0,47	5,0	5,8	5,5
33,87	0,44	5,0	5,8	5,5
33,89	0,40	5,0	5,8	5,5
33,91	0,36	5,0	5,8	5,5
33,94	0,33	5,0	5,8	5,5
33,96	0,30	5,0	5,8	5,5
33,99	0,26	5,0	5,8	5,5
34,01	0,22	5,0	5,8	5,5
34,04	0,20	5,0	5,8	5,5
34,06	0,19	5,0	5,8	5,5
34,09	0,16	5,0	5,8	5,5
34,11	0,13	5,0	5,8	5,5
34,13	0,12	5,0	5,8	5,5
34,16	0,11	5,0	5,8	5,5
34,18	0,09	5,0	5,8	5,5
34,21	0,07	5,0	5,8	5,5
34,23	0,07	5,0	5,8	5,5
34,26	0,06	5,0	5,8	5,5
34,28	0,04	5,0	5,8	5,5
34,31	0,03	5,0	5,8	5,5
34,33	0,03	5,0	5,8	5,5
34,35	0,03	5,0	5,8	5,5
34,38	0,02	5,0	5,8	5,5
34,40	0,01	5,0	5,8	5,5
34,43	0,01	5,0	5,8	5,5
34,45	0,01	5,0	5,8	5,5
34,48	0,01	5,0	5,8	5,5
34,50	0,01	5,0	5,8	5,5
34,52	0,01	5,0	5,8	5,5
34,55	0,01	5,0	5,8	5,5
34,57	0,01	5,0	5,8	5,5
34,60	0,01	5,0	5,8	5,5
34,62	0,01	5,0	5,8	5,5
34,65	0,01	5,0	5,8	5,5
34,67	0,01	5,0	5,8	5,5
34,70	0,01	5,0	5,8	5,5
34,72	0,01	5,0	5,8	5,5
34,74	0,01	5,0	5,8	5,5
34,77	0,01	5,0	5,8	5,5
34,79	0,01	5,0	5,8	5,5
34,82	0,01	5,0	5,8	5,5
34,84	0,01	5,0	5,8	5,5
34,87	0,01	5,0	5,8	5,5
34,89	0,01	5,0	5,8	5,5
34,92	0,01	5,0	5,8	5,5
34,94	0,01	5,0	5,8	5,5
34,96	0,01	5,0	5,8	5,5
34,99	0,01	5,0	5,8	5,5
35,01	0,01	5,0	5,8	5,5
35,04	0,01	5,0	5,8	5,5
35,06	0,01	5,0	5,8	5,5
35,09	0,01	5,0	5,8	5,5
35,11	0,01	5,0	5,8	5,5
35,14	0,01	5,0	5,8	5,5
35,16	0,01	5,0	5,8	5,5
35,18	0,02	5,0	5,8	5,5
35,21	0,02	5,0	5,8	5,5
35,23	0,02	5,0	5,8	5,5
35,26	0,02	5,0	5,8	5,5
35,28	0,04	5,0	5,8	5,5
35,31	0,06	5,0	5,8	5,5
35,33	0,06	5,0	5,8	5,5
35,36	0,07	5,0	5,8	5,5
35,38	0,09	5,0	5,8	5,5
35,40	0,12	5,0	5,8	5,5
35,43	0,13	5,0	5,8	5,5
35,45	0,15	5,0	5,8	5,5
35,48	0,19	5,0	5,8	5,5
35,50	0,22	5,0	5,8	5,5
35,53	0,25	5,0	5,8	5,5
35,55	0,29	5,0	5,8	5,5
35,57	0,33	5,0	5,8	5,5
35,60	0,38	5,0	5,8	5,5
35,62	0,42	5,0	5,8	5,5
35,65	0,46	5,0	5,8	5,5
35,67	0,52	5,0	5,8	5,5
35,70	0,57	5,0	5,8	5,5
35,72	0,61	5,0	5,8	5,5
35,75	0,67	5,0	5,8	5,5
35,77	0,73	5,0	5,8	5,5
35,79	0,79	5,0	5,8	5,5
35,82	0,84	5,0	5,8	5,5
35,84	0,91	5,0	5,8	5,5
35,87	0,99	5,0	5,8	5,5
35,89	1,06	5,0	5,8	5,5
35,92	1,10	5,0	5,8	5,5
35,94	1,17	5,0	5,8	5,5
35,97	1,26	5,0	5,8	5,5
35,99	1,33	5,0	5,8	5,5
36,01	1,37	5,0	5,8	5,5
36,04	1,45	5,0	5,8	5,5
36,06	1,54	5,0	5,8	5,5
36,09	1,60	5,0	5,8	5,5
36,11	1,65	5,0	5,8	5,5
36,14	1,72	5,0	5,8	5,5
36,16	1,80	5,0	5,8	5,5
36,19	1,86	5,0	5,8	5,5
36,21	1,91	5,0	5,8	5,5
36,23	1,99	5,0	5,8	5,5
36,26	2,08	5,0	5,8	5,5
36,28	2,14	5,0	5,8	5,5
36,31	2,19	5,0	5,8	5,5
36,33	2,28	5,0	5,8	5,5
36,36	2,35	5,0	5,8	5,5
36,38	2,40	5,0	5,8	5,5
36,41	2,45	5,0	5,8	5,5
36,43	2,54	5,0	5,8	5,5
36,45	2,62	5,0	5,8	5,5
36,48	2,66	5,0	5,8	5,5
36,50	2,73	5,0	5,8	5,5
36,53	2,83	5,0	5,8	5,5
36,55	2,89	5,0	5,8	5,5
36,58	2,94	5,0	5,8	5,5
36,60	3,01	5,0	5,8	5,5
36,62	3,11	5,0	5,8	5,5
36,65	3,18	5,0	5,8	5,5
36,67	3,22	5,0	5,8	5,5
36,70	3,30	5,0	5,8	5,5
36,72	3,40	5,0	5,8	5,5
36,75	3,47	5,0	5,8	5,5
36,77	3,52	5,0	5,8	5,5
36,80	3,60	5,0	5,8	5,5
36,82	3,70	5,0	5,8	5,5
36,84	3,77	5,0	5,8	5,5
36,87	3,82	5,0	5,8	5,5
36,89	3,90	5,0	5,8	5,5
36,92	4,00	5,0	5,8	5,5
36,94	4,07	5,0	5,8	5,5
36,97	4,14	5,0	5,8	5,5
36,99	4,24	5,0	5,8	5,5
37,02	4,34	5,0	5,8	5,5
37,04	4,40	5,0	5,8	5,5
37,06	4,47	5,0	5,8	5,5
37,09	4,57	5,0	5,8	5,5
37,11	4,66	5,0	5,8	5,5
37,14	4,72	5,0	5,8	5,5
37,16	4,81	5,0	5,8	5,5
37,19	4,91	5,0	5,8	5,5
37,21	5,00	5,0	5,8	5,5
37,24	5,07	5,0	5,8	5,5
37,26	5,15	5,0	5,8	5,5
37,28	5,27	5,0	5,8	5,5
37,31	5,36	5,0	5,8	5,5
37,33	5,43	5,0	5,8	5,5
37,36	5,51	5,0	5,8	5,5
37,38	5,63	5,0	5,8	5,5
37,41	5,72	5,0	5,8	5,5
37,43	5,79	5,0	5,8	5,5
37,46	5,89	5,0	5,8	5,5
37,48	6,01	5,0	5,8	5,5
37,50	6,10	5,0	5,8	5,5
37,53	6,17	5,0	5,8	5,5
37,55	6,27	5,0	5,8	5,5
37,58	6,39	5,0	5,8	5,5
37,60	6,48	5,0	5,8	5,5
37,63	6,55	5,0	5,8	5,5
37,65	6,66	5,0	5,8	5,5
37,68	6,78	5,0	5,8	5,5
37,70	6,87	5,0	5,8	5,5
37,72	6,95	5,0	5,8	5,5
37,75	7,05	5,0	5,8	5,5
37,77	7,16	5,0	5,8	5,5
37,80	7,25	5,0	5,8	5,5
37,82	7,33	5,0	5,8	5,5
37,85	7,43	5,0	5,8	5,5
37,87	7,55	5,0	5,8	5,5
37,89	7,63	5,0	5,8	5,5
37,92	7,71	5,0	5,8	5,5
37,94	7,82	5,0	5,8	5,5
37,97	7,94	5,0	5,8	5,5
37,99	8,03	5,0	5,8	5,5
38,02	8,11	5,0	5,8	5,5
38,04	8,21	5,0	5,8	5,5
38,07	8,32	5,0	5,8	5,5
38,09	8,40	5,0	5,8	5,5
38,11	8,48	5,0	5,8	5,5
38,14	8,59	5,0	5,8	5,5
38,16	8,70	5,0	5,8	5,5
38,19	8,78	5,0	5,8	5,5
38,21	8,86	5,0	5,8	5,5
38,24	8,98	5,0	5,8	5,5
38,26	9,09	5,0	5,8	5,5
38,29	9,17	5,0	5,8	5,5
38,31	9,25	5,0	5,8	5,5
38,33	9,36	5,0	5,8	5,5
38,36	9,47	5,0	5,8	5,5
38,38	9,55	5,0	5,8	5,5
38,41	9,63	5,0	5,8	5,5
38,43	9,75	5,0	5,8	5,5
38,46	9,86	5,0	5,8	5,5
38,48	9,93	5,0	5,8	5,5
38,51	10,01	5,0	5,8	5,5
38,53	10,13	5,0	5,8	5,5
38,55	10,24	5,0	5,8	5,5
38,58	10,31	5,0	5,8	5,5
38,60	10,40	5,0	5,8	5,5
38,63	10,52	5,0	5,8	5,5
38,65	10,63	5,0	5,8	5,5
38,68	10,71	5,0	5,8	5,5
38,70	10,80	5,0	5,8	5,5
38,73	10,91	5,0	5,8	5,5
38,75	11,02	5,0	5,8	5,5
38,77	11,10	5,0	5,8	5,5
38,80	11,20	5,0	5,8	5,5
38,82	11,31	5,0	5,8	5,5
38,85	11,39	5,0	5,8	5,5
38,87	11,47	5,0	5,8	5,5
38,90	11,57	5,0	5,8	5,5
38,92	11,69	5,0	5,8	5,5
38,94	11,77	5,0	5,8	5,5
38,97	11,85	5,0	5,8	5,5
38,99	11,96	5,0	5,8	5,5
39,02	12,07	5,0	5,8	5,5
39,04	12,15	5,0	5,8	5,5
39,07	12,22	5,0	5,8	5,5
39,09	12,33	5,0	5,8	5,5
39,12	12,44	5,0	5,8	5,5
39,14	12,52	5,0	5,8	5,5
39,16	12,60	5,0	5,8	5,5
39,19	12,71	5,0	5,8	5,5
39,21	12,82	5,0	5,8	5,5
39,24	12,89	5,0	5,8	5,5
39,26	12,97	5,0	5,8	5,5
39,29	13,07	5,0	5,8	5,5
39,31	13,18	5,0	5,8	5,5
39,34	13,26	5,0	5,8	5,5
39,36	13,34	5,0	5,8	5,5
39,38	13,45	5,0	5,8	5,5
39,41	13,54	5,0	5,8	5,5
39,43	13,62	5,0	5,8	5,5
39,46	13,71	5,0	5,8	5,5
39,48	13,82	5,0	5,8	5,5
39,51	13,90	5,0	5,8	5,5
39,53	13,97	5,0	5,8	5,5
39,56	14,06	5,0	5,8	5,5
39,58	14,17	5,0	5,8	5,5
39,60	14,26	5,0	5,8	5,5
39,63	14,34	5,0	5,8	5,5
39,65	14,44	5,0	5,8	5,5
39,68	14,55	5,0	5,8	5,5
39,70	14,63	5,0	5,8	5,5
39,73	14,70	5,0	5,8	5,5
39,75	14,80	5,0	5,8	5,5
39,78	14,90	5,0	5,8	5,5
39,80	14,98	5,0	5,8	5,5
39,82	15,05	5,0	5,8	5,5
39,85	15,15	5,0	5,8	5,5
39,87	15,26	5,0	5,8	5,5
39,90	15,34	5,0	5,8	5,5
39,92	15,41	5,0	5,8	5,5
39,95	15,51	5,0	5,8	5,5
39,97	15,62	5,0	5,8	5,5
39,99	15,69	5,0	5,8	5,5
40,02	15,77	5,0	5,8	5,5
40,04	15,87	5,0	5,8	5,5
40,07	15,97	5,0	5,8	5,5
40,09	16,05	5,0	5,8	5,5
40,12	16,12	5,0	5,8	5,5
40,14	16,23	5,0	5,8	5,5
40,17	16,33	5,0	5,8	5,5
40,19	16,40	5,0	5,8	5,5
40,21	16,47	5,0	5,8	5,5
40,24	16,58	5,0	5,8	5,5
40,26	16,68	5,0	5,8	5,5
40,29	16,74	5,0	5,8	5,5
40,31	16,82	5,0	5,8	5,5
40,34	16,93	5,0	5,8	5,5
40,36	17,03	5,0	5,8	5,5
40,39	17,10	5,0	5,8	5,5
40,41	17,17	5,0	5,8	5,5
40,43	17,27	5,0	5,8	5,5
40,46	17,36	5,0	5,8	5,5
40,48	17,43	5,0	5,8	5,5
40,51	17,50	5,0	5,8	5,5
40,53	17,61	5,0	5,8	5,5
40,56	17,69	5,0	5,8	5,5
40,58	17,76	5,0	5,8	5,5
40,61	17,84	5,0	5,8	5,5
40,63	17,94	5,0	5,8	5,5
40,65	18,03	5,0	5,8	5,5
40,68	18,09	5,0	5,8	5,5
40,70	18,17	5,0	5,8	5,5
40,73	18,27	5,0	5,8	5,5
40,75	18,35	5,0	5,8	5,5
40,78	18,40	5,0	5,8	5,5
40,80	18,48	5,0	5,8	5,5
40,83	18,58	5,0	5,8	5,5
40,85	18,66	5,0	5,8	5,5
40,87	18,72	5,0	5,8	5,5
40,90	18,80	5,0	5,8	5,5
40,92	18,90	5,0	5,8	5,5
40,95	18,98	5,0	5,8	5,5
40,97	19,04	5,0	5,8	5,5
41,00	19,12	5,0	5,8	5,5
41,02	19,22	5,0	5,8	5,5
41,05	19,29	5,0	5,8	5,5
41,07	19,35	5,0	5,8	5,5
41,09	19,44	5,0	5,8	5,5
41,12	19,53	5,0	5,8	5,5
41,14	19,60	5,0	5,8	5,5
41,17	19,66	5,0	5,8	5,5
41,19	19,73	5,0	5,8	5,5
41,22	19,82	5,0	5,8	5,5
41,24	19,89	5,0	5,8	5,5
41,26	19,96	5,0	5,8	5,5
41,29	20,06	5,0	5,8	5,5
41,31	20,14	5,0	5,8	5,5
41,34	20,20	5,0	5,8	5,5
41,36	20,27	5,0	5,8	5,5
41,39	20,37	5,0	5,8	5,5
41,41	20,45	5,0	5,8	5,5
41,44	20,50	5,0	5,8	5,5
41,46	20,57	5,0	5,8	5,5
41,48	20,67	5,0	5,8	5,5
41,51	20,74	5,0	5,8	5,5
41,53	20,79	5,0	5,8	5,5
41,56	20,87	5,0	5,8	5,5
41,58	20,97	5,0	5,8	5,5
41,61	21,04	5,0	5,8	5,5
41,63	21,09	5,0	5,8	5,5
41,66	21,16	5,0	5,8	5,5
41,68	21,26	5,0	5,8	5,5
41,70	21,32	5,0	5,8	5,5
41,73	21,38	5,0	5,8	5,5
41,75	21,45	5,0	5,8	5,5
41,78	21,55	5,0	5,8	5,5
41,80	21,62	5,0	5,8	5,5
41,83	21,66	5,0	5,8	5,5
41,85	21,74	5,0	5,8	5,5
41,88	21,82	5,0	5,8	5,5
41,90	21,87	5,0	5,8	5,5
41,92	21,93	5,0	5,8	5,5
41,95	22,01	5,0	5,8	5,5
41,97	22,09	5,0	5,8	5,5
42,00	22,15	5,0	5,8	5,5
42,02	22,20	5,0	5,8	5,5
42,05	22,30	5,0	5,8	5,5
42,07	22,37	5,0	5,8	5,5
42,10	22,41	5,0	5,8	5,5
42,12	22,47	5,0	5,8	5,5
42,14	22,56	5,0	5,8	5,5
42,17	22,63	5,0	5,8	5,5
42,19	22,67	5,0	5,8	5,5
42,22	22,73	5,0	5,8	5,5
42,24	22,81	5,0	5,8	5,5
42,27	22,88	5,0	5,8	5,5
42,29	22,93	5,0	5,8	5,5
42,31	22,99	5,0	5,8	5,5
42,34	23,07	5,0	5,8	5,5
42,36	23,13	5,0	5,8	5,5
42,39	23,17	5,0	5,8	5,5
42,41	23,23	5,0	5,8	5,5
42,44	23,31	5,0	5,8	5,5
42,46	23,36	5,0	5,8	5,5
42,49	23,41	5,0	5,8	5,5
42,51	23,47	5,0	5,8	5,5
42,53	23,55	5,0	5,8	5,5
42,56	23,61	5,0	5,8	5,5
42,58	23,64	5,0	5,8	5,5
42,61	23,70	5,0	5,8	5,5
42,63	23,78	5,0	5,8	5,5
42,66	23,83	5,0	5,8	5,5
42,68	23,87	5,0	5,8	5,5
42,71	23,93	5,0	5,8	5,5
42,73	24,00	5,0	5,8	5,5
42,75	24,05	5,0	5,8	5,5
42,78	24,08	5,0	5,8	5,5
42,80	24,15	5,0	5,8	5,5
42,83	24,22	5,0	5,8	5,5
42,85	24,26	5,0	5,8	5,5
42,88	24,30	5,0	5,8	5,5
42,90	24,36	5,0	5,8	5,5
42,93	24,42	5,0	5,8	5,5
42,95	24,47	5,0	5,8	5,5
42,97	24,51	5,0	5,8	5,5
43,00	24,57	5,0	5,8	5,5
43,02	24,65	5,0	5,8	5,5
43,05	24,69	5,0	5,8	5,5
43,07	24,73	5,0	5,8	5,5
43,10	24,78	5,0	5,8	5,5
43,12	24,84	5,0	5,8	5,5
43,15	24,88	5,0	5,8	5,5
43,17	24,91	5,0	5,8	5,5
43,19	24,97	5,0	5,8	5,5
43,22	25,04	5,0	5,8	5,5
43,24	25,07	5,0	5,8	5,5
43,27	25,10	5,0	5,8	5,5
43,29	25,17	5,0	5,8	5,5
43,32	25,24	5,0	5,8	5,5
43,34	25,27	5,0	5,8	5,5
43,36	25,30	5,0	5,8	5,5
43,39	25,36	5,0	5,8	5,5
43,41	25,42	5,0	5,8	5,5
43,44	25,45	5,0	5,8	5,5
43,46	25,48	5,0	5,8	5,5
43,49	25,55	5,0	5,8	5,5
43,51	25,61	5,0	5,8	5,5
43,54	25,64	5,0	5,8	5,5
43,56	25,67	5,0	5,8	5,5
43,58	25,73	5,0	5,8	5,5
43,61	25,79	5,0	5,8	5,5
43,63	25,81	5,0	5,8	5,5
43,66	25,85	5,0	5,8	5,5
43,68	25,91	5,0	5,8	5,5
43,71	25,95	5,0	5,8	5,5
43,73	25,98	5,0	5,8	5,5
43,76	26,03	5,0	5,8	5,5
43,78	26,10	5,0	5,8	5,5
43,80	26,13	5,0	5,8	5,5
43,83	26,15	5,0	5,8	5,5
43,85	26,20	5,0	5,8	5,5
43,88	26,26	5,0	5,8	5,5
43,90	26,29	5,0	5,8	5,5
43,93	26,31	5,0	5,8	5,5
43,95	26,36	5,0	5,8	5,5
43,98	26,42	5,0	5,8	5,5
44,00	26,45	5,0	5,8	5,5
44,02	26,47	5,0	5,8	5,5
44,05	26,53	5,0	5,8	5,5
44,07	26,58	5,0	5,8	5,5
44,10	26,60	5,0	5,8	5,5
44,12	26,61	5,0	5,8	5,5
44,15	26,67	5,0	5,8	5,5
44,17	26,72	5,0	5,8	5,5
44,20	26,75	5,0	5,8	5,5
44,22	26,77	5,0	5,8	5,5
44,24	26,82	5,0	5,8	5,5
44,27	26,87	5,0	5,8	5,5
44,29	26,89	5,0	5,8	5,5
44,32	26,93	5,0	5,8	5,5
44,34	26,98	5,0	5,8	5,5
44,37	27,00	5,0	5,8	5,5
44,39	27,02	5,0	5,8	5,5
44,41	27,05	5,0	5,8	5,5
44,44	27,10	5,0	5,8	5,5
44,46	27,13	5,0	5,8	5,5
44,49	27,14	5,0	5,8	5,5
44,51	27,18	5,0	5,8	5,5
44,54	27,23	5,0	5,8	5,5
44,56	27,25	5,0	5,8	5,5
44,59	27,26	5,0	5,8	5,5
44,61	27,30	5,0	5,8	5,5
44,63	27,35	5,0	5,8	5,5
44,66	27,37	5,0	5,8	5,5
44,68	27,39	5,0	5,8	5,5
44,71	27,43	5,0	5,8	5,5
44,73	27,48	5,0	5,8	5,5
44,76	27,50	5,0	5,8	5,5
44,78	27,51	5,0	5,8	5,5
44,81	27,54	5,0	5,8	5,5
44,83	27,59	5,0	5,8	5,5
44,85	27,61	5,0	5,8	5,5
44,88	27,61	5,0	5,8	5,5
44,90	27,66	5,0	5,8	5,5
44,93	27,70	5,0	5,8	5,5
44,95	27,71	5,0	5,8	5,5
44,98	27,73	5,0	5,8	5,5
45,00	27,77	5,0	5,8	5,5
45,03	27,81	5,0	5,8	5,5
45,05	27,82	5,0	5,8	5,5
45,07	27,83	5,0	5,8	5,5
45,10	27,87	5,0	5,8	5,5
45,12	27,91	5,0	5,8	5,5
45,15	27,91	5,0	5,8	5,5
45,17	27,93	5,0	5,8	5,5
45,20	27,96	5,0	5,8	5,5
45,22	27,99	5,0	5,8	5,5
45,25	28,00	5,0	5,8	5,5
45,27	28,00	5,0	5,8	5,5
45,29	28,04	5,0	5,8	5,5
45,32	28,07	5,0	5,8	5,5
45,34	28,07	5,0	5,8	5,5
45,37	28,08	5,0	5,8	5,5
45,39	28,11	5,0	5,8	5,5
45,42	28,14	5,0	5,8	5,5
45,44	28,14	5,0	5,8	5,5
45,47	28,15	5,0	5,8	5,5
45,49	28,20	5,0	5,8	5,5
45,51	28,21	5,0	5,8	5,5
45,54	28,21	5,0	5,8	5,5
45,56	28,22	5,0	5,8	5,5
45,59	28,25	5,0	5,8	5,5
45,61	28,27	5,0	5,8	5,5
45,64	28,27	5,0	5,8	5,5
45,66	28,28	5,0	5,8	5,5
45,68	28,32	5,0	5,8	5,5
45,71	28,34	5,0	5,8	5,5
45,73	28,33	5,0	5,8	5,5
45,76	28,34	5,0	5,8	5,5
45,78	28,37	5,0	5,8	5,5
45,81	28,39	5,0	5,8	5,5
45,83	28,38	5,0	5,8	5,5
45,86	28,39	5,0	5,8	5,5
45,88	28,42	5,0	5,8	5,5
45,90	28,44	5,0	5,8	5,5
45,93	28,43	5,0	5,8	5,5
45,95	28,44	5,0	5,8	5,5
45,98	28,46	5,0	5,8	5,5
46,00	28,47	5,0	5,8	5,5
46,03	28,46	5,0	5,8	5,5
46,05	28,47	5,0	5,8	5,5
46,08	28,50	5,0	5,8	5,5
46,10	28,50	5,0	5,8	5,5
46,12	28,49	5,0	5,8	5,5
46,15	28,52	5,0	5,8	5,5
46,17	28,54	5,0	5,8	5,5
46,20	28,53	5,0	5,8	5,5
46,22	28,53	5,0	5,8	5,5
46,25	28,56	5,0	5,8	5,5
46,27	28,57	5,0	5,8	5,5
46,30	28,56	5,0	5,8	5,5
46,32	28,56	5,0	5,8	5,5
46,34	28,59	5,0	5,8	5,5
46,37	28,60	5,0	5,8	5,5
46,39	28,59	5,0	5,8	5,5
46,42	28,59	5,0	5,8	5,5
46,44	28,62	5,0	5,8	5,5
46,47	28,63	5,0	5,8	5,5
46,49	28,62	5,0	5,8	5,5
46,52	28,62	5,0	5,8	5,5
46,54	28,64	5,0	5,8	5,5
46,56	28,65	5,0	5,8	5,5
46,59	28,63	5,0	5,8	5,5
46,61	28,64	5,0	5,8	5,5
46,64	28,66	5,0	5,8	5,5
46,66	28,67	5,0	5,8	5,5
46,69	28,64	5,0	5,8	5,5
46,71	28,64	5,0	5,8	5,5
46,73	28,67	5,0	5,8	5,5
46,76	28,65	5,0	5,8	5,5
46,78	28,63	5,0	5,8	5,5
46,81	28,65	5,0	5,8	5,5
46,83	28,65	5,0	5,8	5,5
46,86	28,63	5,0	5,8	5,5
46,88	28,61	5,0	5,8	5,5
46,91	28,63	5,0	5,8	5,5
46,93	28,63	5,0	5,8	5,5
46,95	28,60	5,0	5,8	5,5
46,98	28,58	5,0	5,8	5,5
47,00	28,59	5,0	5,8	5,5
47,03	28,59	5,0	5,8	5,5
47,05	28,56	5,0	5,8	5,5
47,08	28,54	5,0	5,8	5,5
47,10	28,55	5,0	5,8	5,5
47,13	28,54	5,0	5,8	5,5
47,15	28,50	5,0	5,8	5,5
47,17	28,48	5,0	5,8	5,5
47,20	28,47	5,0	5,8	5,5
47,22	28,45	5,0	5,8	5,5
47,25	28,41	5,0	5,8	5,5
47,27	28,38	5,0	5,8	5,5
47,30	28,38	5,0	5,8	5,5
47,32	28,35	5,0	5,8	5,5
47,35	28,29	5,0	5,8	5,5
47,37	28,25	5,0	5,8	5,5
47,39	28,24	5,0	5,8	5,5
47,42	28,20	5,0	5,8	5,5
47,44	28,14	5,0	5,8	5,5
47,47	28,10	5,0	5,8	5,5
47,49	28,07	5,0	5,8	5,5
47,52	28,02	5,0	5,8	5,5
47,54	27,95	5,0	5,8	5,5
47,57	27,90	5,0	5,8	5,5
47,59	27,87	5,0	5,8	5,5
47,61	27,81	5,0	5,8	5,5
47,64	27,73	5,0	5,8	5,5
47,66	27,67	5,0	5,8	5,5
47,69	27,62	5,0	5,8	5,5
47,71	27,55	5,0	5,8	5,5
47,74	27,47	5,0	5,8	5,5
47,76	27,40	5,0	5,8	5,5
47,78	27,35	5,0	5,8	5,5
47,81	27,28	5,0	5,8	5,5
47,83	27,19	5,0	5,8	5,5
47,86	27,12	5,0	5,8	5,5
47,88	27,06	5,0	5,8	5,5
47,91	26,98	5,0	5,8	5,5
47,93	26,87	5,0	5,8	5,5
47,96	26,81	5,0	5,8	5,5
47,98	26,74	5,0	5,8	5,5
48,00	26,65	5,0	5,8	5,5
48,03	26,55	5,0	5,8	5,5
48,05	26,48	5,0	5,8	5,5
48,08	26,41	5,0	5,8	5,5
48,10	26,33	5,0	5,8	5,5
48,13	26,23	5,0	5,8	5,5
48,15	26,15	5,0	5,8	5,5
48,18	26,08	5,0	5,8	5,5
48,20	25,98	5,0	5,8	5,5
48,22	25,89	5,0	5,8	5,5
48,25	25,81	5,0	5,8	5,5
48,27	25,75	5,0	5,8	5,5
48,30	25,65	5,0	5,8	5,5
48,32	25,55	5,0	5,8	5,5
48,35	25,48	5,0	5,8	5,5
48,37	25,40	5,0	5,8	5,5
48,40	25,30	5,0	5,8	5,5
48,42	25,20	5,0	5,8	5,5
48,44	25,13	5,0	5,8	5,5
48,47	25,06	5,0	5,8	5,5
48,49	24,96	5,0	5,8	5,5
48,52	24,86	5,0	5,8	5,5
48,54	24,80	5,0	5,8	5,5
48,57	24,71	5,0	5,8	5,5
48,59	24,60	5,0	5,8	5,5
48,62	24,53	5,0	5,8	5,5
48,64	24,46	5,0	5,8	5,5
48,66	24,36	5,0	5,8	5,5
48,69	24,24	5,0	5,8	5,5
48,71	24,16	5,0	5,8	5,5
48,74	24,09	5,0	5,8	5,5
48,76	24,00	5,0	5,8	5,5
48,79	23,89	5,0	5,8	5,5
48,81	23,82	5,0	5,8	5,5
48,84	23,75	5,0	5,8	5,5
48,86	23,65	5,0	5,8	5,5
48,88	23,53	5,0	5,8	5,5
48,91	23,45	5,0	5,8	5,5
48,93	23,38	5,0	5,8	5,5
48,96	23,27	5,0	5,8	5,5
48,98	23,16	5,0	5,8	5,5
49,01	23,07	5,0	5,8	5,5
49,03	23,00	5,0	5,8	5,5
49,05	22,89	5,0	5,8	5,5
49,08	22,77	5,0	5,8	5,5
49,10	22,70	5,0	5,8	5,5
49,13	22,61	5,0	5,8	5,5
49,15	22,49	5,0	5,8	5,5
49,18	22,39	5,0	5,8	5,5
49,20	22,31	5,0	5,8	5,5
49,23	22,21	5,0	5,8	5,5
49,25	22,09	5,0	5,8	5,5
49,27	21,99	5,0	5,8	5,5
49,30	21,91	5,0	5,8	5,5
49,32	21,80	5,0	5,8	5,5
49,35	21,67	5,0	5,8	5,5
49,37	21,57	5,0	5,8	5,5
49,40	21,49	5,0	5,8	5,5
49,42	21,38	5,0	5,8	5,5
49,45	21,25	5,0	5,8	5,5
49,47	21,15	5,0	5,8	5,5
49,49	21,06	5,0	5,8	5,5
49,52	20,95	5,0	5,8	5,5
49,54	20,83	5,0	5,8	5,5
49,57	20,73	5,0	5,8	5,5
49,59	20,63	5,0	5,8	5,5
49,62	20,52	5,0	5,8	5,5
49,64	20,39	5,0	5,8	5,5
49,67	20,28	5,0	5,8	5,5
49,69	20,19	5,0	5,8	5,5
49,71	20,07	5,0	5,8	5,5
49,74	19,95	5,0	5,8	5,5
49,76	19,85	5,0	5,8	5,5
49,79	19,75	5,0	5,8	5,5
49,81	19,63	5,0	5,8	5,5
49,84	19,51	5,0	5,8	5,5
49,86	19,40	5,0	5,8	5,5
49,89	19,32	5,0	5,8	5,5
49,91	19,19	5,0	5,8	5,5
49,93	19,07	5,0	5,8	5,5
49,96	18,98	5,0	5,8	5,5
49,98	18,88	5,0	5,8	5,5
50,01	18,76	5,0	5,8	5,5
50,03	18,63	5,0	5,8	5,5
50,06	18,54	5,0	5,8	5,5
50,08	18,44	5,0	5,8	5,5
50,10	18,32	5,0	5,8	5,5
50,13	18,20	5,0	5,8	5,5
50,15	18,11	5,0	5,8	5,5
50,18	18,02	5,0	5,8	5,5
50,20	17,90	5,0	5,8	5,5
50,23	17,78	5,0	5,8	5,5
50,25	17,70	5,0	5,8	5,5
50,28	17,61	5,0	5,8	5,5
50,30	17,48	5,0	5,8	5,5
50,32	17,37	5,0	5,8	5,5
50,35	17,27	5,0	5,8	5,5
50,37	17,18	5,0	5,8	5,5
50,40	17,06	5,0	5,8	5,5
50,42	16,94	5,0	5,8	5,5
50,45	16,86	5,0	5,8	5,5
50,47	16,78	5,0	5,8	5,5
50,50	16,65	5,0	5,8	5,5
50,52	16,55	5,0	5,8	5,5
50,54	16,47	5,0	5,8	5,5
50,57	16,37	5,0	5,8	5,5
50,59	16,25	5,0	5,8	5,5
50,62	16,14	5,0	5,8	5,5
50,64	16,06	5,0	5,8	5,5
50,67	15,97	5,0	5,8	5,5
50,69	15,85	5,0	5,8	5,5
50,72	15,74	5,0	5,8	5,5
50,74	15,66	5,0	5,8	5,5
50,76	15,57	5,0	5,8	5,5
50,79	15,45	5,0	5,8	5,5
50,81	15,35	5,0	5,8	5,5
50,84	15,28	5,0	5,8	5,5
50,86	15,18	5,0	5,8	5,5
50,89	15,06	5,0	5,8	5,5
50,91	14,96	5,0	5,8	5,5
50,94	14,89	5,0	5,8	5,5
50,96	14,80	5,0	5,8	5,5
50,98	14,69	5,0	5,8	5,5
51,01	14,60	5,0	5,8	5,5
51,03	14,53	5,0	5,8	5,5
51,06	14,41	5,0	5,8	5,5
51,08	14,30	5,0	5,8	5,5
51,11	14,22	5,0	5,8	5,5
51,13	14,15	5,0	5,8	5,5
51,15	14,04	5,0	5,8	5,5
51,18	13,94	5,0	5,8	5,5
51,20	13,87	5,0	5,8	5,5
51,23	13,80	5,0	5,8	5,5
51,25	13,69	5,0	5,8	5,5
51,28	13,59	5,0	5,8	5,5
51,30	13,52	5,0	5,8	5,5
51,33	13,45	5,0	5,8	5,5
51,35	13,34	5,0	5,8	5,5
51,37	13,23	5,0	5,8	5,5
51,40	13,17	5,0	5,8	5,5
51,42	13,10	5,0	5,8	5,5
51,45	13,00	5,0	5,8	5,5
51,47	12,91	5,0	5,8	5,5
51,50	12,85	5,0	5,8	5,5
51,52	12,78	5,0	5,8	5,5
51,55	12,68	5,0	5,8	5,5
51,57	12,59	5,0	5,8	5,5
51,59	12,54	5,0	5,8	5,5
51,62	12,46	5,0	5,8	5,5
51,64	12,37	5,0	5,8	5,5
51,67	12,31	5,0	5,8	5,5
51,69	12,26	5,0	5,8	5,5
51,72	12,18	5,0	5,8	5,5
51,74	12,09	5,0	5,8	5,5
51,77	12,04	5,0	5,8	5,5
51,79	12,00	5,0	5,8	5,5
51,81	11,92	5,0	5,8	5,5
51,84	11,84	5,0	5,8	5,5
51,86	11,81	5,0	5,8	5,5
51,89	11,77	5,0	5,8	5,5
51,91	11,70	5,0	5,8	5,5
51,94	11,64	5,0	5,8	5,5
51,96	11,61	5,0	5,8	5,5
51,99	11,58	5,0	5,8	5,5
52,01	11,51	5,0	5,8	5,5
52,03	11,45	5,0	5,8	5,5
52,06	11,43	5,0	5,8	5,5
52,08	11,41	5,0	5,8	5,5
52,11	11,35	5,0	5,8	5,5
52,13	11,30	5,0	5,8	5,5
52,16	11,29	5,0	5,8	5,5
52,18	11,27	5,0	5,8	5,5
52,20	11,22	5,0	5,8	5,5
52,23	11,18	5,0	5,8	5,5
52,25	11,17	5,0	5,8	5,5
52,28	11,15	5,0	5,8	5,5
52,30	11,11	5,0	5,8	5,5
52,33	11,07	5,0	5,8	5,5
52,35	11,08	5,0	5,8	5,5
52,38	11,06	5,0	5,8	5,5
52,40	11,02	5,0	5,8	5,5
52,42	11,00	5,0	5,8	5,5
52,45	11,00	5,0	5,8	5,5
52,47	10,98	5,0	5,8	5,5
52,50	10,94	5,0	5,8	5,5
52,52	10,92	5,0	5,8	5,5
52,55	10,93	5,0	5,8	5,5
52,57	10,92	5,0	5,8	5,5
52,60	10,88	5,0	5,8	5,5
52,62	10,86	5,0	5,8	5,5
52,64	10,87	5,0	5,8	5,5
52,67	10,86	5,0	5,8	5,5
52,69	10,82	5,0	5,8	5,5
52,72	10,81	5,0	5,8	5,5
52,74	10,82	5,0	5,8	5,5
52,77	10,81	5,0	5,8	5,5
52,79	10,77	5,0	5,8	5,5
52,82	10,76	5,0	5,8	5,5
52,84	10,77	5,0	5,8	5,5
52,86	10,77	5,0	5,8	5,5
52,89	10,73	5,0	5,8	5,5
52,91	10,73	5,0	5,8	5,5
52,94	10,75	5,0	5,8	5,5
52,96	10,73	5,0	5,8	5,5
52,99	10,70	5,0	5,8	5,5
53,01	10,70	5,0	5,8	5,5
53,04	10,71	5,0	5,8	5,5
53,06	10,70	5,0	5,8	5,5
53,08	10,67	5,0	5,8	5,5
53,11	10,68	5,0	5,8	5,5
53,13	10,70	5,0	5,8	5,5
53,16	10,68	5,0	5,8	5,5
53,18	10,66	5,0	5,8	5,5
53,21	10,66	5,0	5,8	5,5
53,23	10,68	5,0	5,8	5,5
53,26	10,68	5,0	5,8	5,5
53,28	10,65	5,0	5,8	5,5
53,30	10,66	5,0	5,8	5,5
53,33	10,69	5,0	5,8	5,5
53,35	10,68	5,0	5,8	5,5
53,38	10,67	5,0	5,8	5,5
53,40	10,68	5,0	5,8	5,5
53,43	10,71	5,0	5,8	5,5
53,45	10,69	5,0	5,8	5,5
53,47	10,69	5,0	5,8	5,5
53,50	10,73	5,0	5,8	5,5
53,52	10,74	5,0	5,8	5,5
53,55	10,73	5,0	5,8	5,5
53,57	10,74	5,0	5,8	5,5
53,60	10,78	5,0	5,8	5,5
53,62	10,80	5,0	5,8	5,5
53,65	10,79	5,0	5,8	5,5
53,67	10,81	5,0	5,8	5,5
53,69	10,86	5,0	5,8	5,5
53,72	10,88	5,0	5,8	5,5
53,74	10,87	5,0	5,8	5,5
53,77	10,90	5,0	5,8	5,5
53,79	10,96	5,0	5,8	5,5
53,82	10,98	5,0	5,8	5,5
53,84	10,99	5,0	5,8	5,5
53,87	11,02	5,0	5,8	5,5
53,89	11,08	5,0	5,8	5,5
53,91	11,11	5,0	5,8	5,5
53,94	11,12	5,0	5,8	5,5
53,96	11,17	5,0	5,8	5,5
53,99	11,23	5,0	5,8	5,5
54,01	11,27	5,0	5,8	5,5
54,04	11,29	5,0	5,8	5,5
54,06	11,36	5,0	5,8	5,5
54,09	11,41	5,0	5,8	5,5
54,11	11,43	5,0	5,8	5,5
54,13	11,47	5,0	5,8	5,5
54,16	11,54	5,0	5,8	5,5
54,18	11,60	5,0	5,8	5,5
54,21	11,63	5,0	5,8	5,5
54,23	11,67	5,0	5,8	5,5
54,26	11,76	5,0	5,8	5,5
54,28	11,81	5,0	5,8	5,5
54,31	11,84	5,0	5,8	5,5
54,33	11,90	5,0	5,8	5,5
54,35	11,99	5,0	5,8	5,5
54,38	12,05	5,0	5,8	5,5
54,40	12,08	5,0	5,8	5,5
54,43	12,14	5,0	5,8	5,5
54,45	12,23	5,0	5,8	5,5
54,48	12,29	5,0	5,8	5,5
54,50	12,33	5,0	5,8	5,5
54,52	12,40	5,0	5,8	5,5
54,55	12,49	5,0	5,8	5,5
54,57	12,55	5,0	5,8	5,5
54,60	12,59	5,0	5,8	5,5
54,62	12,65	5,0	5,8	5,5
54,65	12,75	5,0	5,8	5,5
54,67	12,81	5,0	5,8	5,5
54,70	12,86	5,0	5,8	5,5
54,72	12,94	5,0	5,8	5,5
54,74	13,03	5,0	5,8	5,5
54,77	13,10	5,0	5,8	5,5
54,79	13,14	5,0	5,8	5,5
54,82	13,22	5,0	5,8	5,5
54,84	13,32	5,0	5,8	5,5
54,87	13,38	5,0	5,8	5,5
54,89	13,42	5,0	5,8	5,5
54,92	13,51	5,0	5,8	5,5
54,94	13,60	5,0	5,8	5,5
54,96	13,66	5,0	5,8	5,5
54,99	13,71	5,0	5,8	5,5
55,01	13,80	5,0	5,8	5,5
55,04	13,90	5,0	5,8	5,5
55,06	13,97	5,0	5,8	5,5
55,09	14,02	5,0	5,8	5,5
55,11	14,11	5,0	5,8	5,5
55,14	14,20	5,0	5,8	5,5
55,16	14,27	5,0	5,8	5,5
55,18	14,32	5,0	5,8	5,5
55,21	14,42	5,0	5,8	5,5
55,23	14,52	5,0	5,8	5,5
55,26	14,58	5,0	5,8	5,5
55,28	14,65	5,0	5,8	5,5
55,31	14,74	5,0	5,8	5,5
55,33	14,84	5,0	5,8	5,5
55,36	14,91	5,0	5,8	5,5
55,38	14,97	5,0	5,8	5,5
55,40	15,08	5,0	5,8	5,5
55,43	15,18	5,0	5,8	5,5
55,45	15,24	5,0	5,8	5,5
55,48	15,31	5,0	5,8	5,5
55,50	15,42	5,0	5,8	5,5
55,53	15,53	5,0	5,8	5,5
55,55	15,60	5,0	5,8	5,5
55,57	15,67	5,0	5,8	5,5
55,60	15,79	5,0	5,8	5,5
55,62	15,90	5,0	5,8	5,5
55,65	15,96	5,0	5,8	5,5
55,67	16,04	5,0	5,8	5,5
55,70	16,17	5,0	5,8	5,5
55,72	16,28	5,0	5,8	5,5
55,75	16,35	5,0	5,8	5,5
55,77	16,44	5,0	5,8	5,5
55,79	16,56	5,0	5,8	5,5
55,82	16,67	5,0	5,8	5,5
55,84	16,74	5,0	5,8	5,5
55,87	16,83	5,0	5,8	5,5
55,89	16,96	5,0	5,8	5,5
55,92	17,04	5,0	5,8	5,5
55,94	17,12	5,0	5,8	5,5
55,97	17,24	5,0	5,8	5,5
55,99	17,37	5,0	5,8	5,5
56,01	17,46	5,0	5,8	5,5
56,04	17,54	5,0	5,8	5,5
56,06	17,67	5,0	5,8	5,5
56,09	17,80	5,0	5,8	5,5
56,11	17,89	5,0	5,8	5,5
56,14	17,97	5,0	5,8	5,5
56,16	18,10	5,0	5,8	5,5
56,19	18,22	5,0	5,8	5,5
56,21	18,31	5,0	5,8	5,5
56,23	18,40	5,0	5,8	5,5
56,26	18,53	5,0	5,8	5,5
56,28	18,66	5,0	5,8	5,5
56,31	18,74	5,0	5,8	5,5
56,33	18,83	5,0	5,8	5,5
56,36	18,97	5,0	5,8	5,5
56,38	19,10	5,0	5,8	5,5
56,41	19,19	5,0	5,8	5,5
56,43	19,29	5,0	5,8	5,5
56,45	19,42	5,0	5,8	5,5
56,48	19,56	5,0	5,8	5,5
56,50	19,64	5,0	5,8	5,5
56,53	19,76	5,0	5,8	5,5
56,55	19,89	5,0	5,8	5,5
56,58	19,99	5,0	5,8	5,5
56,60	20,09	5,0	5,8	5,5
56,62	20,21	5,0	5,8	5,5
56,65	20,34	5,0	5,8	5,5
56,67	20,45	5,0	5,8	5,5
56,70	20,55	5,0	5,8	5,5
56,72	20,68	5,0	5,8	5,5
56,75	20,82	5,0	5,8	5,5
56,77	20,92	5,0	5,8	5,5
56,80	21,01	5,0	5,8	5,5
56,82	21,15	5,0	5,8	5,5
56,84	21,28	5,0	5,8	5,5
56,87	21,38	5,0	5,8	5,5
56,89	21,48	5,0	5,8	5,5
56,92	21,61	5,0	5,8	5,5
56,94	21,75	5,0	5,8	5,5
56,97	21,85	5,0	5,8	5,5
56,99	21,95	5,0	5,8	5,5
57,02	22,08	5,0	5,8	5,5
57,04	22,23	5,0	5,8	5,5
57,06	22,33	5,0	5,8	5,5
57,09	22,43	5,0	5,8	5,5
57,11	22,57	5,0	5,8	5,5
57,14	22,71	5,0	5,8	5,5
57,16	22,81	5,0	5,8	5,5
57,19	22,91	5,0	5,8	5,5
57,21	23,05	5,0	5,8	5,5
57,24	23,19	5,0	5,8	5,5
57,26	23,29	5,0	5,8	5,5
57,28	23,39	5,0	5,8	5,5
57,31	23,54	5,0	5,8	5,5
57,33	23,68	5,0	5,8	5,5
57,36	23,78	5,0	5,8	5,5
57,38	23,90	5,0	5,8	5,5
57,41	24,06	5,0	5,8	5,5
57,43	24,19	5,0	5,8	5,5
57,46	24,30	5,0	5,8	5,5
57,48	24,42	5,0	5,8	5,5
57,50	24,57	5,0	5,8	5,5
57,53	24,70	5,0	5,8	5,5
57,55	24,80	5,0	5,8	5,5
57,58	24,92	5,0	5,8	5,5
57,60	25,08	5,0	5,8	5,5
57,63	25,21	5,0	5,8	5,5
57,65	25,32	5,0	5,8	5,5
57,68	25,44	5,0	5,8	5,5
57,70	25,60	5,0	5,8	5,5
57,72	25,74	5,0	5,8	5,5
57,75	25,84	5,0	5,8	5,5
57,77	25,98	5,0	5,8	5,5
57,80	26,13	5,0	5,8	5,5
57,82	26,26	5,0	5,8	5,5
57,85	26,36	5,0	5,8	5,5
57,87	26,50	5,0	5,8	5,5
57,89	26,66	5,0	5,8	5,5
57,92	26,79	5,0	5,8	5,5
57,94	26,89	5,0	5,8	5,5
57,97	27,03	5,0	5,8	5,5
57,99	27,19	5,0	5,8	5,5
58,02	27,31	5,0	5,8	5,5
58,04	27,42	5,0	5,8	5,5
58,07	27,55	5,0	5,8	5,5
58,09	27,72	5,0	5,8	5,5
58,11	27,85	5,0	5,8	5,5
58,14	27,95	5,0	5,8	5,5
58,16	28,09	5,0	5,8	5,5
58,19	28,24	5,0	5,8	5,5
58,21	28,37	5,0	5,8	5,5
58,24	28,48	5,0	5,8	5,5
58,26	28,61	5,0	5,8	5,5
58,29	28,77	5,0	5,8	5,5
58,31	28,89	5,0	5,8	5,5
58,33	29,01	5,0	5,8	5,5
58,36	29,18	5,0	5,8	5,5
58,38	29,33	5,0	5,8	5,5
58,41	29,44	5,0	5,8	5,5
58,43	29,56	5,0	5,8	5,5
58,46	29,72	5,0	5,8	5,5
58,48	29,85	5,0	5,8	5,5
58,51	29,95	5,0	5,8	5,5
58,53	30,08	5,0	5,8	5,5
58,55	30,24	5,0	5,8	5,5
58,58	30,38	5,0	5,8	5,5
58,60	30,48	5,0	5,8	5,5
58,63	30,61	5,0	5,8	5,5
58,65	30,77	5,0	5,8	5,5
58,68	30,91	5,0	5,8	5,5
58,70	31,01	5,0	5,8	5,5
58,73	31,15	5,0	5,8	5,5
58,75	31,31	5,0	5,8	5,5
58,77	31,44	5,0	5,8	5,5
58,80	31,54	5,0	5,8	5,5
58,82	31,68	5,0	5,8	5,5
58,85	31,84	5,0	5,8	5,5
58,87	31,97	5,0	5,8	5,5
58,90	32,07	5,0	5,8	5,5
58,92	32,21	5,0	5,8	5,5
58,94	32,36	5,0	5,8	5,5
58,97	32,46	5,0	5,8	5,5
58,99	32,57	5,0	5,8	5,5
59,02	32,73	5,0	5,8	5,5
59,04	32,88	5,0	5,8	5,5
59,07	33,00	5,0	5,8	5,5
59,09	33,12	5,0	5,8	5,5
59,12	33,29	5,0	5,8	5,5
59,14	33,42	5,0	5,8	5,5
59,16	33,54	5,0	5,8	5,5
59,19	33,65	5,0	5,8	5,5
59,21	33,81	5,0	5,8	5,5
59,24	33,96	5,0	5,8	5,5
59,26	34,05	5,0	5,8	5,5
59,29	34,18	5,0	5,8	5,5
59,31	34,33	5,0	5,8	5,5
59,34	34,46	5,0	5,8	5,5
59,36	34,58	5,0	5,8	5,5
59,38	34,71	5,0	5,8	5,5
59,41	34,87	5,0	5,8	5,5
59,43	35,01	5,0	5,8	5,5
59,46	35,10	5,0	5,8	5,5
59,48	35,24	5,0	5,8	5,5
59,51	35,40	5,0	5,8	5,5
59,53	35,53	5,0	5,8	5,5
59,56	35,64	5,0	5,8	5,5
59,58	35,78	5,0	5,8	5,5
59,60	35,93	5,0	5,8	5,5
59,63	36,06	5,0	5,8	5,5
59,65	36,16	5,0	5,8	5,5
59,68	36,29	5,0	5,8	5,5
59,70	36,45	5,0	5,8	5,5
59,73	36,58	5,0	5,8	5,5
59,75	36,69	5,0	5,8	5,5
59,78	36,82	5,0	5,8	5,5
59,80	36,98	5,0	5,8	5,5
59,82	37,10	5,0	5,8	5,5
59,85	37,21	5,0	5,8	5,5
59,87	37,35	5,0	5,8	5,5
59,90	37,50	5,0	5,8	5,5
59,92	37,62	5,0	5,8	5,5
59,95	37,73	5,0	5,8	5,5
59,97	37,86	5,0	5,8	5,5
59,99	38,02	5,0	5,8	5,5
60,02	38,14	5,0	5,8	5,5
60,04	38,25	5,0	5,8	5,5
60,07	38,40	5,0	5,8	5,5
60,09	38,55	5,0	5,8	5,5
60,12	38,66	5,0	5,8	5,5
60,14	38,76	5,0	5,8	5,5
60,17	38,91	5,0	5,8	5,5
60,19	39,05	5,0	5,8	5,5
60,21	39,17	5,0	5,8	5,5
60,24	39,28	5,0	5,8	5,5
60,26	39,42	5,0	5,8	5,5
60,29	39,57	5,0	5,8	5,5
60,31	39,68	5,0	5,8	5,5
60,34	39,78	5,0	5,8	5,5
60,36	39,93	5,0	5,8	5,5
60,39	40,09	5,0	5,8	5,5
60,41	40,20	5,0	5,8	5,5
60,43	40,31	5,0	5,8	5,5
60,46	40,45	5,0	5,8	5,5
60,48	40,59	5,0	5,8	5,5
60,51	40,70	5,0	5,8	5,5
60,53	40,81	5,0	5,8	5,5
60,56	40,95	5,0	5,8	5,5
60,58	41,11	5,0	5,8	5,5
60,61	41,20	5,0	5,8	5,5
60,63	41,30	5,0	5,8	5,5
60,65	41,46	5,0	5,8	5,5
60,68	41,59	5,0	5,8	5,5
60,70	41,70	5,0	5,8	5,5
60,73	41,81	5,0	5,8	5,5
60,75	41,97	5,0	5,8	5,5
60,78	42,10	5,0	5,8	5,5
60,80	42,20	5,0	5,8	5,5
60,83	42,33	5,0	5,8	5,5
60,85	42,47	5,0	5,8	5,5
60,87	42,58	5,0	5,8	5,5
60,90	42,67	5,0	5,8	5,5
60,92	42,81	5,0	5,8	5,5
60,95	42,96	5,0	5,8	5,5
60,97	43,07	5,0	5,8	5,5
61,00	43,17	5,0	5,8	5,5
61,02	43,31	5,0	5,8	5,5
61,05	43,46	5,0	5,8	5,5
61,07	43,57	5,0	5,8	5,5
61,09	43,67	5,0	5,8	5,5
61,12	43,81	5,0	5,8	5,5
61,14	43,94	5,0	5,8	5,5
61,17	44,05	5,0	5,8	5,5
61,19	44,15	5,0	5,8	5,5
61,22	44,30	5,0	5,8	5,5
61,24	44,45	5,0	5,8	5,5
61,26	44,54	5,0	5,8	5,5
61,29	44,64	5,0	5,8	5,5
61,31	44,77	5,0	5,8	5,5
61,34	44,91	5,0	5,8	5,5
61,36	45,00	5,0	5,8	5,5
61,39	45,11	5,0	5,8	5,5
61,41	45,26	5,0	5,8	5,5
61,44	45,38	5,0	5,8	5,5
61,46	45,48	5,0	5,8	5,5
61,48	45,60	5,0	5,8	5,5
61,51	45,76	5,0	5,8	5,5
61,53	45,86	5,0	5,8	5,5
61,56	45,94	5,0	5,8	5,5
61,58	46,07	5,0	5,8	5,5
61,61	46,20	5,0	5,8	5,5
61,63	46,30	5,0	5,8	5,5
61,66	46,38	5,0	5,8	5,5
61,68	46,50	5,0	5,8	5,5
61,70	46,64	5,0	5,8	5,5
61,73	46,75	5,0	5,8	5,5
61,75	46,84	5,0	5,8	5,5
61,78	46,97	5,0	5,8	5,5
61,80	47,09	5,0	5,8	5,5
61,83	47,19	5,0	5,8	5,5
61,85	47,27	5,0	5,8	5,5
61,88	47,39	5,0	5,8	5,5
61,90	47,53	5,0	5,8	5,5
61,92	47,62	5,0	5,8	5,5
61,95	47,70	5,0	5,8	5,5
61,97	47,83	5,0	5,8	5,5
62,00	47,95	5,0	5,8	5,5
62,02	48,04	5,0	5,8	5,5
62,05	48,14	5,0	5,8	5,5
62,07	48,26	5,0	5,8	5,5
62,10	48,39	5,0	5,8	5,5
62,12	48,46	5,0	5,8	5,5
62,14	48,55	5,0	5,8	5,5
62,17	48,67	5,0	5,8	5,5
62,19	48,77	5,0	5,8	5,5
62,22	48,86	5,0	5,8	5,5
62,24	48,94	5,0	5,8	5,5
62,27	49,06	5,0	5,8	5,5
62,29	49,15	5,0	5,8	5,5
62,31	49,21	5,0	5,8	5,5
62,34	49,29	5,0	5,8	5,5
62,36	49,37	5,0	5,8	5,5
62,39	49,44	5,0	5,8	5,5
62,41	49,50	5,0	5,8	5,5
62,44	49,56	5,0	5,8	5,5
62,46	49,63	5,0	5,8	5,5
62,49	49,69	5,0	5,8	5,5
62,51	49,72	5,0	5,8	5,5
62,53	49,77	5,0	5,8	5,5
62,56	49,83	5,0	5,8	5,5
62,58	49,86	5,0	5,8	5,5
62,61	49,87	5,0	5,8	5,5
62,63	49,90	5,0	5,8	5,5
62,66	49,93	5,0	5,8	5,5
62,68	49,94	5,0	5,8	5,5
62,71	49,94	5,0	5,8	5,5
62,73	49,96	5,0	5,8	5,5
62,75	49,99	5,0	5,8	5,5
62,78	49,99	5,0	5,8	5,5
62,80	49,99	5,0	5,8	5,5
62,83	49,99	5,0	5,8	5,5
62,85	49,99	5,0	5,8	5,5
62,88	49,99	5,0	5,8	5,5
62,90	49,99	5,0	5,8	5,5
62,93	49,99	5,0	5,8	5,5
62,95	49,99	5,0	5,8	5,5
62,97	49,99	5,0	5,8	5,5
63,00	49,99	5,0	5,8	5,5
63,02	49,99	5,0	5,8	5,5
63,05	49,99	5,0	5,8	5,5
63,07	49,99	5,0	5,8	5,5
63,10	49,99	5,0	5,8	5,5
63,12	49,99	5,0	5,8	5,5
63,15	49,99	5,0	5,8	5,5
63,17	49,99	5,0	5,8	5,5
63,19	49,99	5,0	5,8	5,5
63,22	49,99	5,0	5,8	5,5
63,24	49,99	5,0	5,8	5,5
63,27	49,99	5,0	5,8	5,5
63,29	49,99	5,0	5,8	5,5
63,32	49,99	5,0	5,8	5,5
63,34	49,99	5,0	5,8	5,5
63,36	49,99	5,0	5,8	5,5
63,39	49,99	5,0	5,8	5,5
63,41	49,99	5,0	5,8	5,5
63,44	49,99	5,0	5,8	5,5
63,46	49,99	5,0	5,8	5,5
63,49	49,99	5,0	5,8	5,5
63,51	49,99	5,0	5,8	5,5
63,54	49,99	5,0	5,8	5,5
63,56	49,99	5,0	5,8	5,5
63,58	49,99	5,0	5,8	5,5
63,61	49,99	5,0	5,8	5,5
63,63	49,99	5,0	5,8	5,5
63,66	49,99	5,0	5,8	5,5
63,68	49,99	5,0	5,8	5,5
63,71	49,99	5,0	5,8	5,5
63,73	49,99	5,0	5,8	5,5
63,76	49,99	5,0	5,8	5,5
63,78	49,99	5,0	5,8	5,5
63,80	49,99	5,0	5,8	5,5
63,83	49,99	5,0	5,8	5,5
63,85	49,99	5,0	5,8	5,5
63,88	49,99	5,0	5,8	5,5
63,90	49,99	5,0	5,8	5,5
63,93	49,99	5,0	5,8	5,5
63,95	49,99	5,0	5,8	5,5
63,98	49,99	5,0	5,8	5,5
64,00	49,99	5,0	5,8	5,5
64,02	49,99	5,0	5,8	5,5
64,05	49,99	5,0	5,8	5,5
64,07	49,99	5,0	5,8	5,5
64,10	49,99	5,0	5,8	5,5
64,12	49,99	5,0	5,8	5,5
64,15	49,99	5,0	5,8	5,5
64,17	49,99	5,0	5,8	5,5
64,20	49,99	5,0	5,8	5,5
64,22	49,99	5,0	5,8	5,5
64,24	49,99	5,0	5,8	5,5
64,27	49,99	5,0	5,8	5,5
64,29	49,99	5,0	5,8	5,5
64,32	49,99	5,0	5,8	5,5
64,34	49,99	5,0	5,8	5,5
64,37	49,99	5,0	5,8	5,5
64,39	49,99	5,0	5,8	5,5
64,41	49,99	5,0	5,8	5,5
64,44	49,99	5,0	5,8	5,5
64,46	49,99	5,0	5,8	5,5
64,49	49,99	5,0	5,8	5,5
64,51	49,99	5,0	5,8	5,5
64,54	49,99	5,0	5,8	5,5
64,56	49,99	5,0	5,8	5,5
64,59	49,99	5,0	5,8	5,5
64,61	49,99	5,0	5,8	5,5
64,63	49,99	5,0	5,8	5,5
64,66	49,99	5,0	5,8	5,5
64,68	49,99	5,0	5,8	5,5
64,71	49,99	5,0	5,8	5,5
64,73	49,99	5,0	5,8	5,5
64,76	49,99	5,0	5,8	5,5
64,78	49,99	5,0	5,8	5,5
64,81	49,99	5,0	5,8	5,5
64,83	49,99	5,0	5,8	5,5
64,85	49,99	5,0	5,8	5,5
64,88	49,99	5,0	5,8	5,5
64,90	49,99	5,0	5,8	5,5
64,93	49,99	5,0	5,8	5,5
64,95	49,99	5,0	5,8	5,5
64,98	49,99	5,0	5,8	5,5
65,00	49,99	5,0	5,8	5,5
65,03	49,99	5,0	5,8	5,5
65,05	49,99	5,0	5,8	5,5
65,07	49,99	5,0	5,8	5,5
65,10	49,99	5,0	5,8	5,5
65,12	49,99	5,0	5,8	5,5
65,15	49,99	5,0	5,8	5,5
65,17	49,99	5,0	5,8	5,5
65,20	49,99	5,0	5,8	5,5
65,22	49,99	5,0	5,8	5,5
65,25	49,99	5,0	5,8	5,5
65,27	49,99	5,0	5,8	5,5
65,29	49,99	5,0	5,8	5,5
65,32	49,99	5,0	5,8	5,5
65,34	49,99	5,0	5,8	5,5
65,37	49,99	5,0	5,8	5,5
65,39	49,99	5,0	5,8	5,5
65,42	49,99	5,0	5,8	5,5
65,44	49,99	5,0	5,8	5,5
65,47	49,99	5,0	5,8	5,5
65,49	49,99	5,0	5,8	5,5
65,51	49,99	5,0	5,8	5,5
65,54	49,99	5,0	5,8	5,5
65,56	49,99	5,0	5,8	5,5
65,59	49,99	5,0	5,8	5,5
65,61	49,99	5,0	5,8	5,5
65,64	49,99	5,0	5,8	5,5
65,66	49,99	5,0	5,8	5,5
65,68	49,99	5,0	5,8	5,5
65,71	49,99	5,0	5,8	5,5
65,73	49,99	5,0	5,8	5,5
65,76	49,99	5,0	5,8	5,5
65,78	49,99	5,0	5,8	5,5
65,81	49,99	5,0	5,8	5,5
65,83	49,99	5,0	5,8	5,5
65,86	49,99	5,0	5,8	5,5
65,88	49,99	5,0	5,8	5,5
65,90	49,99	5,0	5,8	5,5
65,93	49,99	5,0	5,8	5,5
65,95	49,99	5,0	5,8	5,5
65,98	49,99	5,0	5,8	5,5
66,00	49,99	5,0	5,8	5,5
66,03	49,99	5,0	5,8	5,5
66,05	49,99	5,0	5,8	5,5
66,08	49,99	5,0	5,8	5,5
66,10	49,99	5,0	5,8	5,5
66,12	49,99	5,0	5,8	5,5
66,15	49,99	5,0	5,8	5,5
66,17	49,99	5,0	5,8	5,5
66,20	49,99	5,0	5,8	5,5
66,22	49,99	5,0	5,8	5,5
66,25	49,99	5,0	5,8	5,5
66,27	49,99	5,0	5,8	5,5
66,30	49,99	5,0	5,8	5,5
66,32	49,99	5,0	5,8	5,5
66,34	49,99	5,0	5,8	5,5
66,37	49,99	5,0	5,8	5,5
66,39	49,99	5,0	5,8	5,5
66,42	49,99	5,0	5,8	5,5
66,44	49,99	5,0	5,8	5,5
66,47	49,99	5,0	5,8	5,5
66,49	49,99	5,0	5,8	5,5
66,52	49,99	5,0	5,8	5,5
66,54	49,99	5,0	5,8	5,5
66,56	49,99	5,0	5,8	5,5
66,59	49,99	5,0	5,8	5,5
66,61	49,99	5,0	5,8	5,5
66,64	49,99	5,0	5,8	5,5
66,66	49,99	5,0	5,8	5,5
66,69	49,99	5,0	5,8	5,5
66,71	49,99	5,0	5,8	5,5
66,73	49,99	5,0	5,8	5,5
66,76	49,99	5,0	5,8	5,5
66,78	49,99	5,0	5,8	5,5
66,81	49,99	5,0	5,8	5,5
66,83	49,99	5,0	5,8	5,5
66,86	49,99	5,0	5,8	5,5
66,88	49,99	5,0	5,8	5,5
66,91	49,99	5,0	5,8	5,5
66,93	49,99	5,0	5,8	5,5
66,95	49,99	5,0	5,8	5,5
66,98	49,99	5,0	5,8	5,5
67,00	49,99	5,0	5,8	5,5
67,03	49,99	5,0	5,8	5,5
67,05	49,99	5,0	5,8	5,5
67,08	49,99	5,0	5,8	5,5
67,10	49,99	5,0	5,8	5,5
67,13	49,99	5,0	5,8	5,5
67,15	49,99	5,0	5,8	5,5
67,17	49,99	5,0	5,8	5,5
67,20	49,99	5,0	5,8	5,5
67,22	49,99	5,0	5,8	5,5
67,25	49,99	5,0	5,8	5,5
67,27	49,99	5,0	5,8	5,5
67,30	49,99	5,0	5,8	5,5
67,32	49,99	5,0	5,8	5,5
67,35	49,99	5,0	5,8	5,5
67,37	49,99	5,0	5,8	5,5
67,39	49,99	5,0	5,8	5,5
67,42	49,99	5,0	5,8	5,5
67,44	49,99	5,0	5,8	5,5
67,47	49,99	5,0	5,8	5,5
67,49	49,99	5,0	5,8	5,5
67,52	49,99	5,0	5,8	5,5
67,54	49,99	5,0	5,8	5,5
67,57	49,99	5,0	5,8	5,5
67,59	49,99	5,0	5,8	5,5
67,61	49,99	5,0	5,8	5,5
67,64	49,99	5,0	5,8	5,5
67,66	49,99	5,0	5,8	5,5
67,69	49,99	5,0	5,8	5,5
67,71	49,99	5,0	5,8	5,5
67,74	49,99	5,0	5,8	5,5
67,76	49,99	5,0	5,8	5,5
67,78	49,99	5,0	5,8	5,5
67,81	49,99	5,0	5,8	5,5
67,83	49,99	5,0	5,8	5,5
67,86	49,99	5,0	5,8	5,5
67,88	49,99	5,0	5,8	5,5
67,91	49,99	5,0	5,8	5,5
67,93	49,99	5,0	5,8	5,5
67,96	49,99	5,0	5,8	5,5
67,98	49,99	5,0	5,8	5,5
68,00	49,99	5,0	5,8	5,5
68,03	49,99	5,0	5,8	5,5
68,05	49,99	5,0	5,8	5,5
68,08	49,99	5,0	5,8	5,5
68,10	49,99	5,0	5,8	5,5
68,13	49,99	5,0	5,8	5,5
68,15	49,99	5,0	5,8	5,5
68,18	49,99	5,0	5,8	5,5
68,20	49,99	5,0	5,8	5,5
68,22	49,99	5,0	5,8	5,5
68,25	49,99	5,0	5,8	5,5
68,27	49,99	5,0	5,8	5,5
68,30	49,99	5,0	5,8	5,5
68,32	49,99	5,0	5,8	5,5
68,35	49,99	5,0	5,8	5,5
68,37	49,99	5,0	5,8	5,5
68,40	49,99	5,0	5,8	5,5
68,42	49,99	5,0	5,8	5,5
68,44	49,99	5,0	5,8	5,5
68,47	49,99	5,0	5,8	5,5
68,49	49,99	5,0	5,8	5,5
68,52	49,99	5,0	5,8	5,5
68,54	49,99	5,0	5,8	5,5
68,57	49,99	5,0	5,8	5,5
68,59	49,99	5,0	5,8	5,5
68,62	49,99	5,0	5,8	5,5
68,64	49,99	5,0	5,8	5,5
68,66	49,99	5,0	5,8	5,5
68,69	49,99	5,0	5,8	5,5
68,71	49,99	5,0	5,8	5,5
68,74	49,99	5,0	5,8	5,5
68,76	49,99	5,0	5,8	5,5
68,79	49,99	5,0	5,8	5,5
68,81	49,99	5,0	5,8	5,5
68,83	49,99	5,0	5,8	5,5
68,86	49,99	5,0	5,8	5,5
68,88	49,99	5,0	5,8	5,5
68,91	49,99	5,0	5,8	5,5
68,93	49,99	5,0	5,8	5,5
68,96	49,99	5,0	5,8	5,5
68,98	49,99	5,0	5,8	5,5
69,01	49,99	5,0	5,8	5,5
69,03	49,99	5,0	5,8	5,5
69,05	49,99	5,0	5,8	5,5
69,08	49,99	5,0	5,8	5,5
69,10	49,99	5,0	5,8	5,5
69,13	49,99	5,0	5,8	5,5
69,15	49,99	5,0	5,8	5,5
69,18	49,99	5,0	5,8	5,5
69,20	49,99	5,0	5,8	5,5
69,23	49,99	5,0	5,8	5,5
69,25	49,99	5,0	5,8	5,5
69,27	49,99	5,0	5,8	5,5
69,30	49,99	5,0	5,8	5,5
69,32	49,99	5,0	5,8	5,5
69,35	49,99	5,0	5,8	5,5
69,37	49,99	5,0	5,8	5,5
69,40	49,99	5,0	5,8	5,5
69,42	49,99	5,0	5,8	5,5
69,45	49,99	5,0	5,8	5,5
69,47	49,99	5,0	5,8	5,5
69,49	49,99	5,0	5,8	5,5
69,52	49,99	5,0	5,8	5,5
69,54	49,99	5,0	5,8	5,5
69,57	49,99	5,0	5,8	5,5
69,59	49,99	5,0	5,8	5,5
69,62	49,99	5,0	5,8	5,5
69,64	49,99	5,0	5,8	5,5
69,67	49,99	5,0	5,8	5,5
69,69	49,99	5,0	5,8	5,5
69,71	49,99	5,0	5,8	5,5
69,74	49,99	5,0	5,8	5,5
69,76	49,99	5,0	5,8	5,5
69,79	49,99	5,0	5,8	5,5
69,81	49,99	5,0	5,8	5,5
69,84	49,99	5,0	5,8	5,5
69,86	49,99	5,0	5,8	5,5
69,89	49,99	5,0	5,8	5,5
69,91	49,99	5,0	5,8	5,5
69,93	49,99	5,0	5,8	5,5
69,96	49,99	5,0	5,8	5,5
69,98	49,99	5,0	5,8	5,5
70,01	49,99	5,0	5,8	5,5
70,03	49,99	5,0	5,8	5,5
70,06	49,99	5,0	5,8	5,5
70,08	49,99	5,0	5,8	5,5
70,10	49,99	5,0	5,8	5,5
70,13	49,99	5,0	5,8	5,5
70,15	49,99	5,0	5,8	5,5
70,18	49,99	5,0	5,8	5,5
70,20	49,99	5,0	5,8	5,5
70,23	49,99	5,0	5,8	5,5
70,25	49,99	5,0	5,8	5,5
70,28	49,99	5,0	5,8	5,5
70,30	49,99	5,0	5,8	5,5
70,32	49,99	5,0	5,8	5,5
70,35	49,99	5,0	5,8	5,5
70,37	49,99	5,0	5,8	5,5
70,40	49,99	5,0	5,8	5,5
70,42	49,99	5,0	5,8	5,5
70,45	49,99	5,0	5,8	5,5
70,47	49,99	5,0	5,8	5,5
70,50	49,99	5,0	5,8	5,5
70,52	49,99	5,0	5,8	5,5
70,54	49,99	5,0	5,8	5,5
70,57	49,99	5,0	5,8	5,5
70,59	49,99	5,0	5,8	5,5
70,62	49,99	5,0	5,8	5,5
70,64	49,99	5,0	5,8	5,5
70,67	49,99	5,0	5,8	5,5
70,69	49,99	5,0	5,8	5,5
70,72	49,99	5,0	5,8	5,5
70,74	49,99	5,0	5,8	5,5
70,76	49,99	5,0	5,8	5,5
70,79	49,99	5,0	5,8	5,5
70,81	49,99	5,0	5,8	5,5
70,84	49,99	5,0	5,8	5,5
70,86	49,99	5,0	5,8	5,5
70,89	49,99	5,0	5,8	5,5
70,91	49,99	5,0	5,8	5,5
70,94	49,99	5,0	5,8	5,5
70,96	49,99	5,0	5,8	5,5
70,98	49,99	5,0	5,8	5,5
71,01	49,99	5,0	5,8	5,5
71,03	49,99	5,0	5,8	5,5
71,06	49,99	5,0	5,8	5,5
71,08	49,99	5,0	5,8	5,5
71,11	49,99	5,0	5,8	5,5
71,13	49,99	5,0	5,8	5,5
71,15	49,99	5,0	5,8	5,5
71,18	49,99	5,0	5,8	5,5
71,20	49,99	5,0	5,8	5,5
71,23	49,99	5,0	5,8	5,5
71,25	49,99	5,0	5,8	5,5
71,28	49,99	5,0	5,8	5,5
71,30	49,99	5,0	5,8	5,5
71,33	49,99	5,0	5,8	5,5
71,35	49,99	5,0	5,8	5,5
71,37	49,99	5,0	5,8	5,5
71,40	49,99	5,0	5,8	5,5
71,42	49,99	5,0	5,8	5,5
71,45	49,99	5,0	5,8	5,5
71,47	49,99	5,0	5,8	5,5
71,50	49,99	5,0	5,8	5,5
71,52	49,99	5,0	5,8	5,5
71,55	49,99	5,0	5,8	5,5
71,57	49,99	5,0	5,8	5,5
71,59	49,99	5,0	5,8	5,5
71,62	49,99	5,0	5,8	5,5
71,64	49,99	5,0	5,8	5,5
71,67	49,99	5,0	5,8	5,5
71,69	49,99	5,0	5,8	5,5
71,72	49,99	5,0	5,8	5,5
71,74	49,99	5,0	5,8	5,5
71,77	49,99	5,0	5,8	5,5
71,79	49,99	5,0	5,8	5,5
71,81	49,99	5,0	5,8	5,5
71,84	49,99	5,0	5,8	5,5
71,86	49,99	5,0	5,8	5,5
71,89	49,99	5,0	5,8	5,5
71,91	49,99	5,0	5,8	5,5
71,94	49,99	5,0	5,8	5,5
71,96	49,99	5,0	5,8	5,5
71,99	49,99	5,0	5,8	5,5
72,01	49,99	5,0	5,8	5,5
72,03	49,99	5,0	5,8	5,5
72,06	49,99	5,0	5,8	5,5
72,08	49,99	5,0	5,8	5,5
72,11	49,99	5,0	5,8	5,5
72,13	49,99	5,0	5,8	5,5
72,16	49,99	5,0	5,8	5,5
72,18	49,99	5,0	5,8	5,5
72,20	49,99	5,0	5,8	5,5
72,23	49,99	5,0	5,8	5,5
72,25	49,99	5,0	5,8	5,5
72,28	49,99	5,0	5,8	5,5
72,30	49,99	5,0	5,8	5,5
72,33	49,99	5,0	5,8	5,5
72,35	49,99	5,0	5,8	5,5
72,38	49,99	5,0	5,8	5,5
72,40	49,99	5,0	5,8	5,5
72,42	49,99	5,0	5,8	5,5
72,45	49,99	5,0	5,8	5,5
72,47	49,99	5,0	5,8	5,5
72,50	49,99	5,0	5,8	5,5
72,52	49,99	5,0	5,8	5,5
72,55	49,99	5,0	5,8	5,5
72,57	49,99	5,0	5,8	5,5
72,60	49,99	5,0	5,8	5,5
72,62	49,99	5,0	5,8	5,5
72,64	49,99	5,0	5,8	5,5
72,67	49,99	5,0	5,8	5,5
72,69	49,99	5,0	5,8	5,5
72,72	49,99	5,0	5,8	5,5
72,74	49,99	5,0	5,8	5,5
72,77	49,99	5,0	5,8	5,5
72,79	49,99	5,0	5,8	5,5
72,82	49,99	5,0	5,8	5,5
72,84	49,99	5,0	5,8	5,5
72,86	49,99	5,0	5,8	5,5
72,89	49,99	5,0	5,8	5,5
72,91	49,99	5,0	5,8	5,5
72,94	49,99	5,0	5,8	5,5
72,96	49,99	5,0	5,8	5,5
72,99	49,99	5,0	5,8	5,5
73,01	49,99	5,0	5,8	5,5
73,04	49,99	5,0	5,8	5,5
73,06	49,99	5,0	5,8	5,5
73,08	49,99	5,0	5,8	5,5
73,11	49,99	5,0	5,8	5,5
73,13	49,99	5,0	5,8	5,5
73,16	49,99	5,0	5,8	5,5
73,18	49,99	5,0	5,8	5,5
73,21	49,99	5,0	5,8	5,5
73,23	49,99	5,0	5,8	5,5
73,25	49,99	5,0	5,8	5,5
73,28	49,99	5,0	5,8	5,5
73,30	49,99	5,0	5,8	5,5
73,33	49,99	5,0	5,8	5,5
73,35	49,99	5,0	5,8	5,5
73,38	49,99	5,0	5,8	5,5
73,40	49,99	5,0	5,8	5,5
73,43	49,99	5,0	5,8	5,5
73,45	49,99	5,0	5,8	5,5
73,47	49,99	5,0	5,8	5,5
73,50	49,99	5,0	5,8	5,5
73,52	49,99	5,0	5,8	5,5
73,55	49,99	5,0	5,8	5,5
73,57	49,99	5,0	5,8	5,5
73,60	49,99	5,0	5,8	5,5
73,62	49,99	5,0	5,8	5,5
73,65	49,99	5,0	5,8	5,5
73,67	49,99	5,0	5,8	5,5
73,69	49,99	5,0	5,8	5,5
73,72	49,99	5,0	5,8	5,5
73,74	49,99	5,0	5,8	5,5
73,77	49,99	5,0	5,8	5,5
73,79	49,99	5,0	5,8	5,5
73,82	49,99	5,0	5,8	5,5
73,84	49,99	5,0	5,8	5,5
73,87	49,99	5,0	5,8	5,5
73,89	49,99	5,0	5,8	5,5
73,91	49,99	5,0	5,8	5,5
73,94	49,99	5,0	5,8	5,5
73,96	49,99	5,0	5,8	5,5
73,99	49,99	5,0	5,8	5,5
74,01	49,99	5,0	5,8	5,5
74,04	49,99	5,0	5,8	5,5
74,06	49,99	5,0	5,8	5,5
74,09	49,99	5,0	5,8	5,5
74,11	49,99	5,0	5,8	5,5
74,13	49,99	5,0	5,8	5,5
74,16	49,99	5,0	5,8	5,5
74,18	49,99	5,0	5,8	5,5
74,21	49,99	5,0	5,8	5,5
74,23	49,99	5,0	5,8	5,5
74,26	49,99	5,0	5,8	5,5
74,28	49,99	5,0	5,8	5,5
74,31	49,99	5,0	5,8	5,5
74,33	49,99	5,0	5,8	5,5
74,35	49,99	5,0	5,8	5,5
74,38	49,99	5,0	5,8	5,5
74,40	49,99	5,0	5,8	5,5
74,43	49,99	5,0	5,8	5,5
74,45	49,99	5,0	5,8	5,5
74,48	49,99	5,0	5,8	5,5
74,50	49,99	5,0	5,8	5,5
74,52	49,99	5,0	5,8	5,5
74,55	49,99	5,0	5,8	5,5
74,57	49,99	5,0	5,8	5,5
74,60	49,99	5,0	5,8	5,5
74,62	49,99	5,0	5,8	5,5
74,65	49,99	5,0	5,8	5,5
74,67	49,99	5,0	5,8	5,5
74,70	49,99	5,0	5,8	5,5
74,72	49,99	5,0	5,8	5,5
74,74	49,99	5,0	5,8	5,5
74,77	49,99	5,0	5,8	5,5
74,79	49,99	5,0	5,8	5,5
74,82	49,99	5,0	5,8	5,5
74,84	49,99	5,0	5,8	5,5
74,87	49,99	5,0	5,8	5,5
74,89	49,99	5,0	5,8	5,5
74,92	49,99	5,0	5,8	5,5
74,94	49,99	5,0	5,8	5,5
74,96	49,99	5,0	5,8	5,5
74,99	49,99	5,0	5,8	5,5
75,01	49,99	5,0	5,8	5,5
75,04	49,99	5,0	5,8	5,5
75,06	49,99	5,0	5,8	5,5
75,09	49,99	5,0	5,8	5,5
75,11	49,99	5,0	5,8	5,5
75,14	49,99	5,0	5,8	5,5
75,16	49,99	5,0	5,8	5,5
75,18	49,99	5,0	5,8	5,5
75,21	49,99	5,0	5,8	5,5
75,23	49,99	5,0	5,8	5,5
75,26	49,99	5,0	5,8	5,5
75,28	49,99	5,0	5,8	5,5
75,31	49,99	5,0	5,8	5,5
75,33	49,99	5,0	5,8	5,5
75,36	49,99	5,0	5,8	5,5
75,38	49,99	5,0	5,8	5,5
75,40	49,99	5,0	5,8	5,5
75,43	49,99	5,0	5,8	5,5
75,45	49,99	5,0	5,8	5,5
75,48	49,99	5,0	5,8	5,5
75,50	49,99	5,0	5,8	5,5
75,53	49,99	5,0	5,8	5,5
75,55	49,99	5,0	5,8	5,5
75,57	49,99	5,0	5,8	5,5
75,60	49,99	5,0	5,8	5,5
75,62	49,99	5,0	5,8	5,5
75,65	49,99	5,0	5,8	5,5
75,67	49,99	5,0	5,8	5,5
75,70	49,99	5,0	5,8	5,5
75,72	49,99	5,0	5,8	5,5
75,75	49,99	5,0	5,8	5,5
75,77	49,99	5,0	5,8	5,5
75,79	49,99	5,0	5,8	5,5
75,82	49,99	5,0	5,8	5,5
75,84	49,99	5,0	5,8	5,5
75,87	49,99	5,0	5,8	5,5
75,89	49,99	5,0	5,8	5,5
75,92	49,99	5,0	5,8	5,5
75,94	49,99	5,0	5,8	5,5
75,97	49,99	5,0	5,8	5,5
75,99	49,99	5,0	5,8	5,5
76,01	49,99	5,0	5,8	5,5
76,04	49,99	5,0	5,8	5,5
76,06	49,99	5,0	5,8	5,5
76,09	49,99	5,0	5,8	5,5
76,11	49,99	5,0	5,8	5,5
76,14	49,99	5,0	5,8	5,5
76,16	49,99	5,0	5,8	5,5
76,19	49,99	5,0	5,8	5,5
76,21	49,99	5,0	5,8	5,5
76,23	49,99	5,0	5,8	5,5
76,26	49,99	5,0	5,8	5,5
76,28	49,99	5,0	5,8	5,5
76,31	49,99	5,0	5,8	5,5
76,33	49,99	5,0	5,8	5,5
76,36	49,99	5,0	5,8	5,5
76,38	49,99	5,0	5,8	5,5
76,41	49,99	5,0	5,8	5,5
76,43	49,99	5,0	5,8	5,5
76,45	49,99	5,0	5,8	5,5
76,48	49,99	5,0	5,8	5,5
76,50	49,99	5,0	5,8	5,5
76,53	49,99	5,0	5,8	5,5
76,55	49,99	5,0	5,8	5,5
76,58	49,99	5,0	5,8	5,5
76,60	49,99	5,0	5,8	5,5
76,62	49,99	5,0	5,8	5,5
76,65	49,99	5,0	5,8	5,5
76,67	49,99	5,0	5,8	5,5
76,70	49,99	5,0	5,8	5,5
76,72	49,99	5,0	5,8	5,5
76,75	49,99	5,0	5,8	5,5
76,77	49,99	5,0	5,8	5,5
76,80	49,99	5,0	5,8	5,5
76,82	49,99	5,0	5,8	5,5
76,84	49,99	5,0	5,8	5,5
76,87	49,99	5,0	5,8	5,5
76,89	49,99	5,0	5,8	5,5
76,92	49,99	5,0	5,8	5,5
76,94	49,99	5,0	5,8	5,5
76,97	49,99	5,0	5,8	5,5
76,99	49,99	5,0	5,8	5,5
77,02	49,99	5,0	5,8	5,5
77,04	49,99	5,0	5,8	5,5
77,06	49,99	5,0	5,8	5,5
77,09	49,99	5,0	5,8	5,5
77,11	49,99	5,0	5,8	5,5
77,14	49,99	5,0	5,8	5,5
77,16	49,99	5,0	5,8	5,5
77,19	49,99	5,0	5,8	5,5
77,21	49,99	5,0	5,8	5,5
77,24	49,99	5,0	5,8	5,5
77,26	49,99	5,0	5,8	5,5
77,28	49,99	5,0	5,8	5,5
77,31	49,99	5,0	5,8	5,5
77,33	49,99	5,0	5,8	5,5
77,36	49,99	5,0	5,8	5,5
77,38	49,99	5,0	5,8	5,5
77,41	49,99	5,0	5,8	5,5
77,43	49,99	5,0	5,8	5,5
77,46	49,99	5,0	5,8	5,5
77,48	49,99	5,0	5,8	5,5
77,50	49,99	5,0	5,8	5,5
77,53	49,99	5,0	5,8	5,5
77,55	49,99	5,0	5,8	5,5
77,58	49,99	5,0	5,8	5,5
77,60	49,99	5,0	5,8	5,5
77,63	49,99	5,0	5,8	5,5
77,65	49,99	5,0	5,8	5,5
77,68	49,99	5,0	5,8	5,5
77,70	49,99	5,0	5,8	5,5
77,72	49,99	5,0	5,8	5,5
77,75	49,99	5,0	5,8	5,5
77,77	49,99	5,0	5,8	5,5
77,80	49,99	5,0	5,8	5,5
77,82	49,99	5,0	5,8	5,5
77,85	49,99	5,0	5,8	5,5
77,87	49,99	5,0	5,8	5,5
77,89	49,99	5,0	5,8	5,5
77,92	49,99	5,0	5,8	5,5
77,94	49,99	5,0	5,8	5,5
77,97	49,99	5,0	5,8	5,5
77,99	49,99	5,0	5,8	5,5
78,02	49,99	5,0	5,8	5,5
78,04	49,99	5,0	5,8	5,5
78,07	49,99	5,0	5,8	5,5
78,09	49,99	5,0	5,8	5,5
78,11	49,99	5,0	5,8	5,5
78,14	49,99	5,0	5,8	5,5
78,16	49,99	5,0	5,8	5,5
78,19	49,99	5,0	5,8	5,5
78,21	49,99	5,0	5,8	5,5
78,24	49,99	5,0	5,8	5,5
78,26	49,99	5,0	5,8	5,5
78,29	49,99	5,0	5,8	5,5
78,31	49,99	5,0	5,8	5,5
78,33	49,99	5,0	5,8	5,5
78,36	49,99	5,0	5,8	5,5
78,38	49,99	5,0	5,8	5,5
78,41	49,99	5,0	5,8	5,5
78,43	49,99	5,0	5,8	5,5
78,46	49,99	5,0	5,8	5,5
78,48	49,99	5,0	5,8	5,5
78,51	49,99	5,0	5,8	5,5
78,53	49,99	5,0	5,8	5,5
78,55	49,99	5,0	5,8	5,5
78,58	49,99	5,0	5,8	5,5
78,60	49,99	5,0	5,8	5,5
78,63	49,99	5,0	5,8	5,5
78,65	49,99	5,0	5,8	5,5
78,68	49,99	5,0	5,8	5,5
78,70	49,99	5,0	5,8	5,5
78,73	49,99	5,0	5,8	5,5
78,75	49,99	5,0	5,8	5,5
78,77	49,99	5,0	5,8	5,5
78,80	49,99	5,0	5,8	5,5
78,82	49,99	5,0	5,8	5,5
78,85	49,99	5,0	5,8	5,5
78,87	49,99	5,0	5,8	5,5
78,90	49,99	5,0	5,8	5,5
78,92	49,99	5,0	5,8	5,5
78,94	49,99	5,0	5,8	5,5
78,97	49,99	5,0	5,8	5,5
78,99	49,99	5,0	5,8	5,5
79,02	49,99	5,0	5,8	5,5
79,04	49,99	5,0	5,8	5,5
79,07	49,99	5,0	5,8	5,5
79,09	49,99	5,0	5,8	5,5
79,12	49,99	5,0	5,8	5,5
79,14	49,99	5,0	5,8	5,5
79,16	49,99	5,0	5,8	5,5
79,19	49,99	5,0	5,8	5,5
79,21	49,99	5,0	5,8	5,5
79,24	49,99	5,0	5,8	5,5
79,26	49,99	5,0	5,8	5,5
79,29	49,99	5,0	5,8	5,5
79,31	49,99	5,0	5,8	5,5
79,34	49,99	5,0	5,8	5,5
79,36	49,99	5,0	5,8	5,5
79,38	49,99	5,0	5,8	5,5
79,41	49,99	5,0	5,8	5,5
79,43	49,99	5,0	5,8	5,5
79,46	49,99	5,0	5,8	5,5
79,48	49,99	5,0	5,8	5,5
79,51	49,99	5,0	5,8	5,5
79,53	49,99	5,0	5,8	5,5
79,56	49,99	5,0	5,8	5,5
79,58	49,99	5,0	5,8	5,5
79,60	49,99	5,0	5,8	5,5
79,63	49,99	5,0	5,8	5,5
79,65	49,99	5,0	5,8	5,5
79,68	49,99	5,0	5,8	5,5
79,70	49,99	5,0	5,8	5,5
79,73	49,99	5,0	5,8	5,5
79,75	49,99	5,0	5,8	5,5
79,78	49,99	5,0	5,8	5,5
79,80	49,99	5,0	5,8	5,5
79,82	49,99	5,0	5,8	5,5
79,85	49,99	5,0	5,8	5,5
79,87	49,99	5,0	5,8	5,5
79,90	49,99	5,0	5,8	5,5
79,92	49,99	5,0	5,8	5,5
79,95	49,99	5,0	5,8	5,5
79,97	49,99	5,0	5,8	5,5
79,99	49,99	5,0	5,8	5,5
80,02	49,99	5,0	5,8	5,5
80,04	49,99	5,0	5,8	5,5
80,07	49,99	5,0	5,8	5,5
80,09	49,99	5,0	5,8	5,5
80,12	49,99	5,0	5,8	5,5
80,14	49,99	5,0	5,8	5,5
80,17	49,99	5,0	5,8	5,5
80,19	49,99	5,0	5,8	5,5
80,21	49,99	5,0	5,8	5,5
80,24	49,99	5,0	5,8	5,5
80,26	49,99	5,0	5,8	5,5
80,29	49,99	5,0	5,8	5,5
80,31	49,99	5,0	5,8	5,5
80,34	49,99	5,0	5,8	5,5
80,36	49,99	5,0	5,8	5,5
80,39	49,99	5,0	5,8	5,5
80,41	49,99	5,0	5,8	5,5
80,43	49,99	5,0	5,8	5,5
80,46	49,99	5,0	5,8	5,5
80,48	49,99	5,0	5,8	5,5
80,51	49,99	5,0	5,8	5,5
80,53	49,99	5,0	5,8	5,5
80,56	49,99	5,0	5,8	5,5
80,58	49,99	5,0	5,8	5,5
80,61	49,99	5,0	5,8	5,5
80,63	49,99	5,0	5,8	5,5
80,65	49,99	5,0	5,8	5,5
80,68	49,99	5,0	5,8	5,5
80,70	49,99	5,0	5,8	5,5
80,73	49,99	5,0	5,8	5,5
80,75	49,99	5,0	5,8	5,5
80,78	49,99	5,0	5,8	5,5
80,80	49,99	5,0	5,8	5,5
80,83	49,99	5,0	5,8	5,5
80,85	49,99	5,0	5,8	5,5
80,87	49,99	5,0	5,8	5,5
80,90	49,99	5,0	5,8	5,5
80,92	49,99	5,0	5,8	5,5
80,95	49,99	5,0	5,8	5,5
80,97	49,99	5,0	5,8	5,5
81,00	49,99	5,0	5,8	5,5
81,02	49,99	5,0	5,8	5,5
81,04	49,99	5,0	5,8	5,5
81,07	49,99	5,0	5,8	5,5
81,09	49,99	5,0	5,8	5,5
81,12	49,99	5,0	5,8	5,5
81,14	49,99	5,0	5,8	5,5
81,17	49,99	5,0	5,8	5,5
81,19	49,99	5,0	5,8	5,5
81,22	49,99	5,0	5,8	5,5
81,24	49,99	5,0	5,8	5,5
81,26	49,99	5,0	5,8	5,5
81,29	49,99	5,0	5,8	5,5
81,31	49,99	5,0	5,8	5,5
81,34	49,99	5,0	5,8	5,5
81,36	49,99	5,0	5,8	5,5
81,39	49,99	5,0	5,8	5,5
81,41	49,99	5,0	5,8	5,5
81,44	49,99	5,0	5,8	5,5
81,46	49,99	5,0	5,8	5,5
81,48	49,99	5,0	5,8	5,5
81,51	49,99	5,0	5,8	5,5
81,53	49,99	5,0	5,8	5,5
81,56	49,99	5,0	5,8	5,5
81,58	49,99	5,0	5,8	5,5
81,61	49,99	5,0	5,8	5,5
81,63	49,99	5,0	5,8	5,5
81,66	49,99	5,0	5,8	5,5
81,68	49,99	5,0	5,8	5,5
81,70	49,99	5,0	5,8	5,5
81,73	49,99	5,0	5,8	5,5
81,75	49,99	5,0	5,8	5,5
81,78	49,99	5,0	5,8	5,5
81,80	49,99	5,0	5,8	5,5
81,83	49,99	5,0	5,8	5,5
81,85	49,99	5,0	5,8	5,5
81,88	49,99	5,0	5,8	5,5
81,90	49,99	5,0	5,8	5,5
81,92	49,99	5,0	5,8	5,5
81,95	49,99	5,0	5,8	5,5
81,97	49,99	5,0	5,8	5,5
82,00	49,99	5,0	5,8	5,5
82,02	49,99	5,0	5,8	5,5
82,05	49,99	5,0	5,8	5,5
82,07	49,99	5,0	5,8	5,5
82,10	49,99	5,0	5,8	5,5
82,12	49,99	5,0	5,8	5,5
82,14	49,99	5,0	5,8	5,5
82,17	49,99	5,0	5,8	5,5
82,19	49,99	5,0	5,8	5,5
82,22	49,99	5,0	5,8	5,5
82,24	49,99	5,0	5,8	5,5
82,27	49,99	5,0	5,8	5,5
82,29	49,99	5,0	5,8	5,5
82,31	49,99	5,0	5,8	5,5
82,34	49,99	5,0	5,8	5,5
82,36	49,99	5,0	5,8	5,5
82,39	49,99	5,0	5,8	5,5
82,41	49,99	5,0	5,8	5,5
82,44	49,99	5,0	5,8	5,5
82,46	49,99	5,0	5,8	5,5
82,49	49,99	5,0	5,8	5,5
82,51	49,99	5,0	5,8	5,5
82,53	49,99	5,0	5,8	5,5
82,56	49,99	5,0	5,8	5,5
82,58	49,99	5,0	5,8	5,5
82,61	49,99	5,0	5,8	5,5
82,63	49,99	5,0	5,8	5,5
82,66	49,99	5,0	5,8	5,5
82,68	49,99	5,0	5,8	5,5
82,71	49,99	5,0	5,8	5,5
82,73	49,99	5,0	5,8	5,5
82,75	49,99	5,0	5,8	5,5
82,78	49,99	5,0	5,8	5,5
82,80	49,99	5,0	5,8	5,5
82,83	49,99	5,0	5,8	5,5
82,85	49,99	5,0	5,8	5,5
82,88	49,99	5,0	5,8	5,5
82,90	49,99	5,0	5,8	5,5
82,93	49,99	5,0	5,8	5,5
82,95	49,99	5,0	5,8	5,5
82,97	49,99	5,0	5,8	5,5
83,00	49,99	5,0	5,8	5,5
83,02	49,99	5,0	5,8	5,5
83,05	49,99	5,0	5,8	5,5
83,07	49,99	5,0	5,8	5,5
83,10	49,99	5,0	5,8	5,5
83,12	49,99	5,0	5,8	5,5
83,15	49,99	5,0	5,8	5,5
83,17	49,99	5,0	5,8	5,5
83,19	49,99	5,0	5,8	5,5
83,22	49,99	5,0	5,8	5,5
83,24	49,99	5,0	5,8	5,5
83,27	49,99	5,0	5,8	5,5
83,29	49,99	5,0	5,8	5,5
83,32	49,99	5,0	5,8	5,5
83,34	49,99	5,0	5,8	5,5
83,36	49,99	5,0	5,8	5,5
83,39	49,99	5,0	5,8	5,5
83,41	49,99	5,0	5,8	5,5
83,44	49,99	5,0	5,8	5,5
83,46	49,99	5,0	5,8	5,5
83,49	49,99	5,0	5,8	5,5
83,51	49,99	5,0	5,8	5,5
83,54	49,99	5,0	5,8	5,5
83,56	49,99	5,0	5,8	5,5
83,58	49,99	5,0	5,8	5,5
83,61	49,99	5,0	5,8	5,5
83,63	49,99	5,0	5,8	5,5
83,66	49,99	5,0	5,8	5,5
83,68	49,99	5,0	5,8	5,5
83,71	49,99	5,0	5,8	5,5
83,73	49,99	5,0	5,8	5,5
83,76	49,99	5,0	5,8	5,5
83,78	49,99	5,0	5,8	5,5
83,80	49,99	5,0	5,8	5,5
83,83	49,99	5,0	5,8	5,5
83,85	49,99	5,0	5,8	5,5
83,88	49,99	5,0	5,8	5,5
83,90	49,99	5,0	5,8	5,5
83,93	49,99	5,0	5,8	5,5
83,95	49,99	5,0	5,8	5,5
83,98	49,99	5,0	5,8	5,5
84,00	49,99	5,0	5,8	5,5
84,02	49,99	5,0	5,8	5,5
84,05	49,99	5,0	5,8	5,5
84,07	49,99	5,0	5,8	5,5
84,10	49,99	5,0	5,8	5,5
84,12	49,99	5,0	5,8	5,5
84,15	49,99	5,0	5,8	5,5
84,17	49,99	5,0	5,8	5,5
84,20	49,99	5,0	5,8	5,5
84,22	49,99	5,0	5,8	5,5
84,24	49,99	5,0	5,8	5,5
84,27	49,99	5,0	5,8	5,5
84,29	49,99	5,0	5,8	5,5
84,32	49,99	5,0	5,8	5,5
84,34	49,99	5,0	5,8	5,5
84,37	49,99	5,0	5,8	5,5
84,39	49,99	5,0	5,8	5,5
84,41	49,99	5,0	5,8	5,5
84,44	49,99	5,0	5,8	5,5
84,46	49,99	5,0	5,8	5,5
84,49	49,99	5,0	5,8	5,5
84,51	49,99	5,0	5,8	5,5
84,54	49,99	5,0	5,8	5,5
84,56	49,99	5,0	5,8	5,5
84,59	49,99	5,0	5,8	5,5
84,61	49,99	5,0	5,8	5,5
84,63	49,99	5,0	5,8	5,5
84,66	49,99	5,0	5,8	5,5
84,68	49,99	5,0	5,8	5,5
84,71	49,99	5,0	5,8	5,5
84,73	49,99	5,0	5,8	5,5
84,76	49,99	5,0	5,8	5,5
84,78	49,99	5,0	5,8	5,5
84,81	49,99	5,0	5,8	5,5
84,83	49,99	5,0	5,8	5,5
84,85	49,99	5,0	5,8	5,5
84,88	49,99	5,0	5,8	5,5
84,90	49,99	5,0	5,8	5,5
84,93	49,99	5,0	5,8	5,5
84,95	49,99	5,0	5,8	5,5
84,98	49,99	5,0	5,8	5,5
85,00	49,99	5,0	5,8	5,5
85,03	49,99	5,0	5,8	5,5
85,05	49,99	5,0	5,8	5,5
85,07	49,99	5,0	5,8	5,5
85,10	49,99	5,0	5,8	5,5
85,12	49,99	5,0	5,8	5,5
85,15	49,99	5,0	5,8	5,5
85,17	49,99	5,0	5,8	5,5
85,20	49,99	5,0	5,8	5,5
85,22	49,99	5,0	5,8	5,5
85,25	49,99	5,0	5,8	5,5
85,27	49,99	5,0	5,8	5,5
85,29	49,99	5,0	5,8	5,5
85,32	49,99	5,0	5,8	5,5
85,34	49,99	5,0	5,8	5,5
85,37	49,99	5,0	5,8	5,5
85,39	49,99	5,0	5,8	5,5
85,42	49,99	5,0	5,8	5,5
85,44	49,99	5,0	5,8	5,5
85,47	49,99	5,0	5,8	5,5
85,49	49,99	5,0	5,8	5,5
85,51	49,99	5,0	5,8	5,5
85,54	49,99	5,0	5,8	5,5
85,56	49,99	5,0	5,8	5,5
85,59	49,99	5,0	5,8	5,5
85,61	49,99	5,0	5,8	5,5
85,64	49,99	5,0	5,8	5,5
85,66	49,99	5,0	5,8	5,5
85,68	49,99	5,0	5,8	5,5
85,71	49,99	5,0	5,8	5,5
85,73	49,99	5,0	5,8	5,5
85,76	49,99	5,0	5,8	5,5
85,78	49,99	5,0	5,8	5,5
85,81	49,99	5,0	5,8	5,5
85,83	49,99	5,0	5,8	5,5
85,86	49,99	5,0	5,8	5,5
85,88	49,99	5,0	5,8	5,5
85,90	49,99	5,0	5,8	5,5
85,93	49,99	5,0	5,8	5,5
85,95	49,99	5,0	5,8	5,5
85,98	49,99	5,0	5,8	5,5
86,00	49,99	5,0	5,8	5,5
86,03	49,99	5,0	5,8	5,5
86,05	49,99	5,0	5,8	5,5
86,08	49,99	5,0	5,8	5,5
86,10	49,99	5,0	5,8	5,5
86,12	49,99	5,0	5,8	5,5
86,15	49,99	5,0	5,8	5,5
86,17	49,99	5,0	5,8	5,5
86,20	49,99	5,0	5,8	5,5
86,22	49,99	5,0	5,8	5,5
86,25	49,99	5,0	5,8	5,5
86,27	49,99	5,0	5,8	5,5
86,30	49,99	5,0	5,8	5,5
86,32	49,99	5,0	5,8	5,5
86,34	49,99	5,0	5,8	5,5
86,37	49,99	5,0	5,8	5,5
86,39	49,99	5,0	5,8	5,5
86,42	49,99	5,0	5,8	5,5
86,44	49,99	5,0	5,8	5,5
86,47	49,99	5,0	5,8	5,5
86,49	49,99	5,0	5,8	5,5
86,52	49,99	5,0	5,8	5,5
86,54	49,99	5,0	5,8	5,5
86,56	49,99	5,0	5,8	5,5
86,59	49,99	5,0	5,8	5,5
86,61	49,99	5,0	5,8	5,5
86,64	49,99	5,0	5,8	5,5
86,66	49,99	5,0	5,8	5,5
86,69	49,99	5,0	5,8	5,5
86,71	49,99	5,0	5,8	5,5
86,73	49,99	5,0	5,8	5,5
86,76	49,99	5,0	5,8	5,5
86,78	49,99	5,0	5,8	5,5
86,81	49,99	5,0	5,8	5,5
86,83	49,99	5,0	5,8	5,5
86,86	49,99	5,0	5,8	5,5
86,88	49,99	5,0	5,8	5,5
86,91	49,99	5,0	5,8	5,5
86,93	49,99	5,0	5,8	5,5
86,95	49,99	5,0	5,8	5,5
86,98	49,99	5,0	5,8	5,5
87,00	49,99	5,0	5,8	5,5
87,03	49,99	5,0	5,8	5,5
87,05	49,99	5,0	5,8	5,5
87,08	49,99	5,0	5,8	5,5
87,10	49,99	5,0	5,8	5,5
87,13	49,99	5,0	5,8	5,5
87,15	49,99	5,0	5,8	5,5
87,17	49,99	5,0	5,8	5,5
87,20	49,99	5,0	5,8	5,5
87,22	49,99	5,0	5,8	5,5
87,25	49,99	5,0	5,8	5,5
87,27	49,99	5,0	5,8	5,5
87,30	49,99	5,0	5,8	5,5
87,32	49,99	5,0	5,8	5,5
87,35	49,99	5,0	5,8	5,5
87,37	49,99	5,0	5,8	5,5
87,39	49,99	5,0	5,8	5,5
87,42	49,99	5,0	5,8	5,5
87,44	49,99	5,0	5,8	5,5
87,47	49,99	5,0	5,8	5,5
87,49	49,99	5,0	5,8	5,5
87,52	49,99	5,0	5,8	5,5
87,54	49,99	5,0	5,8	5,5
87,57	49,99	5,0	5,8	5,5
87,59	49,99	5,0	5,8	5,5
87,61	49,99	5,0	5,8	5,5
87,64	49,99	5,0	5,8	5,5
87,66	49,99	5,0	5,8	5,5
87,69	49,99	5,0	5,8	5,5
87,71	49,99	5,0	5,8	5,5
87,74	49,99	5,0	5,8	5,5
87,76	49,99	5,0	5,8	5,5
87,78	49,99	5,0	5,8	5,5
87,81	49,99	5,0	5,8	5,5
87,83	49,99	5,0	5,8	5,5
87,86	49,99	5,0	5,8	5,5
87,88	49,99	5,0	5,8	5,5
87,91	49,99	5,0	5,8	5,5
87,93	49,99	5,0	5,8	5,5
87,96	49,99	5,0	5,8	5,5
87,98	49,99	5,0	5,8	5,5
88,00	49,99	5,0	5,8	5,5
88,03	49,99	5,0	5,8	5,5
88,05	49,99	5,0	5,8	5,5
88,08	49,99	5,0	5,8	5,5
88,10	49,99	5,0	5,8	5,5
88,13	49,99	5,0	5,8	5,5
88,15	49,99	5,0	5,8	5,5
88,18	49,99	5,0	5,8	5,5
88,20	49,99	5,0	5,8	5,5
88,22	49,99	5,0	5,8	5,5
88,25	49,99	5,0	5,8	5,5
88,27	49,99	5,0	5,8	5,5
88,30	49,99	5,0	5,8	5,5
88,32	49,99	5,0	5,8	5,5
88,35	49,99	5,0	5,8	5,5
88,37	49,99	5,0	5,8	5,5
88,40	49,99	5,0	5,8	5,5
88,42	49,99	5,0	5,8	5,5
88,44	49,99	5,0	5,8	5,5
88,47	49,99	5,0	5,8	5,5
88,49	49,99	5,0	5,8	5,5
88,52	49,99	5,0	5,8	5,5
88,54	49,99	5,0	5,8	5,5
88,57	49,99	5,0	5,8	5,5
88,59	49,99	5,0	5,8	5,5
88,62	49,99	5,0	5,8	5,5
88,64	49,99	5,0	5,8	5,5
88,66	49,99	5,0	5,8	5,5
88,69	49,99	5,0	5,8	5,5
88,71	49,99	5,0	5,8	5,5
88,74	49,99	5,0	5,8	5,5
88,76	49,99	5,0	5,8	5,5
88,79	49,99	5,0	5,8	5,5
88,81	49,99	5,0	5,8	5,5
88,83	49,99	5,0	5,8	5,5
88,86	49,99	5,0	5,8	5,5
88,88	49,99	5,0	5,8	5,5
88,91	49,99	5,0	5,8	5,5
88,93	49,99	5,0	5,8	5,5
88,96	49,99	5,0	5,8	5,5
88,98	49,99	5,0	5,8	5,5
89,01	49,99	5,0	5,8	5,5
89,03	49,99	5,0	5,8	5,5
89,05	49,99	5,0	5,8	5,5
89,08	49,99	5,0	5,8	5,5
89,10	49,99	5,0	5,8	5,5
89,13	49,99	5,0	5,8	5,5
89,15	49,99	5,0	5,8	5,5
89,18	49,99	5,0	5,8	5,5
89,20	49,99	5,0	5,8	5,5
89,23	49,99	5,0	5,8	5,5
89,25	49,99	5,0	5,8	5,5
89,27	49,99	5,0	5,8	5,5
89,30	49,99	5,0	5,8	5,5
89,32	49,99	5,0	5,8	5,5
89,35	49,99	5,0	5,8	5,5
89,37	49,99	5,0	5,8	5,5
89,40	49,99	5,0	5,8	5,5
89,42	49,99	5,0	5,8	5,5
89,45	49,99	5,0	5,8	5,5
89,47	49,99	5,0	5,8	5,5
89,49	49,99	5,0	5,8	5,5
89,52	49,99	5,0	5,8	5,5
89,54	49,99	5,0	5,8	5,5
89,57	49,99	5,0	5,8	5,5
89,59	49,99	5,0	5,8	5,5
89,62	49,99	5,0	5,8	5,5
89,64	49,99	5,0	5,8	5,5
89,67	49,99	5,0	5,8	5,5
89,69	49,99	5,0	5,8	5,5
89,71	49,99	5,0	5,8	5,5
89,74	49,99	5,0	5,8	5,5
89,76	49,99	5,0	5,8	5,5
89,79	49,99	5,0	5,8	5,5
89,81	49,99	5,0	5,8	5,5
89,84	49,99	5,0	5,8	5,5
89,86	49,99	5,0	5,8	5,5
89,89	49,99	5,0	5,8	5,5
89,91	49,99	5,0	5,8	5,5
89,93	49,99	5,0	5,8	5,5
89,96	49,99	5,0	5,8	5,5
89,98	49,99	5,0	5,8	5,5
90,01	49,99	5,0	5,8	5,5
90,03	49,99	5,0	5,8	5,5
90,06	49,99	5,0	5,8	5,5
90,08	49,99	5,0	5,8	5,5
90,10	49,99	5,0	5,8	5,5
90,13	49,99	5,0	5,8	5,5
90,15	49,99	5,0	5,8	5,5
90,18	49,99	5,0	5,8	5,5
90,20	49,99	5,0	5,8	5,5
90,23	49,99	5,0	5,8	5,5
90,25	49,99	5,0	5,8	5,5
90,28	49,99	5,0	5,8	5,5
90,30	49,99	5,0	5,8	5,5
90,32	49,99	5,0	5,8	5,5
90,35	49,99	5,0	5,8	5,5
90,37	49,99	5,0	5,8	5,5
90,40	49,99	5,0	5,8	5,5
90,42	49,99	5,0	5,8	5,5
90,45	49,99	5,0	5,8	5,5
90,47	49,99	5,0	5,8	5,5
90,50	49,99	5,0	5,8	5,5
90,52	49,99	5,0	5,8	5,5
90,54	49,99	5,0	5,8	5,5
90,57	49,99	5,0	5,8	5,5
90,59	49,99	5,0	5,8	5,5
90,62	49,99	5,0	5,8	5,5
90,64	49,99	5,0	5,8	5,5
90,67	49,99	5,0	5,8	5,5
90,69	49,99	5,0	5,8	5,5
90,72	49,99	5,0	5,8	5,5
90,74	49,99	5,0	5,8	5,5
90,76	49,99	5,0	5,8	5,5
90,79	49,99	5,0	5,8	5,5
90,81	49,99	5,0	5,8	5,5
90,84	49,99	5,0	5,8	5,5
90,86	49,99	5,0	5,8	5,5
90,89	49,99	5,0	5,8	5,5
90,91	49,99	5,0	5,8	5,5
90,94	49,99	5,0	5,8	5,5
90,96	49,99	5,0	5,8	5,5
90,98	49,99	5,0	5,8	5,5
91,01	49,99	5,0	5,8	5,5
91,03	49,99	5,0	5,8	5,5
91,06	49,99	5,0	5,8	5,5
91,08	49,99	5,0	5,8	5,5
91,11	49,99	5,0	5,8	5,5
91,13	49,99	5,0	5,8	5,5
91,15	49,99	5,0	5,8	5,5
91,18	49,99	5,0	5,8	5,5
91,20	49,99	5,0	5,8	5,5
91,23	49,99	5,0	5,8	5,5
91,25	49,99	5,0	5,8	5,5
91,28	49,99	5,0	5,8	5,5
91,30	49,99	5,0	5,8	5,5
91,33	49,99	5,0	5,8	5,5
91,35	49,99	5,0	5,8	5,5
91,37	49,99	5,0	5,8	5,5
91,40	49,99	5,0	5,8	5,5
91,42	49,99	5,0	5,8	5,5
91,45	49,99	5,0	5,8	5,5
91,47	49,99	5,0	5,8	5,5
91,50	49,99	5,0	5,8	5,5
91,52	49,99	5,0	5,8	5,5
91,55	49,99	5,0	5,8	5,5
91,57	49,99	5,0	5,8	5,5
91,59	49,99	5,0	5,8	5,5
91,62	49,99	5,0	5,8	5,5
91,64	49,99	5,0	5,8	5,5
91,67	49,99	5,0	5,8	5,5
91,69	49,99	5,0	5,8	5,5
91,72	49,99	5,0	5,8	5,5
91,74	49,99	5,0	5,8	5,5
91,77	49,99	5,0	5,8	5,5
91,79	49,99	5,0	5,8	5,5
91,81	49,99	5,0	5,8	5,5
91,84	49,99	5,0	5,8	5,5
91,86	49,99	5,0	5,8	5,5
91,89	49,99	5,0	5,8	5,5
91,91	49,99	5,0	5,8	5,5
91,94	49,99	5,0	5,8	5,5
91,96	49,99	5,0	5,8	5,5
91,99	49,99	5,0	5,8	5,5
92,01	49,99	5,0	5,8	5,5
92,03	49,99	5,0	5,8	5,5
92,06	49,99	5,0	5,8	5,5
92,08	49,99	5,0	5,8	5,5
92,11	49,99	5,0	5,8	5,5
92,13	49,99	5,0	5,8	5,5
92,16	49,99	5,0	5,8	5,5
92,18	49,99	5,0	5,8	5,5
92,20	49,99	5,0	5,8	5,5
92,23	49,99	5,0	5,8	5,5
92,25	49,99	5,0	5,8	5,5
92,28	49,99	5,0	5,8	5,5
92,30	49,99	5,0	5,8	5,5
92,33	49,99	5,0	5,8	5,5
92,35	49,99	5,0	5,8	5,5
92,38	49,99	5,0	5,8	5,5
92,40	49,99	5,0	5,8	5,5
92,42	49,99	5,0	5,8	5,5
92,45	49,99	5,0	5,8	5,5
92,47	49,99	5,0	5,8	5,5
92,50	49,99	5,0	5,8	5,5
92,52	49,99	5,0	5,8	5,5
92,55	49,99	5,0	5,8	5,5
92,57	49,99	5,0	5,8	5,5
92,60	49,99	5,0	5,8	5,5
92,62	49,99	5,0	5,8	5,5
92,64	49,99	5,0	5,8	5,5
92,67	49,99	5,0	5,8	5,5
92,69	49,99	5,0	5,8	5,5
92,72	49,99	5,0	5,8	5,5
92,74	49,99	5,0	5,8	5,5
92,77	49,99	5,0	5,8	5,5
92,79	49,99	5,0	5,8	5,5
92,82	49,99	5,0	5,8	5,5
92,84	49,99	5,0	5,8	5,5
92,86	49,99	5,0	5,8	5,5
92,89	49,99	5,0	5,8	5,5
92,91	49,99	5,0	5,8	5,5
92,94	49,99	5,0	5,8	5,5
92,96	49,99	5,0	5,8	5,5
92,99	49,99	5,0	5,8	5,5
93,01	49,99	5,0	5,8	5,5
93,04	49,99	5,0	5,8	5,5
93,06	49,99	5,0	5,8	5,5
93,08	49,99	5,0	5,8	5,5
93,11	49,99	5,0	5,8	5,5
93,13	49,99	5,0	5,8	5,5
93,16	49,99	5,0	5,8	5,5
93,18	49,99	5,0	5,8	5,5
93,21	49,99	5,0	5,8	5,5
93,23	49,99	5,0	5,8	5,5
93,25	49,99	5,0	5,8	5,5
93,28	49,99	5,0	5,8	5,5
93,30	49,99	5,0	5,8	5,5
93,33	49,99	5,0	5,8	5,5
93,35	49,99	5,0	5,8	5,5
93,38	49,99	5,0	5,8	5,5
93,40	49,99	5,0	5,8	5,5
93,43	49,99	5,0	5,8	5,5
93,45	49,99	5,0	5,8	5,5
93,47	49,99	5,0	5,8	5,5
93,50	49,99	5,0	5,8	5,5
93,52	49,99	5,0	5,8	5,5
93,55	49,99	5,0	5,8	5,5
93,57	49,99	5,0	5,8	5,5
93,60	49,99	5,0	5,8	5,5
93,62	49,99	5,0	5,8	5,5
93,65	49,99	5,0	5,8	5,5
93,67	49,99	5,0	5,8	5,5
93,69	49,99	5,0	5,8	5,5
93,72	49,99	5,0	5,8	5,5
93,74	49,99	5,0	5,8	5,5
93,77	49,99	5,0	5,8	5,5
93,79	49,99	5,0	5,8	5,5
93,82	49,99	5,0	5,8	5,5
93,84	49,99	5,0	5,8	5,5
93,87	49,99	5,0	5,8	5,5
93,89	49,99	5,0	5,8	5,5
93,91	49,99	5,0	5,8	5,5
93,94	49,99	5,0	5,8	5,5
93,96	49,99	5,0	5,8	5,5
93,99	49,99	5,0	5,8	5,5
94,01	49,99	5,0	5,8	5,5
94,04	49,99	5,0	5,8	5,5
94,06	49,99	5,0	5,8	5,5
94,09	49,99	5,0	5,8	5,5
94,11	49,99	5,0	5,8	5,5
94,13	49,99	5,0	5,8	5,5
94,16	49,99	5,0	5,8	5,5
94,18	49,99	5,0	5,8	5,5
94,21	49,99	5,0	5,8	5,5
94,23	49,99	5,0	5,8	5,5
94,26	49,99	5,0	5,8	5,5
94,28	49,99	5,0	5,8	5,5
94,31	49,99	5,0	5,8	5,5
94,33	49,99	5,0	5,8	5,5
94,35	49,99	5,0	5,8	5,5
94,38	49,99	5,0	5,8	5,5
94,40	49,99	5,0	5,8	5,5
94,43	49,99	5,0	5,8	5,5
94,45	49,99	5,0	5,8	5,5
94,48	49,99	5,0	5,8	5,5
94,50	49,99	5,0	5,8	5,5
94,52	49,99	5,0	5,8	5,5
94,55	49,99	5,0	5,8	5,5
94,57	49,99	5,0	5,8	5,5
94,60	49,99	5,0	5,8	5,5
94,62	49,99	5,0	5,8	5,5
94,65	49,99	5,0	5,8	5,5
94,67	49,99	5,0	5,8	5,5
94,70	49,99	5,0	5,8	5,5
94,72	49,99	5,0	5,8	5,5
94,74	49,99	5,0	5,8	5,5
94,77	49,99	5,0	5,8	5,5
94,79	49,99	5,0	5,8	5,5
94,82	49,99	5,0	5,8	5,5
94,84	49,99	5,0	5,8	5,5
94,87	49,99	5,0	5,8	5,5
94,89	49,99	5,0	5,8	5,5
94,92	49,99	5,0	5,8	5,5
94,94	49,99	5,0	5,8	5,5
94,96	49,99	5,0	5,8	5,5
94,99	49,99	5,0	5,8	5,5
95,01	49,99	5,0	5,8	5,5
95,04	49,99	5,0	5,8	5,5
95,06	49,99	5,0	5,8	5,5
95,09	49,99	5,0	5,8	5,5
95,11	49,99	5,0	5,8	5,5
95,14	49,99	5,0	5,8	5,5
95,16	49,99	5,0	5,8	5,5
95,18	49,99	5,0	5,8	5,5
95,21	49,99	5,0	5,8	5,5
95,23	49,99	5,0	5,8	5,5
95,26	49,99	5,0	5,8	5,5
95,28	49,99	5,0	5,8	5,5
95,31	49,99	5,0	5,8	5,5
95,33	49,99	5,0	5,8	5,5
95,36	49,99	5,0	5,8	5,5
95,38	49,99	5,0	5,8	5,5
95,40	49,99	5,0	5,8	5,5
95,43	49,99	5,0	5,8	5,5
95,45	49,99	5,0	5,8	5,5
95,48	49,99	5,0	5,8	5,5
95,50	49,99	5,0	5,8	5,5
95,53	49,99	5,0	5,8	5,5
95,55	49,99	5,0	5,8	5,5
95,57	49,99	5,0	5,8	5,5
95,60	49,99	5,0	5,8	5,5
95,62	49,99	5,0	5,8	5,5
95,65	49,99	5,0	5,8	5,5
95,67	49,99	5,0	5,8	5,5
95,70	49,99	5,0	5,8	5,5
95,72	49,99	5,0	5,8	5,5
95,75	49,99	5,0	5,8	5,5
95,77	49,99	5,0	5,8	5,5
95,79	49,99	5,0	5,8	5,5
95,82	49,99	5,0	5,8	5,5
95,84	49,99	5,0	5,8	5,5
95,87	49,99	5,0	5,8	5,5
95,89	49,99	5,0	5,8	5,5
95,92	49,99	5,0	5,8	5,5
95,94	49,99	5,0	5,8	5,5
95,97	49,99	5,0	5,8	5,5
95,99	49,99	5,0	5,8	5,5
96,01	49,99	5,0	5,8	5,5
96,04	49,99	5,0	5,8	5,5
96,06	49,99	5,0	5,8	5,5
96,09	49,99	5,0	5,8	5,5
96,11	49,99	5,0	5,8	5,5
96,14	49,99	5,0	5,8	5,5
96,16	49,99	5,0	5,8	5,5
96,19	49,99	5,0	5,8	5,5
96,21	49,99	5,0	5,8	5,5
96,23	49,99	5,0	5,8	5,5
96,26	49,99	5,0	5,8	5,5
96,28	49,99	5,0	5,8	5,5
96,31	49,99	5,0	5,8	5,5
96,33	49,99	5,0	5,8	5,5
96,36	49,99	5,0	5,8	5,5
96,38	49,99	5,0	5,8	5,5
