Voltage U1	Corriente IA	Voltage U2	Voltage U3	Voltage UH
U1/V	IA/nA	U2/V	U3/V	UH/V

0,02	0,60	2,0	5,9	5,0
0,04	0,58	2,0	5,9	5,0
0,07	0,58	2,0	5,9	5,0
0,09	0,58	2,0	5,9	5,0
0,12	0,57	2,0	5,9	5,0
0,14	0,56	2,0	5,9	5,0
0,17	0,56	2,0	5,9	5,0
0,19	0,56	2,0	5,9	5,0
0,21	0,56	2,0	5,9	5,0
0,24	0,54	2,0	5,9	5,0
0,26	0,54	2,0	5,9	5,0
0,29	0,55	2,0	5,9	5,0
0,31	0,54	2,0	5,9	5,0
0,34	0,52	2,0	5,9	5,0
0,36	0,53	2,0	5,9	5,0
0,39	0,54	2,0	5,9	5,0
0,41	0,55	2,0	5,9	5,0
0,43	0,54	2,0	5,9	5,0
0,46	0,55	2,0	5,9	5,0
0,48	0,56	2,0	5,9	5,0
0,51	0,56	2,0	5,9	5,0
0,53	0,56	2,0	5,9	5,0
0,56	0,57	2,0	5,9	5,0
0,58	0,57	2,0	5,9	5,0
0,61	0,58	2,0	5,9	5,0
0,63	0,57	2,0	5,9	5,0
0,65	0,58	2,0	5,9	5,0
0,68	0,59	2,0	5,9	5,0
0,70	0,60	2,0	5,9	5,0
0,73	0,59	2,0	5,9	5,0
0,75	0,59	2,0	5,9	5,0
0,78	0,61	2,0	5,9	5,0
0,80	0,61	2,0	5,9	5,0
0,83	0,61	2,0	5,9	5,0
0,85	0,61	2,0	5,9	5,0
0,87	0,62	2,0	5,9	5,0
0,90	0,63	2,0	5,9	5,0
0,92	0,63	2,0	5,9	5,0
0,95	0,63	2,0	5,9	5,0
0,97	0,65	2,0	5,9	5,0
1,00	0,65	2,0	5,9	5,0
1,02	0,64	2,0	5,9	5,0
1,05	0,65	2,0	5,9	5,0
1,07	0,66	2,0	5,9	5,0
1,09	0,66	2,0	5,9	5,0
1,12	0,66	2,0	5,9	5,0
1,14	0,66	2,0	5,9	5,0
1,17	0,68	2,0	5,9	5,0
1,19	0,68	2,0	5,9	5,0
1,22	0,67	2,0	5,9	5,0
1,24	0,68	2,0	5,9	5,0
1,26	0,69	2,0	5,9	5,0
1,29	0,69	2,0	5,9	5,0
1,31	0,69	2,0	5,9	5,0
1,34	0,69	2,0	5,9	5,0
1,36	0,71	2,0	5,9	5,0
1,39	0,71	2,0	5,9	5,0
1,41	0,70	2,0	5,9	5,0
1,44	0,71	2,0	5,9	5,0
1,46	0,72	2,0	5,9	5,0
1,48	0,72	2,0	5,9	5,0
1,51	0,71	2,0	5,9	5,0
1,53	0,72	2,0	5,9	5,0
1,56	0,73	2,0	5,9	5,0
1,58	0,72	2,0	5,9	5,0
1,61	0,72	2,0	5,9	5,0
1,63	0,73	2,0	5,9	5,0
1,66	0,74	2,0	5,9	5,0
1,68	0,74	2,0	5,9	5,0
1,70	0,74	2,0	5,9	5,0
1,73	0,75	2,0	5,9	5,0
1,75	0,76	2,0	5,9	5,0
1,78	0,76	2,0	5,9	5,0
1,80	0,75	2,0	5,9	5,0
1,83	0,76	2,0	5,9	5,0
1,85	0,77	2,0	5,9	5,0
1,88	0,76	2,0	5,9	5,0
1,90	0,76	2,0	5,9	5,0
1,92	0,77	2,0	5,9	5,0
1,95	0,78	2,0	5,9	5,0
1,97	0,78	2,0	5,9	5,0
2,00	0,78	2,0	5,9	5,0
2,02	0,79	2,0	5,9	5,0
2,05	0,79	2,0	5,9	5,0
2,07	0,79	2,0	5,9	5,0
2,10	0,78	2,0	5,9	5,0
2,12	0,80	2,0	5,9	5,0
2,14	0,80	2,0	5,9	5,0
2,17	0,81	2,0	5,9	5,0
2,19	0,81	2,0	5,9	5,0
2,22	0,81	2,0	5,9	5,0
2,24	0,81	2,0	5,9	5,0
2,27	0,82	2,0	5,9	5,0
2,29	0,81	2,0	5,9	5,0
2,31	0,81	2,0	5,9	5,0
2,34	0,81	2,0	5,9	5,0
2,36	0,82	2,0	5,9	5,0
2,39	0,82	2,0	5,9	5,0
2,41	0,82	2,0	5,9	5,0
2,44	0,82	2,0	5,9	5,0
2,46	0,83	2,0	5,9	5,0
2,49	0,83	2,0	5,9	5,0
2,51	0,83	2,0	5,9	5,0
2,53	0,84	2,0	5,9	5,0
2,56	0,84	2,0	5,9	5,0
2,58	0,84	2,0	5,9	5,0
2,61	0,84	2,0	5,9	5,0
2,63	0,85	2,0	5,9	5,0
2,66	0,86	2,0	5,9	5,0
2,68	0,85	2,0	5,9	5,0
2,71	0,86	2,0	5,9	5,0
2,73	0,87	2,0	5,9	5,0
2,75	0,87	2,0	5,9	5,0
2,78	0,87	2,0	5,9	5,0
2,80	0,87	2,0	5,9	5,0
2,83	0,87	2,0	5,9	5,0
2,85	0,88	2,0	5,9	5,0
2,88	0,89	2,0	5,9	5,0
2,90	0,89	2,0	5,9	5,0
2,93	0,89	2,0	5,9	5,0
2,95	0,90	2,0	5,9	5,0
2,97	0,91	2,0	5,9	5,0
3,00	0,91	2,0	5,9	5,0
3,02	0,90	2,0	5,9	5,0
3,05	0,91	2,0	5,9	5,0
3,07	0,92	2,0	5,9	5,0
3,10	0,92	2,0	5,9	5,0
3,12	0,92	2,0	5,9	5,0
3,15	0,93	2,0	5,9	5,0
3,17	0,94	2,0	5,9	5,0
3,19	0,93	2,0	5,9	5,0
3,22	0,93	2,0	5,9	5,0
3,24	0,94	2,0	5,9	5,0
3,27	0,95	2,0	5,9	5,0
3,29	0,94	2,0	5,9	5,0
3,32	0,94	2,0	5,9	5,0
3,34	0,95	2,0	5,9	5,0
3,36	0,96	2,0	5,9	5,0
3,39	0,96	2,0	5,9	5,0
3,41	0,95	2,0	5,9	5,0
3,44	0,96	2,0	5,9	5,0
3,46	0,97	2,0	5,9	5,0
3,49	0,97	2,0	5,9	5,0
3,51	0,95	2,0	5,9	5,0
3,54	0,97	2,0	5,9	5,0
3,56	0,97	2,0	5,9	5,0
3,58	0,97	2,0	5,9	5,0
3,61	0,97	2,0	5,9	5,0
3,63	0,97	2,0	5,9	5,0
3,66	0,98	2,0	5,9	5,0
3,68	0,97	2,0	5,9	5,0
3,71	0,97	2,0	5,9	5,0
3,73	0,98	2,0	5,9	5,0
3,76	0,99	2,0	5,9	5,0
3,78	0,98	2,0	5,9	5,0
3,80	0,98	2,0	5,9	5,0
3,83	0,99	2,0	5,9	5,0
3,85	0,99	2,0	5,9	5,0
3,88	0,99	2,0	5,9	5,0
3,90	0,98	2,0	5,9	5,0
3,93	1,00	2,0	5,9	5,0
3,95	1,00	2,0	5,9	5,0
3,98	0,99	2,0	5,9	5,0
4,00	0,99	2,0	5,9	5,0
4,02	1,01	2,0	5,9	5,0
4,05	1,01	2,0	5,9	5,0
4,07	1,01	2,0	5,9	5,0
4,10	1,01	2,0	5,9	5,0
4,12	1,02	2,0	5,9	5,0
4,15	1,02	2,0	5,9	5,0
4,17	1,02	2,0	5,9	5,0
4,20	1,02	2,0	5,9	5,0
4,22	1,03	2,0	5,9	5,0
4,24	1,03	2,0	5,9	5,0
4,27	1,02	2,0	5,9	5,0
4,29	1,03	2,0	5,9	5,0
4,32	1,04	2,0	5,9	5,0
4,34	1,05	2,0	5,9	5,0
4,37	1,04	2,0	5,9	5,0
4,39	1,04	2,0	5,9	5,0
4,42	1,05	2,0	5,9	5,0
4,44	1,05	2,0	5,9	5,0
4,46	1,05	2,0	5,9	5,0
4,49	1,05	2,0	5,9	5,0
4,51	1,06	2,0	5,9	5,0
4,54	1,06	2,0	5,9	5,0
4,56	1,06	2,0	5,9	5,0
4,59	1,06	2,0	5,9	5,0
4,61	1,07	2,0	5,9	5,0
4,63	1,07	2,0	5,9	5,0
4,66	1,08	2,0	5,9	5,0
4,68	1,07	2,0	5,9	5,0
4,71	1,06	2,0	5,9	5,0
4,73	1,07	2,0	5,9	5,0
4,76	1,08	2,0	5,9	5,0
4,78	1,07	2,0	5,9	5,0
4,81	1,07	2,0	5,9	5,0
4,83	1,08	2,0	5,9	5,0
4,85	1,09	2,0	5,9	5,0
4,88	1,09	2,0	5,9	5,0
4,90	1,08	2,0	5,9	5,0
4,93	1,09	2,0	5,9	5,0
4,95	1,09	2,0	5,9	5,0
4,98	1,09	2,0	5,9	5,0
5,00	1,09	2,0	5,9	5,0
5,03	1,10	2,0	5,9	5,0
5,05	1,10	2,0	5,9	5,0
5,07	1,10	2,0	5,9	5,0
5,10	1,10	2,0	5,9	5,0
5,12	1,11	2,0	5,9	5,0
5,15	1,11	2,0	5,9	5,0
5,17	1,11	2,0	5,9	5,0
5,20	1,11	2,0	5,9	5,0
5,22	1,12	2,0	5,9	5,0
5,25	1,12	2,0	5,9	5,0
5,27	1,13	2,0	5,9	5,0
5,29	1,13	2,0	5,9	5,0
5,32	1,13	2,0	5,9	5,0
5,34	1,14	2,0	5,9	5,0
5,37	1,15	2,0	5,9	5,0
5,39	1,14	2,0	5,9	5,0
5,42	1,14	2,0	5,9	5,0
5,44	1,15	2,0	5,9	5,0
5,47	1,15	2,0	5,9	5,0
5,49	1,15	2,0	5,9	5,0
5,51	1,15	2,0	5,9	5,0
5,54	1,16	2,0	5,9	5,0
5,56	1,17	2,0	5,9	5,0
5,59	1,16	2,0	5,9	5,0
5,61	1,16	2,0	5,9	5,0
5,64	1,17	2,0	5,9	5,0
5,66	1,17	2,0	5,9	5,0
5,68	1,17	2,0	5,9	5,0
5,71	1,17	2,0	5,9	5,0
5,73	1,18	2,0	5,9	5,0
5,76	1,19	2,0	5,9	5,0
5,78	1,18	2,0	5,9	5,0
5,81	1,19	2,0	5,9	5,0
5,83	1,20	2,0	5,9	5,0
5,86	1,20	2,0	5,9	5,0
5,88	1,19	2,0	5,9	5,0
5,90	1,19	2,0	5,9	5,0
5,93	1,20	2,0	5,9	5,0
5,95	1,21	2,0	5,9	5,0
5,98	1,20	2,0	5,9	5,0
6,00	1,20	2,0	5,9	5,0
6,03	1,22	2,0	5,9	5,0
6,05	1,22	2,0	5,9	5,0
6,08	1,21	2,0	5,9	5,0
6,10	1,21	2,0	5,9	5,0
6,12	1,22	2,0	5,9	5,0
6,15	1,22	2,0	5,9	5,0
6,17	1,22	2,0	5,9	5,0
6,20	1,22	2,0	5,9	5,0
6,22	1,23	2,0	5,9	5,0
6,25	1,23	2,0	5,9	5,0
6,27	1,23	2,0	5,9	5,0
6,30	1,23	2,0	5,9	5,0
6,32	1,24	2,0	5,9	5,0
6,34	1,25	2,0	5,9	5,0
6,37	1,24	2,0	5,9	5,0
6,39	1,24	2,0	5,9	5,0
6,42	1,25	2,0	5,9	5,0
6,44	1,25	2,0	5,9	5,0
6,47	1,25	2,0	5,9	5,0
6,49	1,26	2,0	5,9	5,0
6,52	1,27	2,0	5,9	5,0
6,54	1,27	2,0	5,9	5,0
6,56	1,26	2,0	5,9	5,0
6,59	1,27	2,0	5,9	5,0
6,61	1,28	2,0	5,9	5,0
6,64	1,27	2,0	5,9	5,0
6,66	1,27	2,0	5,9	5,0
6,69	1,27	2,0	5,9	5,0
6,71	1,28	2,0	5,9	5,0
6,73	1,29	2,0	5,9	5,0
6,76	1,28	2,0	5,9	5,0
6,78	1,30	2,0	5,9	5,0
6,81	1,30	2,0	5,9	5,0
6,83	1,30	2,0	5,9	5,0
6,86	1,29	2,0	5,9	5,0
6,88	1,30	2,0	5,9	5,0
6,91	1,31	2,0	5,9	5,0
6,93	1,31	2,0	5,9	5,0
6,95	1,30	2,0	5,9	5,0
6,98	1,32	2,0	5,9	5,0
7,00	1,32	2,0	5,9	5,0
7,03	1,32	2,0	5,9	5,0
7,05	1,33	2,0	5,9	5,0
7,08	1,32	2,0	5,9	5,0
7,10	1,33	2,0	5,9	5,0
7,13	1,33	2,0	5,9	5,0
7,15	1,34	2,0	5,9	5,0
7,17	1,33	2,0	5,9	5,0
7,20	1,34	2,0	5,9	5,0
7,22	1,35	2,0	5,9	5,0
7,25	1,35	2,0	5,9	5,0
7,27	1,34	2,0	5,9	5,0
7,30	1,35	2,0	5,9	5,0
7,32	1,36	2,0	5,9	5,0
7,35	1,36	2,0	5,9	5,0
7,37	1,35	2,0	5,9	5,0
7,39	1,36	2,0	5,9	5,0
7,42	1,37	2,0	5,9	5,0
7,44	1,37	2,0	5,9	5,0
7,47	1,36	2,0	5,9	5,0
7,49	1,37	2,0	5,9	5,0
7,52	1,38	2,0	5,9	5,0
7,54	1,38	2,0	5,9	5,0
7,57	1,38	2,0	5,9	5,0
7,59	1,38	2,0	5,9	5,0
7,61	1,39	2,0	5,9	5,0
7,64	1,38	2,0	5,9	5,0
7,66	1,38	2,0	5,9	5,0
7,69	1,38	2,0	5,9	5,0
7,71	1,38	2,0	5,9	5,0
7,74	1,40	2,0	5,9	5,0
7,76	1,40	2,0	5,9	5,0
7,78	1,39	2,0	5,9	5,0
7,81	1,38	2,0	5,9	5,0
7,83	1,39	2,0	5,9	5,0
7,86	1,40	2,0	5,9	5,0
7,88	1,39	2,0	5,9	5,0
7,91	1,39	2,0	5,9	5,0
7,93	1,41	2,0	5,9	5,0
7,96	1,41	2,0	5,9	5,0
7,98	1,40	2,0	5,9	5,0
8,00	1,40	2,0	5,9	5,0
8,03	1,41	2,0	5,9	5,0
8,05	1,41	2,0	5,9	5,0
8,08	1,41	2,0	5,9	5,0
8,10	1,41	2,0	5,9	5,0
8,13	1,42	2,0	5,9	5,0
8,15	1,42	2,0	5,9	5,0
8,18	1,42	2,0	5,9	5,0
8,20	1,42	2,0	5,9	5,0
8,22	1,43	2,0	5,9	5,0
8,25	1,44	2,0	5,9	5,0
8,27	1,43	2,0	5,9	5,0
8,30	1,43	2,0	5,9	5,0
8,32	1,44	2,0	5,9	5,0
8,35	1,44	2,0	5,9	5,0
8,37	1,44	2,0	5,9	5,0
8,40	1,44	2,0	5,9	5,0
8,42	1,45	2,0	5,9	5,0
8,44	1,45	2,0	5,9	5,0
8,47	1,45	2,0	5,9	5,0
8,49	1,46	2,0	5,9	5,0
8,52	1,46	2,0	5,9	5,0
8,54	1,45	2,0	5,9	5,0
8,57	1,45	2,0	5,9	5,0
8,59	1,46	2,0	5,9	5,0
8,62	1,47	2,0	5,9	5,0
8,64	1,46	2,0	5,9	5,0
8,66	1,46	2,0	5,9	5,0
8,69	1,47	2,0	5,9	5,0
8,71	1,48	2,0	5,9	5,0
8,74	1,47	2,0	5,9	5,0
8,76	1,47	2,0	5,9	5,0
8,79	1,48	2,0	5,9	5,0
8,81	1,49	2,0	5,9	5,0
8,84	1,48	2,0	5,9	5,0
8,86	1,48	2,0	5,9	5,0
8,88	1,49	2,0	5,9	5,0
8,91	1,49	2,0	5,9	5,0
8,93	1,49	2,0	5,9	5,0
8,96	1,49	2,0	5,9	5,0
8,98	1,49	2,0	5,9	5,0
9,01	1,50	2,0	5,9	5,0
9,03	1,49	2,0	5,9	5,0
9,05	1,49	2,0	5,9	5,0
9,08	1,50	2,0	5,9	5,0
9,10	1,51	2,0	5,9	5,0
9,13	1,50	2,0	5,9	5,0
9,15	1,50	2,0	5,9	5,0
9,18	1,51	2,0	5,9	5,0
9,20	1,52	2,0	5,9	5,0
9,23	1,51	2,0	5,9	5,0
9,25	1,51	2,0	5,9	5,0
9,27	1,52	2,0	5,9	5,0
9,30	1,52	2,0	5,9	5,0
9,32	1,52	2,0	5,9	5,0
9,35	1,52	2,0	5,9	5,0
9,37	1,53	2,0	5,9	5,0
9,40	1,54	2,0	5,9	5,0
9,42	1,53	2,0	5,9	5,0
9,45	1,53	2,0	5,9	5,0
9,47	1,53	2,0	5,9	5,0
9,49	1,54	2,0	5,9	5,0
9,52	1,54	2,0	5,9	5,0
9,54	1,54	2,0	5,9	5,0
9,57	1,54	2,0	5,9	5,0
9,59	1,55	2,0	5,9	5,0
9,62	1,55	2,0	5,9	5,0
9,64	1,55	2,0	5,9	5,0
9,67	1,55	2,0	5,9	5,0
9,69	1,56	2,0	5,9	5,0
9,71	1,56	2,0	5,9	5,0
9,74	1,55	2,0	5,9	5,0
9,76	1,55	2,0	5,9	5,0
9,79	1,56	2,0	5,9	5,0
9,81	1,57	2,0	5,9	5,0
9,84	1,56	2,0	5,9	5,0
9,86	1,56	2,0	5,9	5,0
9,89	1,57	2,0	5,9	5,0
9,91	1,58	2,0	5,9	5,0
9,93	1,57	2,0	5,9	5,0
9,96	1,57	2,0	5,9	5,0
9,98	1,58	2,0	5,9	5,0
10,01	1,58	2,0	5,9	5,0
10,03	1,58	2,0	5,9	5,0
10,06	1,58	2,0	5,9	5,0
10,08	1,59	2,0	5,9	5,0
10,10	1,60	2,0	5,9	5,0
10,13	1,60	2,0	5,9	5,0
10,15	1,60	2,0	5,9	5,0
10,18	1,59	2,0	5,9	5,0
10,20	1,60	2,0	5,9	5,0
10,23	1,60	2,0	5,9	5,0
10,25	1,60	2,0	5,9	5,0
10,28	1,59	2,0	5,9	5,0
10,30	1,60	2,0	5,9	5,0
10,32	1,61	2,0	5,9	5,0
10,35	1,61	2,0	5,9	5,0
10,37	1,60	2,0	5,9	5,0
10,40	1,61	2,0	5,9	5,0
10,42	1,62	2,0	5,9	5,0
10,45	1,61	2,0	5,9	5,0
10,47	1,61	2,0	5,9	5,0
10,50	1,62	2,0	5,9	5,0
10,52	1,63	2,0	5,9	5,0
10,54	1,62	2,0	5,9	5,0
10,57	1,62	2,0	5,9	5,0
10,59	1,63	2,0	5,9	5,0
10,62	1,64	2,0	5,9	5,0
10,64	1,63	2,0	5,9	5,0
10,67	1,63	2,0	5,9	5,0
10,69	1,64	2,0	5,9	5,0
10,72	1,64	2,0	5,9	5,0
10,74	1,63	2,0	5,9	5,0
10,76	1,63	2,0	5,9	5,0
10,79	1,65	2,0	5,9	5,0
10,81	1,65	2,0	5,9	5,0
10,84	1,65	2,0	5,9	5,0
10,86	1,65	2,0	5,9	5,0
10,89	1,66	2,0	5,9	5,0
10,91	1,66	2,0	5,9	5,0
10,94	1,65	2,0	5,9	5,0
10,96	1,65	2,0	5,9	5,0
10,98	1,66	2,0	5,9	5,0
11,01	1,66	2,0	5,9	5,0
11,03	1,66	2,0	5,9	5,0
11,06	1,66	2,0	5,9	5,0
11,08	1,67	2,0	5,9	5,0
11,11	1,67	2,0	5,9	5,0
11,13	1,67	2,0	5,9	5,0
11,15	1,66	2,0	5,9	5,0
11,18	1,68	2,0	5,9	5,0
11,20	1,68	2,0	5,9	5,0
11,23	1,67	2,0	5,9	5,0
11,25	1,68	2,0	5,9	5,0
11,28	1,69	2,0	5,9	5,0
11,30	1,69	2,0	5,9	5,0
11,33	1,69	2,0	5,9	5,0
11,35	1,69	2,0	5,9	5,0
11,37	1,70	2,0	5,9	5,0
11,40	1,70	2,0	5,9	5,0
11,42	1,69	2,0	5,9	5,0
11,45	1,69	2,0	5,9	5,0
11,47	1,70	2,0	5,9	5,0
11,50	1,71	2,0	5,9	5,0
11,52	1,70	2,0	5,9	5,0
11,55	1,70	2,0	5,9	5,0
11,57	1,72	2,0	5,9	5,0
11,59	1,72	2,0	5,9	5,0
11,62	1,72	2,0	5,9	5,0
11,64	1,72	2,0	5,9	5,0
11,67	1,73	2,0	5,9	5,0
11,69	1,73	2,0	5,9	5,0
11,72	1,72	2,0	5,9	5,0
11,74	1,73	2,0	5,9	5,0
11,77	1,74	2,0	5,9	5,0
11,79	1,74	2,0	5,9	5,0
11,81	1,73	2,0	5,9	5,0
11,84	1,74	2,0	5,9	5,0
11,86	1,75	2,0	5,9	5,0
11,89	1,75	2,0	5,9	5,0
11,91	1,74	2,0	5,9	5,0
11,94	1,74	2,0	5,9	5,0
11,96	1,74	2,0	5,9	5,0
11,99	1,75	2,0	5,9	5,0
12,01	1,76	2,0	5,9	5,0
12,03	1,76	2,0	5,9	5,0
12,06	1,76	2,0	5,9	5,0
12,08	1,76	2,0	5,9	5,0
12,11	1,76	2,0	5,9	5,0
12,13	1,76	2,0	5,9	5,0
12,16	1,76	2,0	5,9	5,0
12,18	1,77	2,0	5,9	5,0
12,21	1,77	2,0	5,9	5,0
12,23	1,77	2,0	5,9	5,0
12,25	1,77	2,0	5,9	5,0
12,28	1,78	2,0	5,9	5,0
12,30	1,78	2,0	5,9	5,0
12,33	1,78	2,0	5,9	5,0
12,35	1,78	2,0	5,9	5,0
12,38	1,79	2,0	5,9	5,0
12,40	1,79	2,0	5,9	5,0
12,42	1,78	2,0	5,9	5,0
12,45	1,78	2,0	5,9	5,0
12,47	1,79	2,0	5,9	5,0
12,50	1,79	2,0	5,9	5,0
12,52	1,79	2,0	5,9	5,0
12,55	1,79	2,0	5,9	5,0
12,57	1,80	2,0	5,9	5,0
12,60	1,81	2,0	5,9	5,0
12,62	1,81	2,0	5,9	5,0
12,64	1,80	2,0	5,9	5,0
12,67	1,80	2,0	5,9	5,0
12,69	1,81	2,0	5,9	5,0
12,72	1,82	2,0	5,9	5,0
12,74	1,81	2,0	5,9	5,0
12,77	1,81	2,0	5,9	5,0
12,79	1,82	2,0	5,9	5,0
12,82	1,82	2,0	5,9	5,0
12,84	1,81	2,0	5,9	5,0
12,86	1,80	2,0	5,9	5,0
12,89	1,82	2,0	5,9	5,0
12,91	1,81	2,0	5,9	5,0
12,94	1,80	2,0	5,9	5,0
12,96	1,80	2,0	5,9	5,0
12,99	1,81	2,0	5,9	5,0
13,01	1,81	2,0	5,9	5,0
13,04	1,79	2,0	5,9	5,0
13,06	1,79	2,0	5,9	5,0
13,08	1,79	2,0	5,9	5,0
13,11	1,79	2,0	5,9	5,0
13,13	1,77	2,0	5,9	5,0
13,16	1,77	2,0	5,9	5,0
13,18	1,77	2,0	5,9	5,0
13,21	1,76	2,0	5,9	5,0
13,23	1,74	2,0	5,9	5,0
13,26	1,73	2,0	5,9	5,0
13,28	1,73	2,0	5,9	5,0
13,30	1,72	2,0	5,9	5,0
13,33	1,70	2,0	5,9	5,0
13,35	1,69	2,0	5,9	5,0
13,38	1,68	2,0	5,9	5,0
13,40	1,67	2,0	5,9	5,0
13,43	1,65	2,0	5,9	5,0
13,45	1,63	2,0	5,9	5,0
13,47	1,63	2,0	5,9	5,0
13,50	1,62	2,0	5,9	5,0
13,52	1,60	2,0	5,9	5,0
13,55	1,58	2,0	5,9	5,0
13,57	1,57	2,0	5,9	5,0
13,60	1,55	2,0	5,9	5,0
13,62	1,52	2,0	5,9	5,0
13,65	1,51	2,0	5,9	5,0
13,67	1,51	2,0	5,9	5,0
13,69	1,49	2,0	5,9	5,0
13,72	1,47	2,0	5,9	5,0
13,74	1,45	2,0	5,9	5,0
13,77	1,45	2,0	5,9	5,0
13,79	1,43	2,0	5,9	5,0
13,82	1,41	2,0	5,9	5,0
13,84	1,40	2,0	5,9	5,0
13,87	1,39	2,0	5,9	5,0
13,89	1,37	2,0	5,9	5,0
13,91	1,36	2,0	5,9	5,0
13,94	1,35	2,0	5,9	5,0
13,96	1,34	2,0	5,9	5,0
13,99	1,33	2,0	5,9	5,0
14,01	1,31	2,0	5,9	5,0
14,04	1,30	2,0	5,9	5,0
14,06	1,29	2,0	5,9	5,0
14,09	1,27	2,0	5,9	5,0
14,11	1,25	2,0	5,9	5,0
14,13	1,25	2,0	5,9	5,0
14,16	1,24	2,0	5,9	5,0
14,18	1,22	2,0	5,9	5,0
14,21	1,21	2,0	5,9	5,0
14,23	1,21	2,0	5,9	5,0
14,26	1,21	2,0	5,9	5,0
14,28	1,19	2,0	5,9	5,0
14,31	1,17	2,0	5,9	5,0
14,33	1,17	2,0	5,9	5,0
14,35	1,17	2,0	5,9	5,0
14,38	1,16	2,0	5,9	5,0
14,40	1,15	2,0	5,9	5,0
14,43	1,14	2,0	5,9	5,0
14,45	1,13	2,0	5,9	5,0
14,48	1,13	2,0	5,9	5,0
14,50	1,12	2,0	5,9	5,0
14,52	1,11	2,0	5,9	5,0
14,55	1,10	2,0	5,9	5,0
14,57	1,10	2,0	5,9	5,0
14,60	1,10	2,0	5,9	5,0
14,62	1,09	2,0	5,9	5,0
14,65	1,08	2,0	5,9	5,0
14,67	1,08	2,0	5,9	5,0
14,70	1,07	2,0	5,9	5,0
14,72	1,06	2,0	5,9	5,0
14,74	1,07	2,0	5,9	5,0
14,77	1,07	2,0	5,9	5,0
14,79	1,07	2,0	5,9	5,0
14,82	1,06	2,0	5,9	5,0
14,84	1,07	2,0	5,9	5,0
14,87	1,06	2,0	5,9	5,0
14,89	1,06	2,0	5,9	5,0
14,92	1,06	2,0	5,9	5,0
14,94	1,07	2,0	5,9	5,0
14,96	1,08	2,0	5,9	5,0
14,99	1,08	2,0	5,9	5,0
15,01	1,08	2,0	5,9	5,0
15,04	1,08	2,0	5,9	5,0
15,06	1,09	2,0	5,9	5,0
15,09	1,10	2,0	5,9	5,0
15,11	1,12	2,0	5,9	5,0
15,14	1,12	2,0	5,9	5,0
15,16	1,13	2,0	5,9	5,0
15,18	1,15	2,0	5,9	5,0
15,21	1,16	2,0	5,9	5,0
15,23	1,16	2,0	5,9	5,0
15,26	1,17	2,0	5,9	5,0
15,28	1,19	2,0	5,9	5,0
15,31	1,21	2,0	5,9	5,0
15,33	1,21	2,0	5,9	5,0
15,36	1,23	2,0	5,9	5,0
15,38	1,26	2,0	5,9	5,0
15,40	1,27	2,0	5,9	5,0
15,43	1,28	2,0	5,9	5,0
15,45	1,30	2,0	5,9	5,0
15,48	1,32	2,0	5,9	5,0
15,50	1,34	2,0	5,9	5,0
15,53	1,35	2,0	5,9	5,0
15,55	1,37	2,0	5,9	5,0
15,57	1,40	2,0	5,9	5,0
15,60	1,41	2,0	5,9	5,0
15,62	1,42	2,0	5,9	5,0
15,65	1,45	2,0	5,9	5,0
15,67	1,47	2,0	5,9	5,0
15,70	1,49	2,0	5,9	5,0
15,72	1,50	2,0	5,9	5,0
15,75	1,52	2,0	5,9	5,0
15,77	1,54	2,0	5,9	5,0
15,79	1,56	2,0	5,9	5,0
15,82	1,57	2,0	5,9	5,0
15,84	1,60	2,0	5,9	5,0
15,87	1,62	2,0	5,9	5,0
15,89	1,63	2,0	5,9	5,0
15,92	1,65	2,0	5,9	5,0
15,94	1,68	2,0	5,9	5,0
15,97	1,70	2,0	5,9	5,0
15,99	1,71	2,0	5,9	5,0
16,01	1,72	2,0	5,9	5,0
16,04	1,75	2,0	5,9	5,0
16,06	1,77	2,0	5,9	5,0
16,09	1,78	2,0	5,9	5,0
16,11	1,80	2,0	5,9	5,0
16,14	1,83	2,0	5,9	5,0
16,16	1,84	2,0	5,9	5,0
16,19	1,85	2,0	5,9	5,0
16,21	1,87	2,0	5,9	5,0
16,23	1,90	2,0	5,9	5,0
16,26	1,92	2,0	5,9	5,0
16,28	1,93	2,0	5,9	5,0
16,31	1,94	2,0	5,9	5,0
16,33	1,97	2,0	5,9	5,0
16,36	1,99	2,0	5,9	5,0
16,38	2,00	2,0	5,9	5,0
16,41	2,02	2,0	5,9	5,0
16,43	2,05	2,0	5,9	5,0
16,45	2,06	2,0	5,9	5,0
16,48	2,07	2,0	5,9	5,0
16,50	2,08	2,0	5,9	5,0
16,53	2,11	2,0	5,9	5,0
16,55	2,13	2,0	5,9	5,0
16,58	2,14	2,0	5,9	5,0
16,60	2,16	2,0	5,9	5,0
16,63	2,19	2,0	5,9	5,0
16,65	2,21	2,0	5,9	5,0
16,67	2,22	2,0	5,9	5,0
16,70	2,23	2,0	5,9	5,0
16,72	2,26	2,0	5,9	5,0
16,75	2,28	2,0	5,9	5,0
16,77	2,29	2,0	5,9	5,0
16,80	2,31	2,0	5,9	5,0
16,82	2,33	2,0	5,9	5,0
16,84	2,36	2,0	5,9	5,0
16,87	2,37	2,0	5,9	5,0
16,89	2,39	2,0	5,9	5,0
16,92	2,41	2,0	5,9	5,0
16,94	2,43	2,0	5,9	5,0
16,97	2,45	2,0	5,9	5,0
16,99	2,46	2,0	5,9	5,0
17,02	2,49	2,0	5,9	5,0
17,04	2,51	2,0	5,9	5,0
17,06	2,53	2,0	5,9	5,0
17,09	2,55	2,0	5,9	5,0
17,11	2,56	2,0	5,9	5,0
17,14	2,59	2,0	5,9	5,0
17,16	2,62	2,0	5,9	5,0
17,19	2,62	2,0	5,9	5,0
17,21	2,64	2,0	5,9	5,0
17,24	2,67	2,0	5,9	5,0
17,26	2,69	2,0	5,9	5,0
17,28	2,70	2,0	5,9	5,0
17,31	2,72	2,0	5,9	5,0
17,33	2,75	2,0	5,9	5,0
17,36	2,77	2,0	5,9	5,0
17,38	2,78	2,0	5,9	5,0
17,41	2,80	2,0	5,9	5,0
17,43	2,82	2,0	5,9	5,0
17,46	2,84	2,0	5,9	5,0
17,48	2,87	2,0	5,9	5,0
17,50	2,88	2,0	5,9	5,0
17,53	2,90	2,0	5,9	5,0
17,55	2,92	2,0	5,9	5,0
17,58	2,95	2,0	5,9	5,0
17,60	2,96	2,0	5,9	5,0
17,63	2,97	2,0	5,9	5,0
17,65	3,00	2,0	5,9	5,0
17,68	3,02	2,0	5,9	5,0
17,70	3,03	2,0	5,9	5,0
17,72	3,05	2,0	5,9	5,0
17,75	3,08	2,0	5,9	5,0
17,77	3,10	2,0	5,9	5,0
17,80	3,11	2,0	5,9	5,0
17,82	3,13	2,0	5,9	5,0
17,85	3,16	2,0	5,9	5,0
17,87	3,19	2,0	5,9	5,0
17,89	3,19	2,0	5,9	5,0
17,92	3,21	2,0	5,9	5,0
17,94	3,24	2,0	5,9	5,0
17,97	3,26	2,0	5,9	5,0
17,99	3,27	2,0	5,9	5,0
18,02	3,29	2,0	5,9	5,0
18,04	3,32	2,0	5,9	5,0
18,07	3,34	2,0	5,9	5,0
18,09	3,35	2,0	5,9	5,0
18,11	3,37	2,0	5,9	5,0
18,14	3,40	2,0	5,9	5,0
18,16	3,42	2,0	5,9	5,0
18,19	3,43	2,0	5,9	5,0
18,21	3,45	2,0	5,9	5,0
18,24	3,49	2,0	5,9	5,0
18,26	3,51	2,0	5,9	5,0
18,29	3,51	2,0	5,9	5,0
18,31	3,53	2,0	5,9	5,0
18,33	3,56	2,0	5,9	5,0
18,36	3,58	2,0	5,9	5,0
18,38	3,59	2,0	5,9	5,0
18,41	3,60	2,0	5,9	5,0
18,43	3,64	2,0	5,9	5,0
18,46	3,66	2,0	5,9	5,0
18,48	3,66	2,0	5,9	5,0
18,51	3,68	2,0	5,9	5,0
18,53	3,71	2,0	5,9	5,0
18,55	3,73	2,0	5,9	5,0
18,58	3,74	2,0	5,9	5,0
18,60	3,76	2,0	5,9	5,0
18,63	3,79	2,0	5,9	5,0
18,65	3,80	2,0	5,9	5,0
18,68	3,81	2,0	5,9	5,0
18,70	3,83	2,0	5,9	5,0
18,73	3,86	2,0	5,9	5,0
18,75	3,88	2,0	5,9	5,0
18,77	3,89	2,0	5,9	5,0
18,80	3,91	2,0	5,9	5,0
18,82	3,93	2,0	5,9	5,0
18,85	3,95	2,0	5,9	5,0
18,87	3,96	2,0	5,9	5,0
18,90	3,97	2,0	5,9	5,0
18,92	4,00	2,0	5,9	5,0
18,94	4,02	2,0	5,9	5,0
18,97	4,03	2,0	5,9	5,0
18,99	4,05	2,0	5,9	5,0
19,02	4,07	2,0	5,9	5,0
19,04	4,08	2,0	5,9	5,0
19,07	4,10	2,0	5,9	5,0
19,09	4,12	2,0	5,9	5,0
19,12	4,13	2,0	5,9	5,0
19,14	4,15	2,0	5,9	5,0
19,16	4,16	2,0	5,9	5,0
19,19	4,18	2,0	5,9	5,0
19,21	4,20	2,0	5,9	5,0
19,24	4,22	2,0	5,9	5,0
19,26	4,24	2,0	5,9	5,0
19,29	4,25	2,0	5,9	5,0
19,31	4,26	2,0	5,9	5,0
19,34	4,28	2,0	5,9	5,0
19,36	4,30	2,0	5,9	5,0
19,38	4,31	2,0	5,9	5,0
19,41	4,32	2,0	5,9	5,0
19,43	4,35	2,0	5,9	5,0
19,46	4,36	2,0	5,9	5,0
19,48	4,37	2,0	5,9	5,0
19,51	4,38	2,0	5,9	5,0
19,53	4,41	2,0	5,9	5,0
19,56	4,42	2,0	5,9	5,0
19,58	4,43	2,0	5,9	5,0
19,60	4,43	2,0	5,9	5,0
19,63	4,46	2,0	5,9	5,0
19,65	4,47	2,0	5,9	5,0
19,68	4,47	2,0	5,9	5,0
19,70	4,49	2,0	5,9	5,0
19,73	4,51	2,0	5,9	5,0
19,75	4,52	2,0	5,9	5,0
19,78	4,53	2,0	5,9	5,0
19,80	4,54	2,0	5,9	5,0
19,82	4,56	2,0	5,9	5,0
19,85	4,57	2,0	5,9	5,0
19,87	4,58	2,0	5,9	5,0
19,90	4,59	2,0	5,9	5,0
19,92	4,60	2,0	5,9	5,0
19,95	4,62	2,0	5,9	5,0
19,97	4,64	2,0	5,9	5,0
19,99	4,64	2,0	5,9	5,0
20,02	4,65	2,0	5,9	5,0
20,04	4,67	2,0	5,9	5,0
20,07	4,68	2,0	5,9	5,0
20,09	4,68	2,0	5,9	5,0
20,12	4,69	2,0	5,9	5,0
20,14	4,72	2,0	5,9	5,0
20,17	4,73	2,0	5,9	5,0
20,19	4,73	2,0	5,9	5,0
20,21	4,74	2,0	5,9	5,0
20,24	4,76	2,0	5,9	5,0
20,26	4,78	2,0	5,9	5,0
20,29	4,78	2,0	5,9	5,0
20,31	4,78	2,0	5,9	5,0
20,34	4,81	2,0	5,9	5,0
20,36	4,82	2,0	5,9	5,0
20,39	4,82	2,0	5,9	5,0
20,41	4,83	2,0	5,9	5,0
20,43	4,85	2,0	5,9	5,0
20,46	4,86	2,0	5,9	5,0
20,48	4,86	2,0	5,9	5,0
20,51	4,87	2,0	5,9	5,0
20,53	4,89	2,0	5,9	5,0
20,56	4,90	2,0	5,9	5,0
20,58	4,90	2,0	5,9	5,0
20,61	4,92	2,0	5,9	5,0
20,63	4,94	2,0	5,9	5,0
20,65	4,95	2,0	5,9	5,0
20,68	4,95	2,0	5,9	5,0
20,70	4,96	2,0	5,9	5,0
20,73	4,98	2,0	5,9	5,0
20,75	4,99	2,0	5,9	5,0
20,78	4,99	2,0	5,9	5,0
20,80	5,00	2,0	5,9	5,0
20,83	5,02	2,0	5,9	5,0
20,85	5,03	2,0	5,9	5,0
20,87	5,03	2,0	5,9	5,0
20,90	5,04	2,0	5,9	5,0
20,92	5,06	2,0	5,9	5,0
20,95	5,07	2,0	5,9	5,0
20,97	5,08	2,0	5,9	5,0
21,00	5,09	2,0	5,9	5,0
21,02	5,10	2,0	5,9	5,0
21,05	5,11	2,0	5,9	5,0
21,07	5,11	2,0	5,9	5,0
21,09	5,13	2,0	5,9	5,0
21,12	5,14	2,0	5,9	5,0
21,14	5,14	2,0	5,9	5,0
21,17	5,15	2,0	5,9	5,0
21,19	5,17	2,0	5,9	5,0
21,22	5,18	2,0	5,9	5,0
21,24	5,18	2,0	5,9	5,0
21,26	5,19	2,0	5,9	5,0
21,29	5,20	2,0	5,9	5,0
21,31	5,21	2,0	5,9	5,0
21,34	5,21	2,0	5,9	5,0
21,36	5,22	2,0	5,9	5,0
21,39	5,24	2,0	5,9	5,0
21,41	5,25	2,0	5,9	5,0
21,44	5,25	2,0	5,9	5,0
21,46	5,26	2,0	5,9	5,0
21,48	5,28	2,0	5,9	5,0
21,51	5,28	2,0	5,9	5,0
21,53	5,28	2,0	5,9	5,0
21,56	5,29	2,0	5,9	5,0
21,58	5,30	2,0	5,9	5,0
21,61	5,31	2,0	5,9	5,0
21,63	5,31	2,0	5,9	5,0
21,66	5,32	2,0	5,9	5,0
21,68	5,33	2,0	5,9	5,0
21,70	5,33	2,0	5,9	5,0
21,73	5,35	2,0	5,9	5,0
21,75	5,35	2,0	5,9	5,0
21,78	5,36	2,0	5,9	5,0
21,80	5,37	2,0	5,9	5,0
21,83	5,38	2,0	5,9	5,0
21,85	5,39	2,0	5,9	5,0
21,88	5,39	2,0	5,9	5,0
21,90	5,40	2,0	5,9	5,0
21,92	5,41	2,0	5,9	5,0
21,95	5,42	2,0	5,9	5,0
21,97	5,42	2,0	5,9	5,0
22,00	5,44	2,0	5,9	5,0
22,02	5,44	2,0	5,9	5,0
22,05	5,45	2,0	5,9	5,0
22,07	5,45	2,0	5,9	5,0
22,10	5,46	2,0	5,9	5,0
22,12	5,47	2,0	5,9	5,0
22,14	5,48	2,0	5,9	5,0
22,17	5,48	2,0	5,9	5,0
22,19	5,50	2,0	5,9	5,0
22,22	5,50	2,0	5,9	5,0
22,24	5,51	2,0	5,9	5,0
22,27	5,51	2,0	5,9	5,0
22,29	5,53	2,0	5,9	5,0
22,31	5,54	2,0	5,9	5,0
22,34	5,55	2,0	5,9	5,0
22,36	5,56	2,0	5,9	5,0
22,39	5,55	2,0	5,9	5,0
22,41	5,56	2,0	5,9	5,0
22,44	5,58	2,0	5,9	5,0
22,46	5,58	2,0	5,9	5,0
22,49	5,58	2,0	5,9	5,0
22,51	5,59	2,0	5,9	5,0
22,53	5,60	2,0	5,9	5,0
22,56	5,61	2,0	5,9	5,0
22,58	5,61	2,0	5,9	5,0
22,61	5,62	2,0	5,9	5,0
22,63	5,64	2,0	5,9	5,0
22,66	5,64	2,0	5,9	5,0
22,68	5,64	2,0	5,9	5,0
22,71	5,65	2,0	5,9	5,0
22,73	5,66	2,0	5,9	5,0
22,75	5,67	2,0	5,9	5,0
22,78	5,67	2,0	5,9	5,0
22,80	5,68	2,0	5,9	5,0
22,83	5,70	2,0	5,9	5,0
22,85	5,70	2,0	5,9	5,0
22,88	5,70	2,0	5,9	5,0
22,90	5,72	2,0	5,9	5,0
22,93	5,72	2,0	5,9	5,0
22,95	5,73	2,0	5,9	5,0
22,97	5,73	2,0	5,9	5,0
23,00	5,74	2,0	5,9	5,0
23,02	5,75	2,0	5,9	5,0
23,05	5,75	2,0	5,9	5,0
23,07	5,76	2,0	5,9	5,0
23,10	5,78	2,0	5,9	5,0
23,12	5,79	2,0	5,9	5,0
23,15	5,79	2,0	5,9	5,0
23,17	5,79	2,0	5,9	5,0
23,19	5,80	2,0	5,9	5,0
23,22	5,81	2,0	5,9	5,0
23,24	5,81	2,0	5,9	5,0
23,27	5,82	2,0	5,9	5,0
23,29	5,84	2,0	5,9	5,0
23,32	5,84	2,0	5,9	5,0
23,34	5,84	2,0	5,9	5,0
23,36	5,84	2,0	5,9	5,0
23,39	5,87	2,0	5,9	5,0
23,41	5,87	2,0	5,9	5,0
23,44	5,86	2,0	5,9	5,0
23,46	5,87	2,0	5,9	5,0
23,49	5,89	2,0	5,9	5,0
23,51	5,90	2,0	5,9	5,0
23,54	5,89	2,0	5,9	5,0
23,56	5,90	2,0	5,9	5,0
23,58	5,92	2,0	5,9	5,0
23,61	5,92	2,0	5,9	5,0
23,63	5,92	2,0	5,9	5,0
23,66	5,92	2,0	5,9	5,0
23,68	5,94	2,0	5,9	5,0
23,71	5,95	2,0	5,9	5,0
23,73	5,95	2,0	5,9	5,0
23,76	5,95	2,0	5,9	5,0
23,78	5,98	2,0	5,9	5,0
23,80	5,98	2,0	5,9	5,0
23,83	5,98	2,0	5,9	5,0
23,85	5,99	2,0	5,9	5,0
23,88	6,00	2,0	5,9	5,0
23,90	6,01	2,0	5,9	5,0
23,93	6,00	2,0	5,9	5,0
23,95	6,01	2,0	5,9	5,0
23,98	6,03	2,0	5,9	5,0
24,00	6,03	2,0	5,9	5,0
24,02	6,03	2,0	5,9	5,0
24,05	6,04	2,0	5,9	5,0
24,07	6,06	2,0	5,9	5,0
24,10	6,07	2,0	5,9	5,0
24,12	6,07	2,0	5,9	5,0
24,15	6,07	2,0	5,9	5,0
24,17	6,07	2,0	5,9	5,0
24,20	6,09	2,0	5,9	5,0
24,22	6,09	2,0	5,9	5,0
24,24	6,10	2,0	5,9	5,0
24,27	6,10	2,0	5,9	5,0
24,29	6,12	2,0	5,9	5,0
24,32	6,12	2,0	5,9	5,0
24,34	6,12	2,0	5,9	5,0
24,37	6,13	2,0	5,9	5,0
24,39	6,14	2,0	5,9	5,0
24,42	6,14	2,0	5,9	5,0
24,44	6,14	2,0	5,9	5,0
24,46	6,15	2,0	5,9	5,0
24,49	6,16	2,0	5,9	5,0
24,51	6,17	2,0	5,9	5,0
24,54	6,17	2,0	5,9	5,0
24,56	6,18	2,0	5,9	5,0
24,59	6,19	2,0	5,9	5,0
24,61	6,20	2,0	5,9	5,0
24,63	6,19	2,0	5,9	5,0
24,66	6,20	2,0	5,9	5,0
24,68	6,21	2,0	5,9	5,0
24,71	6,22	2,0	5,9	5,0
24,73	6,22	2,0	5,9	5,0
24,76	6,23	2,0	5,9	5,0
24,78	6,23	2,0	5,9	5,0
24,81	6,24	2,0	5,9	5,0
24,83	6,25	2,0	5,9	5,0
24,85	6,25	2,0	5,9	5,0
24,88	6,25	2,0	5,9	5,0
24,90	6,26	2,0	5,9	5,0
24,93	6,27	2,0	5,9	5,0
24,95	6,27	2,0	5,9	5,0
24,98	6,27	2,0	5,9	5,0
25,00	6,29	2,0	5,9	5,0
25,03	6,29	2,0	5,9	5,0
25,05	6,29	2,0	5,9	5,0
25,07	6,29	2,0	5,9	5,0
25,10	6,31	2,0	5,9	5,0
25,12	6,31	2,0	5,9	5,0
25,15	6,31	2,0	5,9	5,0
25,17	6,31	2,0	5,9	5,0
25,20	6,33	2,0	5,9	5,0
25,22	6,33	2,0	5,9	5,0
25,25	6,33	2,0	5,9	5,0
25,27	6,33	2,0	5,9	5,0
25,29	6,35	2,0	5,9	5,0
25,32	6,35	2,0	5,9	5,0
25,34	6,34	2,0	5,9	5,0
25,37	6,35	2,0	5,9	5,0
25,39	6,36	2,0	5,9	5,0
25,42	6,36	2,0	5,9	5,0
25,44	6,36	2,0	5,9	5,0
25,47	6,36	2,0	5,9	5,0
25,49	6,38	2,0	5,9	5,0
25,51	6,38	2,0	5,9	5,0
25,54	6,37	2,0	5,9	5,0
25,56	6,38	2,0	5,9	5,0
25,59	6,39	2,0	5,9	5,0
25,61	6,39	2,0	5,9	5,0
25,64	6,38	2,0	5,9	5,0
25,66	6,39	2,0	5,9	5,0
25,68	6,41	2,0	5,9	5,0
25,71	6,41	2,0	5,9	5,0
25,73	6,40	2,0	5,9	5,0
25,76	6,41	2,0	5,9	5,0
25,78	6,42	2,0	5,9	5,0
25,81	6,42	2,0	5,9	5,0
25,83	6,41	2,0	5,9	5,0
25,86	6,41	2,0	5,9	5,0
25,88	6,43	2,0	5,9	5,0
25,90	6,43	2,0	5,9	5,0
25,93	6,42	2,0	5,9	5,0
25,95	6,43	2,0	5,9	5,0
25,98	6,44	2,0	5,9	5,0
26,00	6,45	2,0	5,9	5,0
26,03	6,44	2,0	5,9	5,0
26,05	6,45	2,0	5,9	5,0
26,08	6,46	2,0	5,9	5,0
26,10	6,45	2,0	5,9	5,0
26,12	6,45	2,0	5,9	5,0
26,15	6,46	2,0	5,9	5,0
26,17	6,47	2,0	5,9	5,0
26,20	6,47	2,0	5,9	5,0
26,22	6,47	2,0	5,9	5,0
26,25	6,48	2,0	5,9	5,0
26,27	6,49	2,0	5,9	5,0
26,30	6,49	2,0	5,9	5,0
26,32	6,49	2,0	5,9	5,0
26,34	6,49	2,0	5,9	5,0
26,37	6,50	2,0	5,9	5,0
26,39	6,50	2,0	5,9	5,0
26,42	6,50	2,0	5,9	5,0
26,44	6,51	2,0	5,9	5,0
26,47	6,52	2,0	5,9	5,0
26,49	6,52	2,0	5,9	5,0
26,52	6,52	2,0	5,9	5,0
26,54	6,53	2,0	5,9	5,0
26,56	6,54	2,0	5,9	5,0
26,59	6,55	2,0	5,9	5,0
26,61	6,55	2,0	5,9	5,0
26,64	6,55	2,0	5,9	5,0
26,66	6,55	2,0	5,9	5,0
26,69	6,56	2,0	5,9	5,0
26,71	6,57	2,0	5,9	5,0
26,73	6,56	2,0	5,9	5,0
26,76	6,57	2,0	5,9	5,0
26,78	6,58	2,0	5,9	5,0
26,81	6,58	2,0	5,9	5,0
26,83	6,58	2,0	5,9	5,0
26,86	6,58	2,0	5,9	5,0
26,88	6,60	2,0	5,9	5,0
26,91	6,60	2,0	5,9	5,0
26,93	6,60	2,0	5,9	5,0
26,95	6,61	2,0	5,9	5,0
26,98	6,62	2,0	5,9	5,0
27,00	6,62	2,0	5,9	5,0
27,03	6,62	2,0	5,9	5,0
27,05	6,61	2,0	5,9	5,0
27,08	6,63	2,0	5,9	5,0
27,10	6,63	2,0	5,9	5,0
27,13	6,63	2,0	5,9	5,0
27,15	6,64	2,0	5,9	5,0
27,17	6,65	2,0	5,9	5,0
27,20	6,65	2,0	5,9	5,0
27,22	6,65	2,0	5,9	5,0
27,25	6,64	2,0	5,9	5,0
27,27	6,65	2,0	5,9	5,0
27,30	6,66	2,0	5,9	5,0
27,32	6,67	2,0	5,9	5,0
27,35	6,67	2,0	5,9	5,0
27,37	6,67	2,0	5,9	5,0
27,39	6,69	2,0	5,9	5,0
27,42	6,69	2,0	5,9	5,0
27,44	6,68	2,0	5,9	5,0
27,47	6,69	2,0	5,9	5,0
27,49	6,70	2,0	5,9	5,0
27,52	6,71	2,0	5,9	5,0
27,54	6,70	2,0	5,9	5,0
27,57	6,70	2,0	5,9	5,0
27,59	6,72	2,0	5,9	5,0
27,61	6,73	2,0	5,9	5,0
27,64	6,72	2,0	5,9	5,0
27,66	6,73	2,0	5,9	5,0
27,69	6,74	2,0	5,9	5,0
27,71	6,75	2,0	5,9	5,0
27,74	6,74	2,0	5,9	5,0
27,76	6,74	2,0	5,9	5,0
27,78	6,76	2,0	5,9	5,0
27,81	6,76	2,0	5,9	5,0
27,83	6,75	2,0	5,9	5,0
27,86	6,76	2,0	5,9	5,0
27,88	6,77	2,0	5,9	5,0
27,91	6,77	2,0	5,9	5,0
27,93	6,77	2,0	5,9	5,0
27,96	6,78	2,0	5,9	5,0
27,98	6,79	2,0	5,9	5,0
28,00	6,79	2,0	5,9	5,0
28,03	6,78	2,0	5,9	5,0
28,05	6,79	2,0	5,9	5,0
28,08	6,81	2,0	5,9	5,0
28,10	6,81	2,0	5,9	5,0
28,13	6,81	2,0	5,9	5,0
28,15	6,82	2,0	5,9	5,0
28,18	6,83	2,0	5,9	5,0
28,20	6,82	2,0	5,9	5,0
28,22	6,82	2,0	5,9	5,0
28,25	6,83	2,0	5,9	5,0
28,27	6,83	2,0	5,9	5,0
28,30	6,83	2,0	5,9	5,0
28,32	6,83	2,0	5,9	5,0
28,35	6,84	2,0	5,9	5,0
28,37	6,85	2,0	5,9	5,0
28,40	6,85	2,0	5,9	5,0
28,42	6,85	2,0	5,9	5,0
28,44	6,86	2,0	5,9	5,0
28,47	6,87	2,0	5,9	5,0
28,49	6,86	2,0	5,9	5,0
28,52	6,86	2,0	5,9	5,0
28,54	6,87	2,0	5,9	5,0
28,57	6,88	2,0	5,9	5,0
28,59	6,88	2,0	5,9	5,0
28,62	6,88	2,0	5,9	5,0
28,64	6,89	2,0	5,9	5,0
28,66	6,90	2,0	5,9	5,0
28,69	6,89	2,0	5,9	5,0
28,71	6,89	2,0	5,9	5,0
28,74	6,90	2,0	5,9	5,0
28,76	6,90	2,0	5,9	5,0
28,79	6,90	2,0	5,9	5,0
28,81	6,91	2,0	5,9	5,0
28,84	6,92	2,0	5,9	5,0
28,86	6,92	2,0	5,9	5,0
28,88	6,92	2,0	5,9	5,0
28,91	6,92	2,0	5,9	5,0
28,93	6,94	2,0	5,9	5,0
28,96	6,94	2,0	5,9	5,0
28,98	6,93	2,0	5,9	5,0
29,01	6,93	2,0	5,9	5,0
29,03	6,93	2,0	5,9	5,0
29,05	6,94	2,0	5,9	5,0
29,08	6,95	2,0	5,9	5,0
29,10	6,95	2,0	5,9	5,0
29,13	6,95	2,0	5,9	5,0
29,15	6,96	2,0	5,9	5,0
29,18	6,97	2,0	5,9	5,0
29,20	6,96	2,0	5,9	5,0
29,23	6,96	2,0	5,9	5,0
29,25	6,97	2,0	5,9	5,0
29,27	6,98	2,0	5,9	5,0
29,30	6,98	2,0	5,9	5,0
29,32	6,98	2,0	5,9	5,0
29,35	6,99	2,0	5,9	5,0
29,37	7,00	2,0	5,9	5,0
29,40	6,99	2,0	5,9	5,0
29,42	6,99	2,0	5,9	5,0
29,45	7,00	2,0	5,9	5,0
29,47	7,00	2,0	5,9	5,0
29,49	6,99	2,0	5,9	5,0
29,52	6,99	2,0	5,9	5,0
29,54	6,99	2,0	5,9	5,0
29,57	7,00	2,0	5,9	5,0
29,59	6,99	2,0	5,9	5,0
29,62	6,98	2,0	5,9	5,0
29,64	6,99	2,0	5,9	5,0
29,67	6,98	2,0	5,9	5,0
29,69	6,99	2,0	5,9	5,0
29,71	6,98	2,0	5,9	5,0
29,74	6,96	2,0	5,9	5,0
29,76	6,96	2,0	5,9	5,0
29,79	6,96	2,0	5,9	5,0
29,81	6,95	2,0	5,9	5,0
29,84	6,93	2,0	5,9	5,0
29,86	6,92	2,0	5,9	5,0
29,89	6,92	2,0	5,9	5,0
29,91	6,90	2,0	5,9	5,0
29,93	6,88	2,0	5,9	5,0
29,96	6,86	2,0	5,9	5,0
29,98	6,85	2,0	5,9	5,0
30,01	6,83	2,0	5,9	5,0
30,03	6,81	2,0	5,9	5,0
30,06	6,79	2,0	5,9	5,0
30,08	6,77	2,0	5,9	5,0
30,10	6,74	2,0	5,9	5,0
30,13	6,71	2,0	5,9	5,0
30,15	6,69	2,0	5,9	5,0
30,18	6,65	2,0	5,9	5,0
30,20	6,62	2,0	5,9	5,0
30,23	6,59	2,0	5,9	5,0
30,25	6,56	2,0	5,9	5,0
30,28	6,53	2,0	5,9	5,0
30,30	6,49	2,0	5,9	5,0
30,32	6,46	2,0	5,9	5,0
30,35	6,43	2,0	5,9	5,0
30,37	6,39	2,0	5,9	5,0
30,40	6,35	2,0	5,9	5,0
30,42	6,31	2,0	5,9	5,0
30,45	6,28	2,0	5,9	5,0
30,47	6,24	2,0	5,9	5,0
30,50	6,20	2,0	5,9	5,0
30,52	6,16	2,0	5,9	5,0
30,54	6,13	2,0	5,9	5,0
30,57	6,09	2,0	5,9	5,0
30,59	6,04	2,0	5,9	5,0
30,62	6,00	2,0	5,9	5,0
30,64	5,97	2,0	5,9	5,0
30,67	5,93	2,0	5,9	5,0
30,69	5,88	2,0	5,9	5,0
30,72	5,85	2,0	5,9	5,0
30,74	5,82	2,0	5,9	5,0
30,76	5,78	2,0	5,9	5,0
30,79	5,74	2,0	5,9	5,0
30,81	5,70	2,0	5,9	5,0
30,84	5,68	2,0	5,9	5,0
30,86	5,65	2,0	5,9	5,0
30,89	5,59	2,0	5,9	5,0
30,91	5,57	2,0	5,9	5,0
30,94	5,54	2,0	5,9	5,0
30,96	5,51	2,0	5,9	5,0
30,98	5,47	2,0	5,9	5,0
31,01	5,44	2,0	5,9	5,0
31,03	5,42	2,0	5,9	5,0
31,06	5,39	2,0	5,9	5,0
31,08	5,35	2,0	5,9	5,0
31,11	5,32	2,0	5,9	5,0
31,13	5,30	2,0	5,9	5,0
31,15	5,27	2,0	5,9	5,0
31,18	5,24	2,0	5,9	5,0
31,20	5,22	2,0	5,9	5,0
31,23	5,21	2,0	5,9	5,0
31,25	5,18	2,0	5,9	5,0
31,28	5,15	2,0	5,9	5,0
31,30	5,13	2,0	5,9	5,0
31,33	5,12	2,0	5,9	5,0
31,35	5,09	2,0	5,9	5,0
31,37	5,06	2,0	5,9	5,0
31,40	5,04	2,0	5,9	5,0
31,42	5,04	2,0	5,9	5,0
31,45	5,02	2,0	5,9	5,0
31,47	5,01	2,0	5,9	5,0
31,50	4,99	2,0	5,9	5,0
31,52	4,97	2,0	5,9	5,0
31,55	4,97	2,0	5,9	5,0
31,57	4,95	2,0	5,9	5,0
31,59	4,93	2,0	5,9	5,0
31,62	4,92	2,0	5,9	5,0
31,64	4,92	2,0	5,9	5,0
31,67	4,91	2,0	5,9	5,0
31,69	4,90	2,0	5,9	5,0
31,72	4,89	2,0	5,9	5,0
31,74	4,89	2,0	5,9	5,0
31,77	4,88	2,0	5,9	5,0
31,79	4,87	2,0	5,9	5,0
31,81	4,87	2,0	5,9	5,0
31,84	4,87	2,0	5,9	5,0
31,86	4,87	2,0	5,9	5,0
31,89	4,85	2,0	5,9	5,0
31,91	4,86	2,0	5,9	5,0
31,94	4,87	2,0	5,9	5,0
31,96	4,86	2,0	5,9	5,0
31,99	4,85	2,0	5,9	5,0
32,01	4,85	2,0	5,9	5,0
32,03	4,86	2,0	5,9	5,0
32,06	4,86	2,0	5,9	5,0
32,08	4,85	2,0	5,9	5,0
32,11	4,85	2,0	5,9	5,0
32,13	4,85	2,0	5,9	5,0
32,16	4,86	2,0	5,9	5,0
32,18	4,87	2,0	5,9	5,0
32,20	4,86	2,0	5,9	5,0
32,23	4,87	2,0	5,9	5,0
32,25	4,88	2,0	5,9	5,0
32,28	4,88	2,0	5,9	5,0
32,30	4,88	2,0	5,9	5,0
32,33	4,88	2,0	5,9	5,0
32,35	4,89	2,0	5,9	5,0
32,38	4,90	2,0	5,9	5,0
32,40	4,89	2,0	5,9	5,0
32,42	4,90	2,0	5,9	5,0
32,45	4,92	2,0	5,9	5,0
32,47	4,92	2,0	5,9	5,0
32,50	4,92	2,0	5,9	5,0
32,52	4,92	2,0	5,9	5,0
32,55	4,94	2,0	5,9	5,0
32,57	4,94	2,0	5,9	5,0
32,60	4,94	2,0	5,9	5,0
32,62	4,95	2,0	5,9	5,0
32,64	4,96	2,0	5,9	5,0
32,67	4,97	2,0	5,9	5,0
32,69	4,97	2,0	5,9	5,0
32,72	4,98	2,0	5,9	5,0
32,74	5,00	2,0	5,9	5,0
32,77	5,00	2,0	5,9	5,0
32,79	5,00	2,0	5,9	5,0
32,82	5,01	2,0	5,9	5,0
32,84	5,02	2,0	5,9	5,0
32,86	5,03	2,0	5,9	5,0
32,89	5,03	2,0	5,9	5,0
32,91	5,04	2,0	5,9	5,0
32,94	5,06	2,0	5,9	5,0
32,96	5,06	2,0	5,9	5,0
32,99	5,06	2,0	5,9	5,0
33,01	5,08	2,0	5,9	5,0
33,04	5,10	2,0	5,9	5,0
33,06	5,10	2,0	5,9	5,0
33,08	5,10	2,0	5,9	5,0
33,11	5,12	2,0	5,9	5,0
33,13	5,14	2,0	5,9	5,0
33,16	5,14	2,0	5,9	5,0
33,18	5,15	2,0	5,9	5,0
33,21	5,16	2,0	5,9	5,0
33,23	5,18	2,0	5,9	5,0
33,26	5,19	2,0	5,9	5,0
33,28	5,19	2,0	5,9	5,0
33,30	5,21	2,0	5,9	5,0
33,33	5,23	2,0	5,9	5,0
33,35	5,24	2,0	5,9	5,0
33,38	5,24	2,0	5,9	5,0
33,40	5,26	2,0	5,9	5,0
33,43	5,29	2,0	5,9	5,0
33,45	5,30	2,0	5,9	5,0
33,47	5,31	2,0	5,9	5,0
33,50	5,33	2,0	5,9	5,0
33,52	5,35	2,0	5,9	5,0
33,55	5,36	2,0	5,9	5,0
33,57	5,38	2,0	5,9	5,0
33,60	5,40	2,0	5,9	5,0
33,62	5,43	2,0	5,9	5,0
33,65	5,44	2,0	5,9	5,0
33,67	5,46	2,0	5,9	5,0
33,69	5,48	2,0	5,9	5,0
33,72	5,51	2,0	5,9	5,0
33,74	5,52	2,0	5,9	5,0
33,77	5,54	2,0	5,9	5,0
33,79	5,56	2,0	5,9	5,0
33,82	5,59	2,0	5,9	5,0
33,84	5,61	2,0	5,9	5,0
33,87	5,63	2,0	5,9	5,0
33,89	5,66	2,0	5,9	5,0
33,91	5,68	2,0	5,9	5,0
33,94	5,72	2,0	5,9	5,0
33,96	5,75	2,0	5,9	5,0
33,99	5,76	2,0	5,9	5,0
34,01	5,79	2,0	5,9	5,0
34,04	5,82	2,0	5,9	5,0
34,06	5,85	2,0	5,9	5,0
34,09	5,87	2,0	5,9	5,0
34,11	5,90	2,0	5,9	5,0
34,13	5,94	2,0	5,9	5,0
34,16	5,97	2,0	5,9	5,0
34,18	5,99	2,0	5,9	5,0
34,21	6,02	2,0	5,9	5,0
34,23	6,06	2,0	5,9	5,0
34,26	6,08	2,0	5,9	5,0
34,28	6,11	2,0	5,9	5,0
34,31	6,14	2,0	5,9	5,0
34,33	6,18	2,0	5,9	5,0
34,35	6,21	2,0	5,9	5,0
34,38	6,24	2,0	5,9	5,0
34,40	6,27	2,0	5,9	5,0
34,43	6,31	2,0	5,9	5,0
34,45	6,34	2,0	5,9	5,0
34,48	6,37	2,0	5,9	5,0
34,50	6,40	2,0	5,9	5,0
34,52	6,44	2,0	5,9	5,0
34,55	6,47	2,0	5,9	5,0
34,57	6,50	2,0	5,9	5,0
34,60	6,52	2,0	5,9	5,0
34,62	6,56	2,0	5,9	5,0
34,65	6,60	2,0	5,9	5,0
34,67	6,64	2,0	5,9	5,0
34,70	6,65	2,0	5,9	5,0
34,72	6,69	2,0	5,9	5,0
34,74	6,73	2,0	5,9	5,0
34,77	6,76	2,0	5,9	5,0
34,79	6,78	2,0	5,9	5,0
34,82	6,82	2,0	5,9	5,0
34,84	6,87	2,0	5,9	5,0
34,87	6,89	2,0	5,9	5,0
34,89	6,92	2,0	5,9	5,0
34,92	6,96	2,0	5,9	5,0
34,94	7,00	2,0	5,9	5,0
34,96	7,03	2,0	5,9	5,0
34,99	7,05	2,0	5,9	5,0
35,01	7,09	2,0	5,9	5,0
35,04	7,14	2,0	5,9	5,0
35,06	7,16	2,0	5,9	5,0
35,09	7,19	2,0	5,9	5,0
35,11	7,23	2,0	5,9	5,0
35,14	7,28	2,0	5,9	5,0
35,16	7,31	2,0	5,9	5,0
35,18	7,33	2,0	5,9	5,0
35,21	7,36	2,0	5,9	5,0
35,23	7,41	2,0	5,9	5,0
35,26	7,44	2,0	5,9	5,0
35,28	7,47	2,0	5,9	5,0
35,31	7,51	2,0	5,9	5,0
35,33	7,55	2,0	5,9	5,0
35,36	7,59	2,0	5,9	5,0
35,38	7,62	2,0	5,9	5,0
35,40	7,66	2,0	5,9	5,0
35,43	7,71	2,0	5,9	5,0
35,45	7,74	2,0	5,9	5,0
35,48	7,77	2,0	5,9	5,0
35,50	7,81	2,0	5,9	5,0
35,53	7,86	2,0	5,9	5,0
35,55	7,89	2,0	5,9	5,0
35,57	7,93	2,0	5,9	5,0
35,60	7,97	2,0	5,9	5,0
35,62	8,01	2,0	5,9	5,0
35,65	8,04	2,0	5,9	5,0
35,67	8,08	2,0	5,9	5,0
35,70	8,12	2,0	5,9	5,0
35,72	8,16	2,0	5,9	5,0
35,75	8,19	2,0	5,9	5,0
35,77	8,22	2,0	5,9	5,0
35,79	8,27	2,0	5,9	5,0
35,82	8,31	2,0	5,9	5,0
35,84	8,34	2,0	5,9	5,0
35,87	8,39	2,0	5,9	5,0
35,89	8,43	2,0	5,9	5,0
35,92	8,47	2,0	5,9	5,0
35,94	8,50	2,0	5,9	5,0
35,97	8,53	2,0	5,9	5,0
35,99	8,58	2,0	5,9	5,0
36,01	8,62	2,0	5,9	5,0
36,04	8,65	2,0	5,9	5,0
36,06	8,69	2,0	5,9	5,0
36,09	8,73	2,0	5,9	5,0
36,11	8,77	2,0	5,9	5,0
36,14	8,80	2,0	5,9	5,0
36,16	8,84	2,0	5,9	5,0
36,19	8,88	2,0	5,9	5,0
36,21	8,92	2,0	5,9	5,0
36,23	8,95	2,0	5,9	5,0
36,26	8,99	2,0	5,9	5,0
36,28	9,04	2,0	5,9	5,0
36,31	9,08	2,0	5,9	5,0
36,33	9,11	2,0	5,9	5,0
36,36	9,15	2,0	5,9	5,0
36,38	9,18	2,0	5,9	5,0
36,41	9,22	2,0	5,9	5,0
36,43	9,26	2,0	5,9	5,0
36,45	9,29	2,0	5,9	5,0
36,48	9,32	2,0	5,9	5,0
36,50	9,36	2,0	5,9	5,0
36,53	9,40	2,0	5,9	5,0
36,55	9,43	2,0	5,9	5,0
36,58	9,47	2,0	5,9	5,0
36,60	9,51	2,0	5,9	5,0
36,62	9,55	2,0	5,9	5,0
36,65	9,58	2,0	5,9	5,0
36,67	9,62	2,0	5,9	5,0
36,70	9,66	2,0	5,9	5,0
36,72	9,70	2,0	5,9	5,0
36,75	9,73	2,0	5,9	5,0
36,77	9,77	2,0	5,9	5,0
36,80	9,81	2,0	5,9	5,0
36,82	9,85	2,0	5,9	5,0
36,84	9,88	2,0	5,9	5,0
36,87	9,92	2,0	5,9	5,0
36,89	9,96	2,0	5,9	5,0
36,92	9,99	2,0	5,9	5,0
36,94	10,03	2,0	5,9	5,0
36,97	10,06	2,0	5,9	5,0
36,99	10,10	2,0	5,9	5,0
37,02	10,14	2,0	5,9	5,0
37,04	10,18	2,0	5,9	5,0
37,06	10,21	2,0	5,9	5,0
37,09	10,24	2,0	5,9	5,0
37,11	10,28	2,0	5,9	5,0
37,14	10,33	2,0	5,9	5,0
37,16	10,36	2,0	5,9	5,0
37,19	10,39	2,0	5,9	5,0
37,21	10,44	2,0	5,9	5,0
37,24	10,48	2,0	5,9	5,0
37,26	10,51	2,0	5,9	5,0
37,28	10,54	2,0	5,9	5,0
37,31	10,58	2,0	5,9	5,0
37,33	10,62	2,0	5,9	5,0
37,36	10,65	2,0	5,9	5,0
37,38	10,68	2,0	5,9	5,0
37,41	10,72	2,0	5,9	5,0
37,43	10,76	2,0	5,9	5,0
37,46	10,79	2,0	5,9	5,0
37,48	10,82	2,0	5,9	5,0
37,50	10,87	2,0	5,9	5,0
37,53	10,90	2,0	5,9	5,0
37,55	10,93	2,0	5,9	5,0
37,58	10,96	2,0	5,9	5,0
37,60	11,00	2,0	5,9	5,0
37,63	11,04	2,0	5,9	5,0
37,65	11,06	2,0	5,9	5,0
37,68	11,10	2,0	5,9	5,0
37,70	11,14	2,0	5,9	5,0
37,72	11,18	2,0	5,9	5,0
37,75	11,20	2,0	5,9	5,0
37,77	11,24	2,0	5,9	5,0
37,80	11,28	2,0	5,9	5,0
37,82	11,31	2,0	5,9	5,0
37,85	11,34	2,0	5,9	5,0
37,87	11,37	2,0	5,9	5,0
37,89	11,41	2,0	5,9	5,0
37,92	11,45	2,0	5,9	5,0
37,94	11,48	2,0	5,9	5,0
37,97	11,51	2,0	5,9	5,0
37,99	11,56	2,0	5,9	5,0
38,02	11,59	2,0	5,9	5,0
38,04	11,61	2,0	5,9	5,0
38,07	11,65	2,0	5,9	5,0
38,09	11,69	2,0	5,9	5,0
38,11	11,72	2,0	5,9	5,0
38,14	11,74	2,0	5,9	5,0
38,16	11,78	2,0	5,9	5,0
38,19	11,82	2,0	5,9	5,0
38,21	11,85	2,0	5,9	5,0
38,24	11,88	2,0	5,9	5,0
38,26	11,91	2,0	5,9	5,0
38,29	11,96	2,0	5,9	5,0
38,31	11,98	2,0	5,9	5,0
38,33	12,00	2,0	5,9	5,0
38,36	12,04	2,0	5,9	5,0
38,38	12,08	2,0	5,9	5,0
38,41	12,11	2,0	5,9	5,0
38,43	12,13	2,0	5,9	5,0
38,46	12,17	2,0	5,9	5,0
38,48	12,21	2,0	5,9	5,0
38,51	12,24	2,0	5,9	5,0
38,53	12,26	2,0	5,9	5,0
38,55	12,30	2,0	5,9	5,0
38,58	12,34	2,0	5,9	5,0
38,60	12,37	2,0	5,9	5,0
38,63	12,39	2,0	5,9	5,0
38,65	12,43	2,0	5,9	5,0
38,68	12,48	2,0	5,9	5,0
38,70	12,50	2,0	5,9	5,0
38,73	12,52	2,0	5,9	5,0
38,75	12,56	2,0	5,9	5,0
38,77	12,59	2,0	5,9	5,0
38,80	12,63	2,0	5,9	5,0
38,82	12,66	2,0	5,9	5,0
38,85	12,68	2,0	5,9	5,0
38,87	12,72	2,0	5,9	5,0
38,90	12,75	2,0	5,9	5,0
38,92	12,78	2,0	5,9	5,0
38,94	12,81	2,0	5,9	5,0
38,97	12,84	2,0	5,9	5,0
38,99	12,89	2,0	5,9	5,0
39,02	12,91	2,0	5,9	5,0
39,04	12,93	2,0	5,9	5,0
39,07	12,96	2,0	5,9	5,0
39,09	13,00	2,0	5,9	5,0
39,12	13,03	2,0	5,9	5,0
39,14	13,06	2,0	5,9	5,0
39,16	13,09	2,0	5,9	5,0
39,19	13,12	2,0	5,9	5,0
39,21	13,15	2,0	5,9	5,0
39,24	13,17	2,0	5,9	5,0
39,26	13,20	2,0	5,9	5,0
39,29	13,24	2,0	5,9	5,0
39,31	13,27	2,0	5,9	5,0
39,34	13,28	2,0	5,9	5,0
39,36	13,32	2,0	5,9	5,0
39,38	13,36	2,0	5,9	5,0
39,41	13,38	2,0	5,9	5,0
39,43	13,41	2,0	5,9	5,0
39,46	13,44	2,0	5,9	5,0
39,48	13,47	2,0	5,9	5,0
39,51	13,50	2,0	5,9	5,0
39,53	13,53	2,0	5,9	5,0
39,56	13,55	2,0	5,9	5,0
39,58	13,58	2,0	5,9	5,0
39,60	13,61	2,0	5,9	5,0
39,63	13,64	2,0	5,9	5,0
39,65	13,66	2,0	5,9	5,0
39,68	13,70	2,0	5,9	5,0
39,70	13,73	2,0	5,9	5,0
39,73	13,76	2,0	5,9	5,0
39,75	13,78	2,0	5,9	5,0
39,78	13,81	2,0	5,9	5,0
39,80	13,85	2,0	5,9	5,0
39,82	13,88	2,0	5,9	5,0
39,85	13,90	2,0	5,9	5,0
39,87	13,93	2,0	5,9	5,0
39,90	13,97	2,0	5,9	5,0
39,92	13,99	2,0	5,9	5,0
39,95	14,01	2,0	5,9	5,0
39,97	14,04	2,0	5,9	5,0
39,99	14,08	2,0	5,9	5,0
40,02	14,10	2,0	5,9	5,0
40,04	14,11	2,0	5,9	5,0
40,07	14,15	2,0	5,9	5,0
40,09	14,18	2,0	5,9	5,0
40,12	14,21	2,0	5,9	5,0
40,14	14,22	2,0	5,9	5,0
40,17	14,26	2,0	5,9	5,0
40,19	14,29	2,0	5,9	5,0
40,21	14,31	2,0	5,9	5,0
40,24	14,33	2,0	5,9	5,0
40,26	14,36	2,0	5,9	5,0
40,29	14,40	2,0	5,9	5,0
40,31	14,42	2,0	5,9	5,0
40,34	14,44	2,0	5,9	5,0
40,36	14,47	2,0	5,9	5,0
40,39	14,50	2,0	5,9	5,0
40,41	14,52	2,0	5,9	5,0
40,43	14,54	2,0	5,9	5,0
40,46	14,57	2,0	5,9	5,0
40,48	14,60	2,0	5,9	5,0
40,51	14,62	2,0	5,9	5,0
40,53	14,64	2,0	5,9	5,0
40,56	14,67	2,0	5,9	5,0
40,58	14,71	2,0	5,9	5,0
40,61	14,72	2,0	5,9	5,0
40,63	14,74	2,0	5,9	5,0
40,65	14,78	2,0	5,9	5,0
40,68	14,80	2,0	5,9	5,0
40,70	14,82	2,0	5,9	5,0
40,73	14,84	2,0	5,9	5,0
40,75	14,87	2,0	5,9	5,0
40,78	14,90	2,0	5,9	5,0
40,80	14,91	2,0	5,9	5,0
40,83	14,93	2,0	5,9	5,0
40,85	14,97	2,0	5,9	5,0
40,87	15,00	2,0	5,9	5,0
40,90	15,01	2,0	5,9	5,0
40,92	15,04	2,0	5,9	5,0
40,95	15,07	2,0	5,9	5,0
40,97	15,10	2,0	5,9	5,0
41,00	15,11	2,0	5,9	5,0
41,02	15,13	2,0	5,9	5,0
41,05	15,16	2,0	5,9	5,0
41,07	15,19	2,0	5,9	5,0
41,09	15,21	2,0	5,9	5,0
41,12	15,23	2,0	5,9	5,0
41,14	15,26	2,0	5,9	5,0
41,17	15,29	2,0	5,9	5,0
41,19	15,30	2,0	5,9	5,0
41,22	15,33	2,0	5,9	5,0
41,24	15,34	2,0	5,9	5,0
41,26	15,37	2,0	5,9	5,0
41,29	15,40	2,0	5,9	5,0
41,31	15,41	2,0	5,9	5,0
41,34	15,43	2,0	5,9	5,0
41,36	15,46	2,0	5,9	5,0
41,39	15,49	2,0	5,9	5,0
41,41	15,51	2,0	5,9	5,0
41,44	15,52	2,0	5,9	5,0
41,46	15,55	2,0	5,9	5,0
41,48	15,57	2,0	5,9	5,0
41,51	15,59	2,0	5,9	5,0
41,53	15,60	2,0	5,9	5,0
41,56	15,63	2,0	5,9	5,0
41,58	15,66	2,0	5,9	5,0
41,61	15,67	2,0	5,9	5,0
41,63	15,69	2,0	5,9	5,0
41,66	15,72	2,0	5,9	5,0
41,68	15,74	2,0	5,9	5,0
41,70	15,75	2,0	5,9	5,0
41,73	15,77	2,0	5,9	5,0
41,75	15,80	2,0	5,9	5,0
41,78	15,83	2,0	5,9	5,0
41,80	15,84	2,0	5,9	5,0
41,83	15,85	2,0	5,9	5,0
41,85	15,88	2,0	5,9	5,0
41,88	15,90	2,0	5,9	5,0
41,90	15,93	2,0	5,9	5,0
41,92	15,94	2,0	5,9	5,0
41,95	15,94	2,0	5,9	5,0
41,97	15,97	2,0	5,9	5,0
42,00	16,00	2,0	5,9	5,0
42,02	16,01	2,0	5,9	5,0
42,05	16,02	2,0	5,9	5,0
42,07	16,04	2,0	5,9	5,0
42,10	16,07	2,0	5,9	5,0
42,12	16,08	2,0	5,9	5,0
42,14	16,09	2,0	5,9	5,0
42,17	16,12	2,0	5,9	5,0
42,19	16,14	2,0	5,9	5,0
42,22	16,15	2,0	5,9	5,0
42,24	16,17	2,0	5,9	5,0
42,27	16,19	2,0	5,9	5,0
42,29	16,22	2,0	5,9	5,0
42,31	16,22	2,0	5,9	5,0
42,34	16,23	2,0	5,9	5,0
42,36	16,26	2,0	5,9	5,0
42,39	16,28	2,0	5,9	5,0
42,41	16,28	2,0	5,9	5,0
42,44	16,29	2,0	5,9	5,0
42,46	16,31	2,0	5,9	5,0
42,49	16,34	2,0	5,9	5,0
42,51	16,35	2,0	5,9	5,0
42,53	16,36	2,0	5,9	5,0
42,56	16,39	2,0	5,9	5,0
42,58	16,41	2,0	5,9	5,0
42,61	16,42	2,0	5,9	5,0
42,63	16,43	2,0	5,9	5,0
42,66	16,45	2,0	5,9	5,0
42,68	16,48	2,0	5,9	5,0
42,71	16,48	2,0	5,9	5,0
42,73	16,50	2,0	5,9	5,0
42,75	16,52	2,0	5,9	5,0
42,78	16,54	2,0	5,9	5,0
42,80	16,55	2,0	5,9	5,0
42,83	16,56	2,0	5,9	5,0
42,85	16,59	2,0	5,9	5,0
42,88	16,60	2,0	5,9	5,0
42,90	16,61	2,0	5,9	5,0
42,93	16,62	2,0	5,9	5,0
42,95	16,65	2,0	5,9	5,0
42,97	16,67	2,0	5,9	5,0
43,00	16,68	2,0	5,9	5,0
43,02	16,69	2,0	5,9	5,0
43,05	16,72	2,0	5,9	5,0
43,07	16,74	2,0	5,9	5,0
43,10	16,74	2,0	5,9	5,0
43,12	16,76	2,0	5,9	5,0
43,15	16,78	2,0	5,9	5,0
43,17	16,79	2,0	5,9	5,0
43,19	16,80	2,0	5,9	5,0
43,22	16,81	2,0	5,9	5,0
43,24	16,84	2,0	5,9	5,0
43,27	16,85	2,0	5,9	5,0
43,29	16,86	2,0	5,9	5,0
43,32	16,88	2,0	5,9	5,0
43,34	16,90	2,0	5,9	5,0
43,36	16,92	2,0	5,9	5,0
43,39	16,92	2,0	5,9	5,0
43,41	16,94	2,0	5,9	5,0
43,44	16,96	2,0	5,9	5,0
43,46	16,97	2,0	5,9	5,0
43,49	16,98	2,0	5,9	5,0
43,51	17,00	2,0	5,9	5,0
43,54	17,02	2,0	5,9	5,0
43,56	17,03	2,0	5,9	5,0
43,58	17,03	2,0	5,9	5,0
43,61	17,05	2,0	5,9	5,0
43,63	17,08	2,0	5,9	5,0
43,66	17,08	2,0	5,9	5,0
43,68	17,10	2,0	5,9	5,0
43,71	17,11	2,0	5,9	5,0
43,73	17,12	2,0	5,9	5,0
43,76	17,14	2,0	5,9	5,0
43,78	17,15	2,0	5,9	5,0
43,80	17,16	2,0	5,9	5,0
43,83	17,18	2,0	5,9	5,0
43,85	17,18	2,0	5,9	5,0
43,88	17,20	2,0	5,9	5,0
43,90	17,21	2,0	5,9	5,0
43,93	17,23	2,0	5,9	5,0
43,95	17,24	2,0	5,9	5,0
43,98	17,25	2,0	5,9	5,0
44,00	17,26	2,0	5,9	5,0
44,02	17,27	2,0	5,9	5,0
44,05	17,29	2,0	5,9	5,0
44,07	17,31	2,0	5,9	5,0
44,10	17,31	2,0	5,9	5,0
44,12	17,32	2,0	5,9	5,0
44,15	17,34	2,0	5,9	5,0
44,17	17,35	2,0	5,9	5,0
44,20	17,36	2,0	5,9	5,0
44,22	17,38	2,0	5,9	5,0
44,24	17,40	2,0	5,9	5,0
44,27	17,41	2,0	5,9	5,0
44,29	17,41	2,0	5,9	5,0
44,32	17,42	2,0	5,9	5,0
44,34	17,43	2,0	5,9	5,0
44,37	17,44	2,0	5,9	5,0
44,39	17,46	2,0	5,9	5,0
44,41	17,46	2,0	5,9	5,0
44,44	17,47	2,0	5,9	5,0
44,46	17,49	2,0	5,9	5,0
44,49	17,50	2,0	5,9	5,0
44,51	17,50	2,0	5,9	5,0
44,54	17,51	2,0	5,9	5,0
44,56	17,53	2,0	5,9	5,0
44,59	17,54	2,0	5,9	5,0
44,61	17,54	2,0	5,9	5,0
44,63	17,54	2,0	5,9	5,0
44,66	17,56	2,0	5,9	5,0
44,68	17,57	2,0	5,9	5,0
44,71	17,57	2,0	5,9	5,0
44,73	17,58	2,0	5,9	5,0
44,76	17,60	2,0	5,9	5,0
44,78	17,61	2,0	5,9	5,0
44,81	17,61	2,0	5,9	5,0
44,83	17,62	2,0	5,9	5,0
44,85	17,63	2,0	5,9	5,0
44,88	17,64	2,0	5,9	5,0
44,90	17,65	2,0	5,9	5,0
44,93	17,66	2,0	5,9	5,0
44,95	17,68	2,0	5,9	5,0
44,98	17,68	2,0	5,9	5,0
45,00	17,68	2,0	5,9	5,0
45,03	17,70	2,0	5,9	5,0
45,05	17,71	2,0	5,9	5,0
45,07	17,72	2,0	5,9	5,0
45,10	17,72	2,0	5,9	5,0
45,12	17,73	2,0	5,9	5,0
45,15	17,75	2,0	5,9	5,0
45,17	17,76	2,0	5,9	5,0
45,20	17,76	2,0	5,9	5,0
45,22	17,78	2,0	5,9	5,0
45,25	17,80	2,0	5,9	5,0
45,27	17,80	2,0	5,9	5,0
45,29	17,81	2,0	5,9	5,0
45,32	17,82	2,0	5,9	5,0
45,34	17,84	2,0	5,9	5,0
45,37	17,85	2,0	5,9	5,0
45,39	17,85	2,0	5,9	5,0
45,42	17,87	2,0	5,9	5,0
45,44	17,89	2,0	5,9	5,0
45,47	17,89	2,0	5,9	5,0
45,49	17,89	2,0	5,9	5,0
45,51	17,91	2,0	5,9	5,0
45,54	17,92	2,0	5,9	5,0
45,56	17,92	2,0	5,9	5,0
45,59	17,92	2,0	5,9	5,0
45,61	17,94	2,0	5,9	5,0
45,64	17,96	2,0	5,9	5,0
45,66	17,96	2,0	5,9	5,0
45,68	17,96	2,0	5,9	5,0
45,71	17,98	2,0	5,9	5,0
45,73	18,00	2,0	5,9	5,0
45,76	18,00	2,0	5,9	5,0
45,78	18,00	2,0	5,9	5,0
45,81	18,01	2,0	5,9	5,0
45,83	18,03	2,0	5,9	5,0
45,86	18,03	2,0	5,9	5,0
45,88	18,04	2,0	5,9	5,0
45,90	18,05	2,0	5,9	5,0
45,93	18,06	2,0	5,9	5,0
45,95	18,06	2,0	5,9	5,0
45,98	18,06	2,0	5,9	5,0
46,00	18,08	2,0	5,9	5,0
46,03	18,09	2,0	5,9	5,0
46,05	18,08	2,0	5,9	5,0
46,08	18,08	2,0	5,9	5,0
46,10	18,09	2,0	5,9	5,0
46,12	18,10	2,0	5,9	5,0
46,15	18,11	2,0	5,9	5,0
46,17	18,11	2,0	5,9	5,0
46,20	18,11	2,0	5,9	5,0
46,22	18,11	2,0	5,9	5,0
46,25	18,12	2,0	5,9	5,0
46,27	18,12	2,0	5,9	5,0
46,30	18,12	2,0	5,9	5,0
46,32	18,13	2,0	5,9	5,0
46,34	18,14	2,0	5,9	5,0
46,37	18,14	2,0	5,9	5,0
46,39	18,13	2,0	5,9	5,0
46,42	18,14	2,0	5,9	5,0
46,44	18,14	2,0	5,9	5,0
46,47	18,14	2,0	5,9	5,0
46,49	18,13	2,0	5,9	5,0
46,52	18,13	2,0	5,9	5,0
46,54	18,13	2,0	5,9	5,0
46,56	18,12	2,0	5,9	5,0
46,59	18,12	2,0	5,9	5,0
46,61	18,12	2,0	5,9	5,0
46,64	18,12	2,0	5,9	5,0
46,66	18,10	2,0	5,9	5,0
46,69	18,09	2,0	5,9	5,0
46,71	18,09	2,0	5,9	5,0
46,73	18,08	2,0	5,9	5,0
46,76	18,07	2,0	5,9	5,0
46,78	18,05	2,0	5,9	5,0
46,81	18,03	2,0	5,9	5,0
46,83	18,02	2,0	5,9	5,0
46,86	18,01	2,0	5,9	5,0
46,88	18,00	2,0	5,9	5,0
46,91	17,97	2,0	5,9	5,0
46,93	17,95	2,0	5,9	5,0
46,95	17,94	2,0	5,9	5,0
46,98	17,91	2,0	5,9	5,0
47,00	17,88	2,0	5,9	5,0
47,03	17,86	2,0	5,9	5,0
47,05	17,84	2,0	5,9	5,0
47,08	17,82	2,0	5,9	5,0
47,10	17,78	2,0	5,9	5,0
47,13	17,76	2,0	5,9	5,0
47,15	17,74	2,0	5,9	5,0
47,17	17,70	2,0	5,9	5,0
47,20	17,66	2,0	5,9	5,0
47,22	17,64	2,0	5,9	5,0
47,25	17,61	2,0	5,9	5,0
47,27	17,58	2,0	5,9	5,0
47,30	17,54	2,0	5,9	5,0
47,32	17,52	2,0	5,9	5,0
47,35	17,50	2,0	5,9	5,0
47,37	17,46	2,0	5,9	5,0
47,39	17,42	2,0	5,9	5,0
47,42	17,39	2,0	5,9	5,0
47,44	17,37	2,0	5,9	5,0
47,47	17,33	2,0	5,9	5,0
47,49	17,29	2,0	5,9	5,0
47,52	17,27	2,0	5,9	5,0
47,54	17,24	2,0	5,9	5,0
47,57	17,21	2,0	5,9	5,0
47,59	17,18	2,0	5,9	5,0
47,61	17,15	2,0	5,9	5,0
47,64	17,13	2,0	5,9	5,0
47,66	17,09	2,0	5,9	5,0
47,69	17,06	2,0	5,9	5,0
47,71	17,04	2,0	5,9	5,0
47,74	17,01	2,0	5,9	5,0
47,76	16,98	2,0	5,9	5,0
47,78	16,95	2,0	5,9	5,0
47,81	16,94	2,0	5,9	5,0
47,83	16,91	2,0	5,9	5,0
47,86	16,88	2,0	5,9	5,0
47,88	16,85	2,0	5,9	5,0
47,91	16,84	2,0	5,9	5,0
47,93	16,82	2,0	5,9	5,0
47,96	16,79	2,0	5,9	5,0
47,98	16,76	2,0	5,9	5,0
48,00	16,75	2,0	5,9	5,0
48,03	16,74	2,0	5,9	5,0
48,05	16,71	2,0	5,9	5,0
48,08	16,69	2,0	5,9	5,0
48,10	16,68	2,0	5,9	5,0
48,13	16,66	2,0	5,9	5,0
48,15	16,64	2,0	5,9	5,0
48,18	16,62	2,0	5,9	5,0
48,20	16,61	2,0	5,9	5,0
48,22	16,60	2,0	5,9	5,0
48,25	16,57	2,0	5,9	5,0
48,27	16,55	2,0	5,9	5,0
48,30	16,55	2,0	5,9	5,0
48,32	16,54	2,0	5,9	5,0
48,35	16,52	2,0	5,9	5,0
48,37	16,50	2,0	5,9	5,0
48,40	16,50	2,0	5,9	5,0
48,42	16,49	2,0	5,9	5,0
48,44	16,47	2,0	5,9	5,0
48,47	16,45	2,0	5,9	5,0
48,49	16,45	2,0	5,9	5,0
48,52	16,45	2,0	5,9	5,0
48,54	16,44	2,0	5,9	5,0
48,57	16,41	2,0	5,9	5,0
48,59	16,40	2,0	5,9	5,0
48,62	16,40	2,0	5,9	5,0
48,64	16,39	2,0	5,9	5,0
48,66	16,37	2,0	5,9	5,0
48,69	16,35	2,0	5,9	5,0
48,71	16,35	2,0	5,9	5,0
48,74	16,34	2,0	5,9	5,0
48,76	16,32	2,0	5,9	5,0
48,79	16,30	2,0	5,9	5,0
48,81	16,29	2,0	5,9	5,0
48,84	16,28	2,0	5,9	5,0
48,86	16,27	2,0	5,9	5,0
48,88	16,25	2,0	5,9	5,0
48,91	16,25	2,0	5,9	5,0
48,93	16,23	2,0	5,9	5,0
48,96	16,21	2,0	5,9	5,0
48,98	16,20	2,0	5,9	5,0
49,01	16,19	2,0	5,9	5,0
49,03	16,18	2,0	5,9	5,0
49,05	16,16	2,0	5,9	5,0
49,08	16,14	2,0	5,9	5,0
49,10	16,13	2,0	5,9	5,0
49,13	16,11	2,0	5,9	5,0
49,15	16,09	2,0	5,9	5,0
49,18	16,08	2,0	5,9	5,0
49,20	16,06	2,0	5,9	5,0
49,23	16,06	2,0	5,9	5,0
49,25	16,05	2,0	5,9	5,0
49,27	16,02	2,0	5,9	5,0
49,30	16,00	2,0	5,9	5,0
49,32	15,99	2,0	5,9	5,0
49,35	15,98	2,0	5,9	5,0
49,37	15,95	2,0	5,9	5,0
49,40	15,93	2,0	5,9	5,0
49,42	15,92	2,0	5,9	5,0
49,45	15,91	2,0	5,9	5,0
49,47	15,89	2,0	5,9	5,0
49,49	15,87	2,0	5,9	5,0
49,52	15,86	2,0	5,9	5,0
49,54	15,86	2,0	5,9	5,0
49,57	15,83	2,0	5,9	5,0
49,59	15,81	2,0	5,9	5,0
49,62	15,81	2,0	5,9	5,0
49,64	15,80	2,0	5,9	5,0
49,67	15,78	2,0	5,9	5,0
49,69	15,77	2,0	5,9	5,0
49,71	15,77	2,0	5,9	5,0
49,74	15,76	2,0	5,9	5,0
49,76	15,74	2,0	5,9	5,0
49,79	15,72	2,0	5,9	5,0
49,81	15,72	2,0	5,9	5,0
49,84	15,72	2,0	5,9	5,0
49,86	15,69	2,0	5,9	5,0
49,89	15,68	2,0	5,9	5,0
49,91	15,68	2,0	5,9	5,0
49,93	15,68	2,0	5,9	5,0
49,96	15,66	2,0	5,9	5,0
49,98	15,65	2,0	5,9	5,0
50,01	15,66	2,0	5,9	5,0
50,03	15,65	2,0	5,9	5,0
50,06	15,64	2,0	5,9	5,0
50,08	15,63	2,0	5,9	5,0
50,10	15,62	2,0	5,9	5,0
50,13	15,62	2,0	5,9	5,0
50,15	15,61	2,0	5,9	5,0
50,18	15,61	2,0	5,9	5,0
50,20	15,61	2,0	5,9	5,0
50,23	15,61	2,0	5,9	5,0
50,25	15,60	2,0	5,9	5,0
50,28	15,59	2,0	5,9	5,0
50,30	15,59	2,0	5,9	5,0
50,32	15,59	2,0	5,9	5,0
50,35	15,58	2,0	5,9	5,0
50,37	15,58	2,0	5,9	5,0
50,40	15,59	2,0	5,9	5,0
50,42	15,59	2,0	5,9	5,0
50,45	15,58	2,0	5,9	5,0
50,47	15,58	2,0	5,9	5,0
50,50	15,59	2,0	5,9	5,0
50,52	15,60	2,0	5,9	5,0
50,54	15,59	2,0	5,9	5,0
50,57	15,60	2,0	5,9	5,0
50,59	15,60	2,0	5,9	5,0
50,62	15,60	2,0	5,9	5,0
50,64	15,60	2,0	5,9	5,0
50,67	15,61	2,0	5,9	5,0
50,69	15,62	2,0	5,9	5,0
50,72	15,62	2,0	5,9	5,0
50,74	15,62	2,0	5,9	5,0
50,76	15,64	2,0	5,9	5,0
50,79	15,65	2,0	5,9	5,0
50,81	15,65	2,0	5,9	5,0
50,84	15,65	2,0	5,9	5,0
50,86	15,66	2,0	5,9	5,0
50,89	15,68	2,0	5,9	5,0
50,91	15,68	2,0	5,9	5,0
50,94	15,69	2,0	5,9	5,0
50,96	15,71	2,0	5,9	5,0
50,98	15,71	2,0	5,9	5,0
51,01	15,73	2,0	5,9	5,0
51,03	15,74	2,0	5,9	5,0
51,06	15,75	2,0	5,9	5,0
51,08	15,76	2,0	5,9	5,0
51,11	15,77	2,0	5,9	5,0
51,13	15,79	2,0	5,9	5,0
51,15	15,79	2,0	5,9	5,0
51,18	15,80	2,0	5,9	5,0
51,20	15,82	2,0	5,9	5,0
51,23	15,83	2,0	5,9	5,0
51,25	15,83	2,0	5,9	5,0
51,28	15,85	2,0	5,9	5,0
51,30	15,86	2,0	5,9	5,0
51,33	15,88	2,0	5,9	5,0
51,35	15,89	2,0	5,9	5,0
51,37	15,90	2,0	5,9	5,0
51,40	15,92	2,0	5,9	5,0
51,42	15,93	2,0	5,9	5,0
51,45	15,93	2,0	5,9	5,0
51,47	15,95	2,0	5,9	5,0
51,50	15,96	2,0	5,9	5,0
51,52	15,98	2,0	5,9	5,0
51,55	15,99	2,0	5,9	5,0
51,57	16,00	2,0	5,9	5,0
51,59	16,02	2,0	5,9	5,0
51,62	16,04	2,0	5,9	5,0
51,64	16,06	2,0	5,9	5,0
51,67	16,06	2,0	5,9	5,0
51,69	16,08	2,0	5,9	5,0
51,72	16,11	2,0	5,9	5,0
51,74	16,13	2,0	5,9	5,0
51,77	16,13	2,0	5,9	5,0
51,79	16,15	2,0	5,9	5,0
51,81	16,17	2,0	5,9	5,0
51,84	16,19	2,0	5,9	5,0
51,86	16,20	2,0	5,9	5,0
51,89	16,22	2,0	5,9	5,0
51,91	16,25	2,0	5,9	5,0
51,94	16,27	2,0	5,9	5,0
51,96	16,28	2,0	5,9	5,0
51,99	16,30	2,0	5,9	5,0
52,01	16,32	2,0	5,9	5,0
52,03	16,35	2,0	5,9	5,0
52,06	16,36	2,0	5,9	5,0
52,08	16,38	2,0	5,9	5,0
52,11	16,42	2,0	5,9	5,0
52,13	16,44	2,0	5,9	5,0
52,16	16,45	2,0	5,9	5,0
52,18	16,48	2,0	5,9	5,0
52,20	16,51	2,0	5,9	5,0
52,23	16,54	2,0	5,9	5,0
52,25	16,55	2,0	5,9	5,0
52,28	16,58	2,0	5,9	5,0
52,30	16,60	2,0	5,9	5,0
52,33	16,62	2,0	5,9	5,0
52,35	16,64	2,0	5,9	5,0
52,38	16,67	2,0	5,9	5,0
52,40	16,70	2,0	5,9	5,0
52,42	16,72	2,0	5,9	5,0
52,45	16,74	2,0	5,9	5,0
52,47	16,78	2,0	5,9	5,0
52,50	16,82	2,0	5,9	5,0
52,52	16,84	2,0	5,9	5,0
52,55	16,86	2,0	5,9	5,0
52,57	16,89	2,0	5,9	5,0
52,60	16,93	2,0	5,9	5,0
52,62	16,95	2,0	5,9	5,0
52,64	16,97	2,0	5,9	5,0
52,67	17,01	2,0	5,9	5,0
52,69	17,04	2,0	5,9	5,0
52,72	17,07	2,0	5,9	5,0
52,74	17,09	2,0	5,9	5,0
52,77	17,13	2,0	5,9	5,0
52,79	17,16	2,0	5,9	5,0
52,82	17,19	2,0	5,9	5,0
52,84	17,21	2,0	5,9	5,0
52,86	17,25	2,0	5,9	5,0
52,89	17,29	2,0	5,9	5,0
52,91	17,31	2,0	5,9	5,0
52,94	17,34	2,0	5,9	5,0
52,96	17,38	2,0	5,9	5,0
52,99	17,41	2,0	5,9	5,0
53,01	17,43	2,0	5,9	5,0
53,04	17,46	2,0	5,9	5,0
53,06	17,51	2,0	5,9	5,0
53,08	17,54	2,0	5,9	5,0
53,11	17,57	2,0	5,9	5,0
53,13	17,60	2,0	5,9	5,0
53,16	17,64	2,0	5,9	5,0
53,18	17,68	2,0	5,9	5,0
53,21	17,70	2,0	5,9	5,0
53,23	17,73	2,0	5,9	5,0
53,26	17,78	2,0	5,9	5,0
53,28	17,82	2,0	5,9	5,0
53,30	17,84	2,0	5,9	5,0
53,33	17,88	2,0	5,9	5,0
53,35	17,92	2,0	5,9	5,0
53,38	17,96	2,0	5,9	5,0
53,40	17,99	2,0	5,9	5,0
53,43	18,03	2,0	5,9	5,0
53,45	18,06	2,0	5,9	5,0
53,47	18,10	2,0	5,9	5,0
53,50	18,15	2,0	5,9	5,0
53,52	18,17	2,0	5,9	5,0
53,55	18,22	2,0	5,9	5,0
53,57	18,26	2,0	5,9	5,0
53,60	18,30	2,0	5,9	5,0
53,62	18,34	2,0	5,9	5,0
53,65	18,38	2,0	5,9	5,0
53,67	18,42	2,0	5,9	5,0
53,69	18,46	2,0	5,9	5,0
53,72	18,49	2,0	5,9	5,0
53,74	18,53	2,0	5,9	5,0
53,77	18,57	2,0	5,9	5,0
53,79	18,61	2,0	5,9	5,0
53,82	18,65	2,0	5,9	5,0
53,84	18,69	2,0	5,9	5,0
53,87	18,73	2,0	5,9	5,0
53,89	18,78	2,0	5,9	5,0
53,91	18,81	2,0	5,9	5,0
53,94	18,85	2,0	5,9	5,0
53,96	18,90	2,0	5,9	5,0
53,99	18,94	2,0	5,9	5,0
54,01	18,98	2,0	5,9	5,0
54,04	19,02	2,0	5,9	5,0
54,06	19,07	2,0	5,9	5,0
54,09	19,11	2,0	5,9	5,0
54,11	19,16	2,0	5,9	5,0
54,13	19,19	2,0	5,9	5,0
54,16	19,23	2,0	5,9	5,0
54,18	19,28	2,0	5,9	5,0
54,21	19,32	2,0	5,9	5,0
54,23	19,36	2,0	5,9	5,0
54,26	19,41	2,0	5,9	5,0
54,28	19,46	2,0	5,9	5,0
54,31	19,51	2,0	5,9	5,0
54,33	19,55	2,0	5,9	5,0
54,35	19,59	2,0	5,9	5,0
54,38	19,64	2,0	5,9	5,0
54,40	19,70	2,0	5,9	5,0
54,43	19,73	2,0	5,9	5,0
54,45	19,77	2,0	5,9	5,0
54,48	19,82	2,0	5,9	5,0
54,50	19,87	2,0	5,9	5,0
54,52	19,91	2,0	5,9	5,0
54,55	19,95	2,0	5,9	5,0
54,57	20,00	2,0	5,9	5,0
54,60	20,05	2,0	5,9	5,0
54,62	20,09	2,0	5,9	5,0
54,65	20,13	2,0	5,9	5,0
54,67	20,19	2,0	5,9	5,0
54,70	20,24	2,0	5,9	5,0
54,72	20,27	2,0	5,9	5,0
54,74	20,32	2,0	5,9	5,0
54,77	20,39	2,0	5,9	5,0
54,79	20,44	2,0	5,9	5,0
54,82	20,48	2,0	5,9	5,0
54,84	20,52	2,0	5,9	5,0
54,87	20,58	2,0	5,9	5,0
54,89	20,63	2,0	5,9	5,0
54,92	20,65	2,0	5,9	5,0
54,94	20,69	2,0	5,9	5,0
54,96	20,75	2,0	5,9	5,0
54,99	20,81	2,0	5,9	5,0
55,01	20,85	2,0	5,9	5,0
55,04	20,89	2,0	5,9	5,0
55,06	20,95	2,0	5,9	5,0
55,09	21,01	2,0	5,9	5,0
55,11	21,05	2,0	5,9	5,0
55,14	21,09	2,0	5,9	5,0
55,16	21,16	2,0	5,9	5,0
55,18	21,21	2,0	5,9	5,0
55,21	21,25	2,0	5,9	5,0
55,23	21,30	2,0	5,9	5,0
55,26	21,36	2,0	5,9	5,0
55,28	21,41	2,0	5,9	5,0
55,31	21,45	2,0	5,9	5,0
55,33	21,50	2,0	5,9	5,0
55,36	21,57	2,0	5,9	5,0
55,38	21,62	2,0	5,9	5,0
55,40	21,66	2,0	5,9	5,0
55,43	21,70	2,0	5,9	5,0
55,45	21,76	2,0	5,9	5,0
55,48	21,82	2,0	5,9	5,0
55,50	21,86	2,0	5,9	5,0
55,53	21,91	2,0	5,9	5,0
55,55	21,97	2,0	5,9	5,0
55,57	22,03	2,0	5,9	5,0
55,60	22,08	2,0	5,9	5,0
55,62	22,13	2,0	5,9	5,0
55,65	22,19	2,0	5,9	5,0
55,67	22,24	2,0	5,9	5,0
55,70	22,28	2,0	5,9	5,0
55,72	22,34	2,0	5,9	5,0
55,75	22,40	2,0	5,9	5,0
55,77	22,45	2,0	5,9	5,0
55,79	22,50	2,0	5,9	5,0
55,82	22,55	2,0	5,9	5,0
55,84	22,61	2,0	5,9	5,0
55,87	22,66	2,0	5,9	5,0
55,89	22,72	2,0	5,9	5,0
55,92	22,77	2,0	5,9	5,0
55,94	22,82	2,0	5,9	5,0
55,97	22,88	2,0	5,9	5,0
55,99	22,93	2,0	5,9	5,0
56,01	22,98	2,0	5,9	5,0
56,04	23,03	2,0	5,9	5,0
56,06	23,09	2,0	5,9	5,0
56,09	23,14	2,0	5,9	5,0
56,11	23,19	2,0	5,9	5,0
56,14	23,23	2,0	5,9	5,0
56,16	23,30	2,0	5,9	5,0
56,19	23,35	2,0	5,9	5,0
56,21	23,40	2,0	5,9	5,0
56,23	23,46	2,0	5,9	5,0
56,26	23,52	2,0	5,9	5,0
56,28	23,57	2,0	5,9	5,0
56,31	23,62	2,0	5,9	5,0
56,33	23,67	2,0	5,9	5,0
56,36	23,74	2,0	5,9	5,0
56,38	23,79	2,0	5,9	5,0
56,41	23,83	2,0	5,9	5,0
56,43	23,89	2,0	5,9	5,0
56,45	23,95	2,0	5,9	5,0
56,48	24,01	2,0	5,9	5,0
56,50	24,05	2,0	5,9	5,0
56,53	24,11	2,0	5,9	5,0
56,55	24,16	2,0	5,9	5,0
56,58	24,23	2,0	5,9	5,0
56,60	24,29	2,0	5,9	5,0
56,62	24,33	2,0	5,9	5,0
56,65	24,38	2,0	5,9	5,0
56,67	24,46	2,0	5,9	5,0
56,70	24,51	2,0	5,9	5,0
56,72	24,56	2,0	5,9	5,0
56,75	24,62	2,0	5,9	5,0
56,77	24,68	2,0	5,9	5,0
56,80	24,74	2,0	5,9	5,0
56,82	24,79	2,0	5,9	5,0
56,84	24,83	2,0	5,9	5,0
56,87	24,90	2,0	5,9	5,0
56,89	24,96	2,0	5,9	5,0
56,92	25,00	2,0	5,9	5,0
56,94	25,06	2,0	5,9	5,0
56,97	25,12	2,0	5,9	5,0
56,99	25,18	2,0	5,9	5,0
57,02	25,22	2,0	5,9	5,0
57,04	25,27	2,0	5,9	5,0
57,06	25,34	2,0	5,9	5,0
57,09	25,40	2,0	5,9	5,0
57,11	25,44	2,0	5,9	5,0
57,14	25,50	2,0	5,9	5,0
57,16	25,56	2,0	5,9	5,0
57,19	25,63	2,0	5,9	5,0
57,21	25,67	2,0	5,9	5,0
57,24	25,73	2,0	5,9	5,0
57,26	25,79	2,0	5,9	5,0
57,28	25,85	2,0	5,9	5,0
57,31	25,90	2,0	5,9	5,0
57,33	25,95	2,0	5,9	5,0
57,36	26,01	2,0	5,9	5,0
57,38	26,07	2,0	5,9	5,0
57,41	26,12	2,0	5,9	5,0
57,43	26,17	2,0	5,9	5,0
57,46	26,24	2,0	5,9	5,0
57,48	26,30	2,0	5,9	5,0
57,50	26,35	2,0	5,9	5,0
57,53	26,40	2,0	5,9	5,0
57,55	26,46	2,0	5,9	5,0
57,58	26,52	2,0	5,9	5,0
57,60	26,56	2,0	5,9	5,0
57,63	26,62	2,0	5,9	5,0
57,65	26,69	2,0	5,9	5,0
57,68	26,74	2,0	5,9	5,0
57,70	26,80	2,0	5,9	5,0
57,72	26,86	2,0	5,9	5,0
57,75	26,92	2,0	5,9	5,0
57,77	26,97	2,0	5,9	5,0
57,80	27,02	2,0	5,9	5,0
57,82	27,08	2,0	5,9	5,0
57,85	27,14	2,0	5,9	5,0
57,87	27,19	2,0	5,9	5,0
57,89	27,25	2,0	5,9	5,0
57,92	27,31	2,0	5,9	5,0
57,94	27,37	2,0	5,9	5,0
57,97	27,42	2,0	5,9	5,0
57,99	27,47	2,0	5,9	5,0
58,02	27,53	2,0	5,9	5,0
58,04	27,59	2,0	5,9	5,0
58,07	27,64	2,0	5,9	5,0
58,09	27,70	2,0	5,9	5,0
58,11	27,76	2,0	5,9	5,0
58,14	27,82	2,0	5,9	5,0
58,16	27,87	2,0	5,9	5,0
58,19	27,91	2,0	5,9	5,0
58,21	27,98	2,0	5,9	5,0
58,24	28,04	2,0	5,9	5,0
58,26	28,09	2,0	5,9	5,0
58,29	28,14	2,0	5,9	5,0
58,31	28,19	2,0	5,9	5,0
58,33	28,25	2,0	5,9	5,0
58,36	28,31	2,0	5,9	5,0
58,38	28,37	2,0	5,9	5,0
58,41	28,42	2,0	5,9	5,0
58,43	28,47	2,0	5,9	5,0
58,46	28,53	2,0	5,9	5,0
58,48	28,58	2,0	5,9	5,0
58,51	28,63	2,0	5,9	5,0
58,53	28,68	2,0	5,9	5,0
58,55	28,74	2,0	5,9	5,0
58,58	28,80	2,0	5,9	5,0
58,60	28,84	2,0	5,9	5,0
58,63	28,90	2,0	5,9	5,0
58,65	28,96	2,0	5,9	5,0
58,68	29,01	2,0	5,9	5,0
58,70	29,06	2,0	5,9	5,0
58,73	29,12	2,0	5,9	5,0
58,75	29,17	2,0	5,9	5,0
58,77	29,22	2,0	5,9	5,0
58,80	29,27	2,0	5,9	5,0
58,82	29,33	2,0	5,9	5,0
58,85	29,38	2,0	5,9	5,0
58,87	29,44	2,0	5,9	5,0
58,90	29,48	2,0	5,9	5,0
58,92	29,54	2,0	5,9	5,0
58,94	29,60	2,0	5,9	5,0
58,97	29,66	2,0	5,9	5,0
58,99	29,71	2,0	5,9	5,0
59,02	29,75	2,0	5,9	5,0
59,04	29,80	2,0	5,9	5,0
59,07	29,86	2,0	5,9	5,0
59,09	29,93	2,0	5,9	5,0
59,12	29,97	2,0	5,9	5,0
59,14	30,02	2,0	5,9	5,0
59,16	30,09	2,0	5,9	5,0
59,19	30,14	2,0	5,9	5,0
59,21	30,18	2,0	5,9	5,0
59,24	30,23	2,0	5,9	5,0
59,26	30,29	2,0	5,9	5,0
59,29	30,34	2,0	5,9	5,0
59,31	30,39	2,0	5,9	5,0
59,34	30,45	2,0	5,9	5,0
59,36	30,51	2,0	5,9	5,0
59,38	30,56	2,0	5,9	5,0
59,41	30,61	2,0	5,9	5,0
59,43	30,66	2,0	5,9	5,0
59,46	30,72	2,0	5,9	5,0
59,48	30,77	2,0	5,9	5,0
59,51	30,81	2,0	5,9	5,0
59,53	30,87	2,0	5,9	5,0
59,56	30,93	2,0	5,9	5,0
59,58	30,98	2,0	5,9	5,0
59,60	31,02	2,0	5,9	5,0
59,63	31,08	2,0	5,9	5,0
59,65	31,15	2,0	5,9	5,0
59,68	31,19	2,0	5,9	5,0
59,70	31,23	2,0	5,9	5,0
59,73	31,30	2,0	5,9	5,0
59,75	31,35	2,0	5,9	5,0
59,78	31,39	2,0	5,9	5,0
59,80	31,44	2,0	5,9	5,0
59,82	31,50	2,0	5,9	5,0
59,85	31,56	2,0	5,9	5,0
59,87	31,60	2,0	5,9	5,0
59,90	31,64	2,0	5,9	5,0
59,92	31,71	2,0	5,9	5,0
59,95	31,76	2,0	5,9	5,0
59,97	31,80	2,0	5,9	5,0
59,99	31,84	2,0	5,9	5,0
60,02	31,90	2,0	5,9	5,0
60,04	31,95	2,0	5,9	5,0
60,07	31,99	2,0	5,9	5,0
60,09	32,05	2,0	5,9	5,0
60,12	32,11	2,0	5,9	5,0
60,14	32,16	2,0	5,9	5,0
60,17	32,20	2,0	5,9	5,0
60,19	32,25	2,0	5,9	5,0
60,21	32,31	2,0	5,9	5,0
60,24	32,36	2,0	5,9	5,0
60,26	32,40	2,0	5,9	5,0
60,29	32,45	2,0	5,9	5,0
60,31	32,52	2,0	5,9	5,0
60,34	32,57	2,0	5,9	5,0
60,36	32,61	2,0	5,9	5,0
60,39	32,66	2,0	5,9	5,0
60,41	32,72	2,0	5,9	5,0
60,43	32,77	2,0	5,9	5,0
60,46	32,80	2,0	5,9	5,0
60,48	32,85	2,0	5,9	5,0
60,51	32,91	2,0	5,9	5,0
60,53	32,96	2,0	5,9	5,0
60,56	33,00	2,0	5,9	5,0
60,58	33,05	2,0	5,9	5,0
60,61	33,11	2,0	5,9	5,0
60,63	33,17	2,0	5,9	5,0
60,65	33,21	2,0	5,9	5,0
60,68	33,25	2,0	5,9	5,0
60,70	33,31	2,0	5,9	5,0
60,73	33,36	2,0	5,9	5,0
60,75	33,41	2,0	5,9	5,0
60,78	33,46	2,0	5,9	5,0
60,80	33,50	2,0	5,9	5,0
60,83	33,56	2,0	5,9	5,0
60,85	33,61	2,0	5,9	5,0
60,87	33,65	2,0	5,9	5,0
60,90	33,69	2,0	5,9	5,0
60,92	33,74	2,0	5,9	5,0
60,95	33,79	2,0	5,9	5,0
60,97	33,82	2,0	5,9	5,0
61,00	33,87	2,0	5,9	5,0
61,02	33,92	2,0	5,9	5,0
61,05	33,97	2,0	5,9	5,0
61,07	34,01	2,0	5,9	5,0
61,09	34,06	2,0	5,9	5,0
61,12	34,11	2,0	5,9	5,0
61,14	34,15	2,0	5,9	5,0
61,17	34,19	2,0	5,9	5,0
61,19	34,23	2,0	5,9	5,0
61,22	34,28	2,0	5,9	5,0
61,24	34,33	2,0	5,9	5,0
61,26	34,37	2,0	5,9	5,0
61,29	34,40	2,0	5,9	5,0
61,31	34,45	2,0	5,9	5,0
61,34	34,50	2,0	5,9	5,0
61,36	34,54	2,0	5,9	5,0
61,39	34,58	2,0	5,9	5,0
61,41	34,62	2,0	5,9	5,0
61,44	34,67	2,0	5,9	5,0
61,46	34,72	2,0	5,9	5,0
61,48	34,75	2,0	5,9	5,0
61,51	34,80	2,0	5,9	5,0
61,53	34,85	2,0	5,9	5,0
61,56	34,89	2,0	5,9	5,0
61,58	34,93	2,0	5,9	5,0
61,61	34,97	2,0	5,9	5,0
61,63	35,03	2,0	5,9	5,0
61,66	35,07	2,0	5,9	5,0
61,68	35,11	2,0	5,9	5,0
61,70	35,16	2,0	5,9	5,0
61,73	35,21	2,0	5,9	5,0
61,75	35,26	2,0	5,9	5,0
61,78	35,29	2,0	5,9	5,0
61,80	35,33	2,0	5,9	5,0
61,83	35,38	2,0	5,9	5,0
61,85	35,43	2,0	5,9	5,0
61,88	35,46	2,0	5,9	5,0
61,90	35,50	2,0	5,9	5,0
61,92	35,55	2,0	5,9	5,0
61,95	35,60	2,0	5,9	5,0
61,97	35,63	2,0	5,9	5,0
62,00	35,68	2,0	5,9	5,0
62,02	35,73	2,0	5,9	5,0
62,05	35,77	2,0	5,9	5,0
62,07	35,80	2,0	5,9	5,0
62,10	35,84	2,0	5,9	5,0
62,12	35,90	2,0	5,9	5,0
62,14	35,94	2,0	5,9	5,0
62,17	35,96	2,0	5,9	5,0
62,19	36,00	2,0	5,9	5,0
62,22	36,06	2,0	5,9	5,0
62,24	36,11	2,0	5,9	5,0
62,27	36,13	2,0	5,9	5,0
62,29	36,17	2,0	5,9	5,0
62,31	36,22	2,0	5,9	5,0
62,34	36,26	2,0	5,9	5,0
62,36	36,29	2,0	5,9	5,0
62,39	36,32	2,0	5,9	5,0
62,41	36,37	2,0	5,9	5,0
62,44	36,42	2,0	5,9	5,0
62,46	36,45	2,0	5,9	5,0
62,49	36,49	2,0	5,9	5,0
62,51	36,54	2,0	5,9	5,0
62,53	36,59	2,0	5,9	5,0
62,56	36,62	2,0	5,9	5,0
62,58	36,66	2,0	5,9	5,0
62,61	36,71	2,0	5,9	5,0
62,63	36,75	2,0	5,9	5,0
62,66	36,77	2,0	5,9	5,0
62,68	36,82	2,0	5,9	5,0
62,71	36,87	2,0	5,9	5,0
62,73	36,90	2,0	5,9	5,0
62,75	36,93	2,0	5,9	5,0
62,78	36,97	2,0	5,9	5,0
62,80	37,02	2,0	5,9	5,0
62,83	37,06	2,0	5,9	5,0
62,85	37,09	2,0	5,9	5,0
62,88	37,12	2,0	5,9	5,0
62,90	37,16	2,0	5,9	5,0
62,93	37,20	2,0	5,9	5,0
62,95	37,23	2,0	5,9	5,0
62,97	37,27	2,0	5,9	5,0
63,00	37,31	2,0	5,9	5,0
63,02	37,34	2,0	5,9	5,0
63,05	37,37	2,0	5,9	5,0
63,07	37,41	2,0	5,9	5,0
63,10	37,44	2,0	5,9	5,0
63,12	37,47	2,0	5,9	5,0
63,15	37,49	2,0	5,9	5,0
63,17	37,52	2,0	5,9	5,0
63,19	37,55	2,0	5,9	5,0
63,22	37,59	2,0	5,9	5,0
63,24	37,62	2,0	5,9	5,0
63,27	37,64	2,0	5,9	5,0
63,29	37,67	2,0	5,9	5,0
63,32	37,71	2,0	5,9	5,0
63,34	37,74	2,0	5,9	5,0
63,36	37,75	2,0	5,9	5,0
63,39	37,78	2,0	5,9	5,0
63,41	37,82	2,0	5,9	5,0
63,44	37,85	2,0	5,9	5,0
63,46	37,86	2,0	5,9	5,0
63,49	37,88	2,0	5,9	5,0
63,51	37,91	2,0	5,9	5,0
63,54	37,93	2,0	5,9	5,0
63,56	37,95	2,0	5,9	5,0
63,58	37,96	2,0	5,9	5,0
63,61	37,99	2,0	5,9	5,0
63,63	38,01	2,0	5,9	5,0
63,66	38,02	2,0	5,9	5,0
63,68	38,03	2,0	5,9	5,0
63,71	38,06	2,0	5,9	5,0
63,73	38,09	2,0	5,9	5,0
63,76	38,11	2,0	5,9	5,0
63,78	38,12	2,0	5,9	5,0
63,80	38,14	2,0	5,9	5,0
63,83	38,16	2,0	5,9	5,0
63,85	38,17	2,0	5,9	5,0
63,88	38,17	2,0	5,9	5,0
63,90	38,18	2,0	5,9	5,0
63,93	38,21	2,0	5,9	5,0
63,95	38,22	2,0	5,9	5,0
63,98	38,22	2,0	5,9	5,0
64,00	38,22	2,0	5,9	5,0
64,02	38,25	2,0	5,9	5,0
64,05	38,26	2,0	5,9	5,0
64,07	38,26	2,0	5,9	5,0
64,10	38,27	2,0	5,9	5,0
64,12	38,29	2,0	5,9	5,0
64,15	38,31	2,0	5,9	5,0
64,17	38,30	2,0	5,9	5,0
64,20	38,31	2,0	5,9	5,0
64,22	38,33	2,0	5,9	5,0
64,24	38,34	2,0	5,9	5,0
64,27	38,34	2,0	5,9	5,0
64,29	38,34	2,0	5,9	5,0
64,32	38,37	2,0	5,9	5,0
64,34	38,38	2,0	5,9	5,0
64,37	38,38	2,0	5,9	5,0
64,39	38,39	2,0	5,9	5,0
64,41	38,41	2,0	5,9	5,0
64,44	38,43	2,0	5,9	5,0
64,46	38,42	2,0	5,9	5,0
64,49	38,44	2,0	5,9	5,0
64,51	38,46	2,0	5,9	5,0
64,54	38,48	2,0	5,9	5,0
64,56	38,48	2,0	5,9	5,0
64,59	38,49	2,0	5,9	5,0
64,61	38,51	2,0	5,9	5,0
64,63	38,53	2,0	5,9	5,0
64,66	38,53	2,0	5,9	5,0
64,68	38,54	2,0	5,9	5,0
64,71	38,57	2,0	5,9	5,0
64,73	38,57	2,0	5,9	5,0
64,76	38,57	2,0	5,9	5,0
64,78	38,59	2,0	5,9	5,0
64,81	38,61	2,0	5,9	5,0
64,83	38,63	2,0	5,9	5,0
64,85	38,63	2,0	5,9	5,0
64,88	38,66	2,0	5,9	5,0
64,90	38,69	2,0	5,9	5,0
64,93	38,69	2,0	5,9	5,0
64,95	38,70	2,0	5,9	5,0
64,98	38,72	2,0	5,9	5,0
65,00	38,74	2,0	5,9	5,0
65,03	38,75	2,0	5,9	5,0
65,05	38,75	2,0	5,9	5,0
65,07	38,77	2,0	5,9	5,0
65,10	38,80	2,0	5,9	5,0
65,12	38,80	2,0	5,9	5,0
65,15	38,81	2,0	5,9	5,0
65,17	38,83	2,0	5,9	5,0
65,20	38,85	2,0	5,9	5,0
65,22	38,87	2,0	5,9	5,0
65,25	38,88	2,0	5,9	5,0
65,27	38,90	2,0	5,9	5,0
65,29	38,92	2,0	5,9	5,0
65,32	38,93	2,0	5,9	5,0
65,34	38,94	2,0	5,9	5,0
65,37	38,96	2,0	5,9	5,0
65,39	38,98	2,0	5,9	5,0
65,42	38,99	2,0	5,9	5,0
65,44	38,99	2,0	5,9	5,0
65,47	39,01	2,0	5,9	5,0
65,49	39,03	2,0	5,9	5,0
65,51	39,02	2,0	5,9	5,0
65,54	39,02	2,0	5,9	5,0
65,56	39,04	2,0	5,9	5,0
65,59	39,05	2,0	5,9	5,0
65,61	39,05	2,0	5,9	5,0
65,64	39,05	2,0	5,9	5,0
65,66	39,06	2,0	5,9	5,0
65,68	39,07	2,0	5,9	5,0
65,71	39,08	2,0	5,9	5,0
65,73	39,08	2,0	5,9	5,0
65,76	39,08	2,0	5,9	5,0
65,78	39,08	2,0	5,9	5,0
65,81	39,09	2,0	5,9	5,0
65,83	39,09	2,0	5,9	5,0
65,86	39,09	2,0	5,9	5,0
65,88	39,09	2,0	5,9	5,0
65,90	39,10	2,0	5,9	5,0
65,93	39,09	2,0	5,9	5,0
65,95	39,09	2,0	5,9	5,0
65,98	39,10	2,0	5,9	5,0
66,00	39,10	2,0	5,9	5,0
66,03	39,10	2,0	5,9	5,0
66,05	39,10	2,0	5,9	5,0
66,08	39,11	2,0	5,9	5,0
66,10	39,11	2,0	5,9	5,0
66,12	39,10	2,0	5,9	5,0
66,15	39,10	2,0	5,9	5,0
66,17	39,12	2,0	5,9	5,0
66,20	39,12	2,0	5,9	5,0
66,22	39,12	2,0	5,9	5,0
66,25	39,12	2,0	5,9	5,0
66,27	39,13	2,0	5,9	5,0
66,30	39,13	2,0	5,9	5,0
66,32	39,14	2,0	5,9	5,0
66,34	39,14	2,0	5,9	5,0
66,37	39,13	2,0	5,9	5,0
66,39	39,14	2,0	5,9	5,0
66,42	39,15	2,0	5,9	5,0
66,44	39,15	2,0	5,9	5,0
66,47	39,14	2,0	5,9	5,0
66,49	39,15	2,0	5,9	5,0
66,52	39,17	2,0	5,9	5,0
66,54	39,17	2,0	5,9	5,0
66,56	39,16	2,0	5,9	5,0
66,59	39,17	2,0	5,9	5,0
66,61	39,18	2,0	5,9	5,0
66,64	39,18	2,0	5,9	5,0
66,66	39,18	2,0	5,9	5,0
66,69	39,19	2,0	5,9	5,0
66,71	39,20	2,0	5,9	5,0
66,73	39,20	2,0	5,9	5,0
66,76	39,20	2,0	5,9	5,0
66,78	39,21	2,0	5,9	5,0
66,81	39,22	2,0	5,9	5,0
66,83	39,21	2,0	5,9	5,0
66,86	39,21	2,0	5,9	5,0
66,88	39,23	2,0	5,9	5,0
66,91	39,23	2,0	5,9	5,0
66,93	39,23	2,0	5,9	5,0
66,95	39,24	2,0	5,9	5,0
66,98	39,25	2,0	5,9	5,0
67,00	39,26	2,0	5,9	5,0
67,03	39,26	2,0	5,9	5,0
67,05	39,27	2,0	5,9	5,0
67,08	39,29	2,0	5,9	5,0
67,10	39,30	2,0	5,9	5,0
67,13	39,30	2,0	5,9	5,0
67,15	39,30	2,0	5,9	5,0
67,17	39,32	2,0	5,9	5,0
67,20	39,32	2,0	5,9	5,0
67,22	39,32	2,0	5,9	5,0
67,25	39,34	2,0	5,9	5,0
67,27	39,36	2,0	5,9	5,0
67,30	39,37	2,0	5,9	5,0
67,32	39,36	2,0	5,9	5,0
67,35	39,37	2,0	5,9	5,0
67,37	39,40	2,0	5,9	5,0
67,39	39,40	2,0	5,9	5,0
67,42	39,40	2,0	5,9	5,0
67,44	39,41	2,0	5,9	5,0
67,47	39,43	2,0	5,9	5,0
67,49	39,45	2,0	5,9	5,0
67,52	39,45	2,0	5,9	5,0
67,54	39,46	2,0	5,9	5,0
67,57	39,48	2,0	5,9	5,0
67,59	39,49	2,0	5,9	5,0
67,61	39,48	2,0	5,9	5,0
67,64	39,50	2,0	5,9	5,0
67,66	39,52	2,0	5,9	5,0
67,69	39,53	2,0	5,9	5,0
67,71	39,52	2,0	5,9	5,0
67,74	39,53	2,0	5,9	5,0
67,76	39,56	2,0	5,9	5,0
67,78	39,57	2,0	5,9	5,0
67,81	39,56	2,0	5,9	5,0
67,83	39,58	2,0	5,9	5,0
67,86	39,60	2,0	5,9	5,0
67,88	39,61	2,0	5,9	5,0
67,91	39,60	2,0	5,9	5,0
67,93	39,61	2,0	5,9	5,0
67,96	39,64	2,0	5,9	5,0
67,98	39,65	2,0	5,9	5,0
68,00	39,63	2,0	5,9	5,0
68,03	39,65	2,0	5,9	5,0
68,05	39,67	2,0	5,9	5,0
68,08	39,68	2,0	5,9	5,0
68,10	39,69	2,0	5,9	5,0
68,13	39,69	2,0	5,9	5,0
68,15	39,70	2,0	5,9	5,0
68,18	39,72	2,0	5,9	5,0
68,20	39,73	2,0	5,9	5,0
68,22	39,74	2,0	5,9	5,0
68,25	39,76	2,0	5,9	5,0
68,27	39,78	2,0	5,9	5,0
68,30	39,79	2,0	5,9	5,0
68,32	39,79	2,0	5,9	5,0
68,35	39,80	2,0	5,9	5,0
68,37	39,83	2,0	5,9	5,0
68,40	39,84	2,0	5,9	5,0
68,42	39,84	2,0	5,9	5,0
68,44	39,86	2,0	5,9	5,0
68,47	39,88	2,0	5,9	5,0
68,49	39,89	2,0	5,9	5,0
68,52	39,89	2,0	5,9	5,0
68,54	39,91	2,0	5,9	5,0
68,57	39,93	2,0	5,9	5,0
68,59	39,95	2,0	5,9	5,0
68,62	39,95	2,0	5,9	5,0
68,64	39,97	2,0	5,9	5,0
68,66	39,99	2,0	5,9	5,0
68,69	40,01	2,0	5,9	5,0
68,71	40,02	2,0	5,9	5,0
68,74	40,03	2,0	5,9	5,0
68,76	40,05	2,0	5,9	5,0
68,79	40,08	2,0	5,9	5,0
68,81	40,09	2,0	5,9	5,0
68,83	40,10	2,0	5,9	5,0
68,86	40,11	2,0	5,9	5,0
68,88	40,13	2,0	5,9	5,0
68,91	40,15	2,0	5,9	5,0
68,93	40,16	2,0	5,9	5,0
68,96	40,18	2,0	5,9	5,0
68,98	40,21	2,0	5,9	5,0
69,01	40,23	2,0	5,9	5,0
69,03	40,24	2,0	5,9	5,0
69,05	40,25	2,0	5,9	5,0
69,08	40,28	2,0	5,9	5,0
69,10	40,30	2,0	5,9	5,0
69,13	40,30	2,0	5,9	5,0
69,15	40,32	2,0	5,9	5,0
69,18	40,35	2,0	5,9	5,0
69,20	40,37	2,0	5,9	5,0
69,23	40,39	2,0	5,9	5,0
69,25	40,40	2,0	5,9	5,0
69,27	40,43	2,0	5,9	5,0
69,30	40,45	2,0	5,9	5,0
69,32	40,46	2,0	5,9	5,0
69,35	40,48	2,0	5,9	5,0
69,37	40,51	2,0	5,9	5,0
69,40	40,52	2,0	5,9	5,0
69,42	40,53	2,0	5,9	5,0
69,45	40,55	2,0	5,9	5,0
69,47	40,58	2,0	5,9	5,0
69,49	40,61	2,0	5,9	5,0
69,52	40,62	2,0	5,9	5,0
69,54	40,64	2,0	5,9	5,0
69,57	40,67	2,0	5,9	5,0
69,59	40,69	2,0	5,9	5,0
69,62	40,70	2,0	5,9	5,0
69,64	40,72	2,0	5,9	5,0
69,67	40,77	2,0	5,9	5,0
69,69	40,79	2,0	5,9	5,0
69,71	40,80	2,0	5,9	5,0
69,74	40,83	2,0	5,9	5,0
69,76	40,86	2,0	5,9	5,0
69,79	40,88	2,0	5,9	5,0
69,81	40,89	2,0	5,9	5,0
69,84	40,92	2,0	5,9	5,0
69,86	40,96	2,0	5,9	5,0
69,89	40,97	2,0	5,9	5,0
69,91	40,99	2,0	5,9	5,0
69,93	41,03	2,0	5,9	5,0
69,96	41,06	2,0	5,9	5,0
69,98	41,09	2,0	5,9	5,0
70,01	41,11	2,0	5,9	5,0
70,03	41,14	2,0	5,9	5,0
70,06	41,18	2,0	5,9	5,0
70,08	41,20	2,0	5,9	5,0
70,10	41,21	2,0	5,9	5,0
70,13	41,25	2,0	5,9	5,0
70,15	41,28	2,0	5,9	5,0
70,18	41,31	2,0	5,9	5,0
70,20	41,33	2,0	5,9	5,0
70,23	41,37	2,0	5,9	5,0
70,25	41,40	2,0	5,9	5,0
70,28	41,43	2,0	5,9	5,0
70,30	41,45	2,0	5,9	5,0
70,32	41,48	2,0	5,9	5,0
70,35	41,52	2,0	5,9	5,0
70,37	41,55	2,0	5,9	5,0
70,40	41,57	2,0	5,9	5,0
70,42	41,61	2,0	5,9	5,0
70,45	41,64	2,0	5,9	5,0
70,47	41,67	2,0	5,9	5,0
70,50	41,69	2,0	5,9	5,0
70,52	41,73	2,0	5,9	5,0
70,54	41,76	2,0	5,9	5,0
70,57	41,79	2,0	5,9	5,0
70,59	41,82	2,0	5,9	5,0
70,62	41,85	2,0	5,9	5,0
70,64	41,88	2,0	5,9	5,0
70,67	41,92	2,0	5,9	5,0
70,69	41,95	2,0	5,9	5,0
70,72	41,97	2,0	5,9	5,0
70,74	42,01	2,0	5,9	5,0
70,76	42,05	2,0	5,9	5,0
70,79	42,09	2,0	5,9	5,0
70,81	42,11	2,0	5,9	5,0
70,84	42,15	2,0	5,9	5,0
70,86	42,19	2,0	5,9	5,0
70,89	42,23	2,0	5,9	5,0
70,91	42,26	2,0	5,9	5,0
70,94	42,29	2,0	5,9	5,0
70,96	42,33	2,0	5,9	5,0
70,98	42,36	2,0	5,9	5,0
71,01	42,40	2,0	5,9	5,0
71,03	42,43	2,0	5,9	5,0
71,06	42,48	2,0	5,9	5,0
71,08	42,52	2,0	5,9	5,0
71,11	42,55	2,0	5,9	5,0
71,13	42,60	2,0	5,9	5,0
71,15	42,64	2,0	5,9	5,0
71,18	42,67	2,0	5,9	5,0
71,20	42,72	2,0	5,9	5,0
71,23	42,75	2,0	5,9	5,0
71,25	42,79	2,0	5,9	5,0
71,28	42,84	2,0	5,9	5,0
71,30	42,88	2,0	5,9	5,0
71,33	42,91	2,0	5,9	5,0
71,35	42,96	2,0	5,9	5,0
71,37	43,02	2,0	5,9	5,0
71,40	43,05	2,0	5,9	5,0
71,42	43,08	2,0	5,9	5,0
71,45	43,12	2,0	5,9	5,0
71,47	43,18	2,0	5,9	5,0
71,50	43,22	2,0	5,9	5,0
71,52	43,25	2,0	5,9	5,0
71,55	43,29	2,0	5,9	5,0
71,57	43,34	2,0	5,9	5,0
71,59	43,39	2,0	5,9	5,0
71,62	43,41	2,0	5,9	5,0
71,64	43,47	2,0	5,9	5,0
71,67	43,51	2,0	5,9	5,0
71,69	43,56	2,0	5,9	5,0
71,72	43,58	2,0	5,9	5,0
71,74	43,63	2,0	5,9	5,0
71,77	43,69	2,0	5,9	5,0
71,79	43,72	2,0	5,9	5,0
71,81	43,76	2,0	5,9	5,0
71,84	43,81	2,0	5,9	5,0
71,86	43,85	2,0	5,9	5,0
71,89	43,89	2,0	5,9	5,0
71,91	43,93	2,0	5,9	5,0
71,94	43,98	2,0	5,9	5,0
71,96	44,03	2,0	5,9	5,0
71,99	44,08	2,0	5,9	5,0
72,01	44,12	2,0	5,9	5,0
72,03	44,19	2,0	5,9	5,0
72,06	44,24	2,0	5,9	5,0
72,08	44,28	2,0	5,9	5,0
72,11	44,33	2,0	5,9	5,0
72,13	44,39	2,0	5,9	5,0
72,16	44,45	2,0	5,9	5,0
72,18	44,48	2,0	5,9	5,0
72,20	44,54	2,0	5,9	5,0
72,23	44,60	2,0	5,9	5,0
72,25	44,65	2,0	5,9	5,0
72,28	44,71	2,0	5,9	5,0
72,30	44,74	2,0	5,9	5,0
72,33	44,81	2,0	5,9	5,0
72,35	44,87	2,0	5,9	5,0
72,38	44,92	2,0	5,9	5,0
72,40	44,97	2,0	5,9	5,0
72,42	45,04	2,0	5,9	5,0
72,45	45,10	2,0	5,9	5,0
72,47	45,14	2,0	5,9	5,0
72,50	45,20	2,0	5,9	5,0
72,52	45,27	2,0	5,9	5,0
72,55	45,34	2,0	5,9	5,0
72,57	45,38	2,0	5,9	5,0
72,60	45,43	2,0	5,9	5,0
72,62	45,50	2,0	5,9	5,0
72,64	45,56	2,0	5,9	5,0
72,67	45,61	2,0	5,9	5,0
72,69	45,66	2,0	5,9	5,0
72,72	45,73	2,0	5,9	5,0
72,74	45,79	2,0	5,9	5,0
72,77	45,83	2,0	5,9	5,0
72,79	45,89	2,0	5,9	5,0
72,82	45,96	2,0	5,9	5,0
72,84	46,02	2,0	5,9	5,0
72,86	46,07	2,0	5,9	5,0
72,89	46,12	2,0	5,9	5,0
72,91	46,19	2,0	5,9	5,0
72,94	46,24	2,0	5,9	5,0
72,96	46,30	2,0	5,9	5,0
72,99	46,35	2,0	5,9	5,0
73,01	46,41	2,0	5,9	5,0
73,04	46,47	2,0	5,9	5,0
73,06	46,54	2,0	5,9	5,0
73,08	46,58	2,0	5,9	5,0
73,11	46,64	2,0	5,9	5,0
73,13	46,70	2,0	5,9	5,0
73,16	46,76	2,0	5,9	5,0
73,18	46,82	2,0	5,9	5,0
73,21	46,87	2,0	5,9	5,0
73,23	46,94	2,0	5,9	5,0
73,25	47,02	2,0	5,9	5,0
73,28	47,07	2,0	5,9	5,0
73,30	47,13	2,0	5,9	5,0
73,33	47,19	2,0	5,9	5,0
73,35	47,26	2,0	5,9	5,0
73,38	47,32	2,0	5,9	5,0
73,40	47,37	2,0	5,9	5,0
73,43	47,45	2,0	5,9	5,0
73,45	47,50	2,0	5,9	5,0
73,47	47,57	2,0	5,9	5,0
73,50	47,63	2,0	5,9	5,0
73,52	47,70	2,0	5,9	5,0
73,55	47,77	2,0	5,9	5,0
73,57	47,83	2,0	5,9	5,0
73,60	47,89	2,0	5,9	5,0
73,62	47,96	2,0	5,9	5,0
73,65	48,04	2,0	5,9	5,0
73,67	48,11	2,0	5,9	5,0
73,69	48,17	2,0	5,9	5,0
73,72	48,23	2,0	5,9	5,0
73,74	48,31	2,0	5,9	5,0
73,77	48,39	2,0	5,9	5,0
73,79	48,46	2,0	5,9	5,0
73,82	48,52	2,0	5,9	5,0
73,84	48,59	2,0	5,9	5,0
73,87	48,67	2,0	5,9	5,0
73,89	48,73	2,0	5,9	5,0
73,91	48,79	2,0	5,9	5,0
73,94	48,87	2,0	5,9	5,0
73,96	48,95	2,0	5,9	5,0
73,99	49,01	2,0	5,9	5,0
74,01	49,06	2,0	5,9	5,0
74,04	49,13	2,0	5,9	5,0
74,06	49,20	2,0	5,9	5,0
74,09	49,26	2,0	5,9	5,0
74,11	49,31	2,0	5,9	5,0
74,13	49,36	2,0	5,9	5,0
74,16	49,43	2,0	5,9	5,0
74,18	49,49	2,0	5,9	5,0
74,21	49,52	2,0	5,9	5,0
74,23	49,58	2,0	5,9	5,0
74,26	49,63	2,0	5,9	5,0
74,28	49,67	2,0	5,9	5,0
74,31	49,69	2,0	5,9	5,0
74,33	49,73	2,0	5,9	5,0
74,35	49,78	2,0	5,9	5,0
74,38	49,81	2,0	5,9	5,0
74,40	49,83	2,0	5,9	5,0
74,43	49,85	2,0	5,9	5,0
74,45	49,89	2,0	5,9	5,0
74,48	49,91	2,0	5,9	5,0
74,50	49,92	2,0	5,9	5,0
74,52	49,94	2,0	5,9	5,0
74,55	49,96	2,0	5,9	5,0
74,57	49,96	2,0	5,9	5,0
74,60	49,96	2,0	5,9	5,0
74,62	49,97	2,0	5,9	5,0
74,65	49,98	2,0	5,9	5,0
74,67	49,98	2,0	5,9	5,0
74,70	49,98	2,0	5,9	5,0
74,72	49,99	2,0	5,9	5,0
74,74	49,99	2,0	5,9	5,0
74,77	49,99	2,0	5,9	5,0
74,79	49,99	2,0	5,9	5,0
74,82	49,99	2,0	5,9	5,0
74,84	49,99	2,0	5,9	5,0
74,87	49,99	2,0	5,9	5,0
74,89	49,99	2,0	5,9	5,0
74,92	49,99	2,0	5,9	5,0
74,94	49,99	2,0	5,9	5,0
74,96	49,99	2,0	5,9	5,0
74,99	49,99	2,0	5,9	5,0
75,01	49,99	2,0	5,9	5,0
75,04	49,99	2,0	5,9	5,0
75,06	49,99	2,0	5,9	5,0
75,09	49,99	2,0	5,9	5,0
75,11	49,99	2,0	5,9	5,0
75,14	49,99	2,0	5,9	5,0
75,16	49,99	2,0	5,9	5,0
75,18	49,99	2,0	5,9	5,0
75,21	49,99	2,0	5,9	5,0
75,23	49,99	2,0	5,9	5,0
75,26	49,99	2,0	5,9	5,0
75,28	49,99	2,0	5,9	5,0
75,31	49,99	2,0	5,9	5,0
75,33	49,99	2,0	5,9	5,0
75,36	49,99	2,0	5,9	5,0
75,38	49,99	2,0	5,9	5,0
75,40	49,99	2,0	5,9	5,0
75,43	49,99	2,0	5,9	5,0
75,45	49,99	2,0	5,9	5,0
75,48	49,99	2,0	5,9	5,0
75,50	49,99	2,0	5,9	5,0
75,53	49,99	2,0	5,9	5,0
75,55	49,99	2,0	5,9	5,0
75,57	49,99	2,0	5,9	5,0
75,60	49,99	2,0	5,9	5,0
75,62	49,99	2,0	5,9	5,0
75,65	49,99	2,0	5,9	5,0
75,67	49,99	2,0	5,9	5,0
75,70	49,99	2,0	5,9	5,0
75,72	49,99	2,0	5,9	5,0
75,75	49,99	2,0	5,9	5,0
75,77	49,99	2,0	5,9	5,0
75,79	49,99	2,0	5,9	5,0
75,82	49,99	2,0	5,9	5,0
75,84	49,99	2,0	5,9	5,0
75,87	49,99	2,0	5,9	5,0
75,89	49,99	2,0	5,9	5,0
75,92	49,99	2,0	5,9	5,0
75,94	49,99	2,0	5,9	5,0
75,97	49,99	2,0	5,9	5,0
75,99	49,99	2,0	5,9	5,0
76,01	49,99	2,0	5,9	5,0
76,04	49,99	2,0	5,9	5,0
76,06	49,99	2,0	5,9	5,0
76,09	49,99	2,0	5,9	5,0
76,11	49,99	2,0	5,9	5,0
76,14	49,99	2,0	5,9	5,0
76,16	49,99	2,0	5,9	5,0
76,19	49,99	2,0	5,9	5,0
76,21	49,99	2,0	5,9	5,0
76,23	49,99	2,0	5,9	5,0
76,26	49,99	2,0	5,9	5,0
76,28	49,99	2,0	5,9	5,0
76,31	49,99	2,0	5,9	5,0
76,33	49,99	2,0	5,9	5,0
76,36	49,99	2,0	5,9	5,0
76,38	49,99	2,0	5,9	5,0
76,41	49,99	2,0	5,9	5,0
76,43	49,99	2,0	5,9	5,0
76,45	49,99	2,0	5,9	5,0
76,48	49,99	2,0	5,9	5,0
76,50	49,99	2,0	5,9	5,0
76,53	49,99	2,0	5,9	5,0
76,55	49,99	2,0	5,9	5,0
76,58	49,99	2,0	5,9	5,0
76,60	49,99	2,0	5,9	5,0
76,62	49,99	2,0	5,9	5,0
76,65	49,99	2,0	5,9	5,0
76,67	49,99	2,0	5,9	5,0
76,70	49,99	2,0	5,9	5,0
76,72	49,99	2,0	5,9	5,0
76,75	49,99	2,0	5,9	5,0
76,77	49,99	2,0	5,9	5,0
76,80	49,99	2,0	5,9	5,0
76,82	49,99	2,0	5,9	5,0
76,84	49,99	2,0	5,9	5,0
76,87	49,99	2,0	5,9	5,0
76,89	49,99	2,0	5,9	5,0
76,92	49,99	2,0	5,9	5,0
76,94	49,99	2,0	5,9	5,0
76,97	49,99	2,0	5,9	5,0
76,99	49,99	2,0	5,9	5,0
77,02	49,99	2,0	5,9	5,0
77,04	49,99	2,0	5,9	5,0
77,06	49,99	2,0	5,9	5,0
77,09	49,99	2,0	5,9	5,0
77,11	49,99	2,0	5,9	5,0
77,14	49,99	2,0	5,9	5,0
77,16	49,99	2,0	5,9	5,0
77,19	49,99	2,0	5,9	5,0
77,21	49,99	2,0	5,9	5,0
77,24	49,99	2,0	5,9	5,0
77,26	49,99	2,0	5,9	5,0
77,28	49,99	2,0	5,9	5,0
77,31	49,99	2,0	5,9	5,0
77,33	49,99	2,0	5,9	5,0
77,36	49,99	2,0	5,9	5,0
77,38	49,99	2,0	5,9	5,0
77,41	49,99	2,0	5,9	5,0
77,43	49,99	2,0	5,9	5,0
77,46	49,99	2,0	5,9	5,0
77,48	49,99	2,0	5,9	5,0
77,50	49,99	2,0	5,9	5,0
77,53	49,99	2,0	5,9	5,0
77,55	49,99	2,0	5,9	5,0
77,58	49,99	2,0	5,9	5,0
77,60	49,99	2,0	5,9	5,0
77,63	49,99	2,0	5,9	5,0
77,65	49,99	2,0	5,9	5,0
77,68	49,99	2,0	5,9	5,0
77,70	49,99	2,0	5,9	5,0
77,72	49,99	2,0	5,9	5,0
77,75	49,99	2,0	5,9	5,0
77,77	49,99	2,0	5,9	5,0
77,80	49,99	2,0	5,9	5,0
77,82	49,99	2,0	5,9	5,0
77,85	49,99	2,0	5,9	5,0
77,87	49,99	2,0	5,9	5,0
77,89	49,99	2,0	5,9	5,0
77,92	49,99	2,0	5,9	5,0
77,94	49,99	2,0	5,9	5,0
77,97	49,99	2,0	5,9	5,0
77,99	49,99	2,0	5,9	5,0
78,02	49,99	2,0	5,9	5,0
78,04	49,99	2,0	5,9	5,0
78,07	49,99	2,0	5,9	5,0
78,09	49,99	2,0	5,9	5,0
78,11	49,99	2,0	5,9	5,0
78,14	49,99	2,0	5,9	5,0
78,16	49,99	2,0	5,9	5,0
78,19	49,99	2,0	5,9	5,0
78,21	49,99	2,0	5,9	5,0
78,24	49,99	2,0	5,9	5,0
78,26	49,99	2,0	5,9	5,0
78,29	49,99	2,0	5,9	5,0
78,31	49,99	2,0	5,9	5,0
78,33	49,99	2,0	5,9	5,0
78,36	49,99	2,0	5,9	5,0
78,38	49,99	2,0	5,9	5,0
78,41	49,99	2,0	5,9	5,0
78,43	49,99	2,0	5,9	5,0
78,46	49,99	2,0	5,9	5,0
78,48	49,99	2,0	5,9	5,0
78,51	49,99	2,0	5,9	5,0
78,53	49,99	2,0	5,9	5,0
78,55	49,99	2,0	5,9	5,0
78,58	49,99	2,0	5,9	5,0
78,60	49,99	2,0	5,9	5,0
78,63	49,99	2,0	5,9	5,0
78,65	49,99	2,0	5,9	5,0
78,68	49,99	2,0	5,9	5,0
78,70	49,99	2,0	5,9	5,0
78,73	49,99	2,0	5,9	5,0
78,75	49,99	2,0	5,9	5,0
78,77	49,99	2,0	5,9	5,0
78,80	49,99	2,0	5,9	5,0
78,82	49,99	2,0	5,9	5,0
78,85	49,99	2,0	5,9	5,0
78,87	49,99	2,0	5,9	5,0
78,90	49,99	2,0	5,9	5,0
78,92	49,99	2,0	5,9	5,0
78,94	49,99	2,0	5,9	5,0
78,97	49,99	2,0	5,9	5,0
78,99	49,99	2,0	5,9	5,0
79,02	49,99	2,0	5,9	5,0
79,04	49,99	2,0	5,9	5,0
79,07	49,99	2,0	5,9	5,0
79,09	49,99	2,0	5,9	5,0
79,12	49,99	2,0	5,9	5,0
79,14	49,99	2,0	5,9	5,0
79,16	49,99	2,0	5,9	5,0
79,19	49,99	2,0	5,9	5,0
79,21	49,99	2,0	5,9	5,0
79,24	49,99	2,0	5,9	5,0
79,26	49,99	2,0	5,9	5,0
79,29	49,99	2,0	5,9	5,0
79,31	49,99	2,0	5,9	5,0
79,34	49,99	2,0	5,9	5,0
79,36	49,99	2,0	5,9	5,0
79,38	49,99	2,0	5,9	5,0
79,41	49,99	2,0	5,9	5,0
79,43	49,99	2,0	5,9	5,0
79,46	49,99	2,0	5,9	5,0
79,48	49,99	2,0	5,9	5,0
79,51	49,99	2,0	5,9	5,0
79,53	49,99	2,0	5,9	5,0
79,56	49,99	2,0	5,9	5,0
79,58	49,99	2,0	5,9	5,0
79,60	49,99	2,0	5,9	5,0
79,63	49,99	2,0	5,9	5,0
79,65	49,99	2,0	5,9	5,0
79,68	49,99	2,0	5,9	5,0
79,70	49,99	2,0	5,9	5,0
79,73	49,99	2,0	5,9	5,0
79,75	49,99	2,0	5,9	5,0
79,78	49,99	2,0	5,9	5,0
79,80	49,99	2,0	5,9	5,0
79,82	49,99	2,0	5,9	5,0
79,85	49,99	2,0	5,9	5,0
79,87	49,99	2,0	5,9	5,0
79,90	49,99	2,0	5,9	5,0
79,92	49,99	2,0	5,9	5,0
79,95	49,99	2,0	5,9	5,0
79,97	49,99	2,0	5,9	5,0
79,99	49,99	2,0	5,9	5,0
80,02	49,99	2,0	5,9	5,0
80,04	49,99	2,0	5,9	5,0
80,07	49,99	2,0	5,9	5,0
80,09	49,99	2,0	5,9	5,0
80,12	49,99	2,0	5,9	5,0
80,14	49,99	2,0	5,9	5,0
80,17	49,99	2,0	5,9	5,0
80,19	49,99	2,0	5,9	5,0
80,21	49,99	2,0	5,9	5,0
80,24	49,99	2,0	5,9	5,0
80,26	49,99	2,0	5,9	5,0
80,29	49,99	2,0	5,9	5,0
80,31	49,99	2,0	5,9	5,0
80,34	49,99	2,0	5,9	5,0
80,36	49,99	2,0	5,9	5,0
80,39	49,99	2,0	5,9	5,0
80,41	49,99	2,0	5,9	5,0
80,43	49,99	2,0	5,9	5,0
80,46	49,99	2,0	5,9	5,0
80,48	49,99	2,0	5,9	5,0
80,51	49,99	2,0	5,9	5,0
80,53	49,99	2,0	5,9	5,0
80,56	49,99	2,0	5,9	5,0
80,58	49,99	2,0	5,9	5,0
80,61	49,99	2,0	5,9	5,0
80,63	49,99	2,0	5,9	5,0
80,65	49,99	2,0	5,9	5,0
80,68	49,99	2,0	5,9	5,0
80,70	49,99	2,0	5,9	5,0
80,73	49,99	2,0	5,9	5,0
80,75	49,99	2,0	5,9	5,0
80,78	49,99	2,0	5,9	5,0
80,80	49,99	2,0	5,9	5,0
80,83	49,99	2,0	5,9	5,0
80,85	49,99	2,0	5,9	5,0
80,87	49,99	2,0	5,9	5,0
80,90	49,99	2,0	5,9	5,0
80,92	49,99	2,0	5,9	5,0
80,95	49,99	2,0	5,9	5,0
80,97	49,99	2,0	5,9	5,0
81,00	49,99	2,0	5,9	5,0
81,02	49,99	2,0	5,9	5,0
81,04	49,99	2,0	5,9	5,0
81,07	49,99	2,0	5,9	5,0
81,09	49,99	2,0	5,9	5,0
81,12	49,99	2,0	5,9	5,0
81,14	49,99	2,0	5,9	5,0
81,17	49,99	2,0	5,9	5,0
81,19	49,99	2,0	5,9	5,0
81,22	49,99	2,0	5,9	5,0
81,24	49,99	2,0	5,9	5,0
81,26	49,99	2,0	5,9	5,0
81,29	49,99	2,0	5,9	5,0
81,31	49,99	2,0	5,9	5,0
81,34	49,99	2,0	5,9	5,0
81,36	49,99	2,0	5,9	5,0
81,39	49,99	2,0	5,9	5,0
81,41	49,99	2,0	5,9	5,0
81,44	49,99	2,0	5,9	5,0
81,46	49,99	2,0	5,9	5,0
81,48	49,99	2,0	5,9	5,0
81,51	49,99	2,0	5,9	5,0
81,53	49,99	2,0	5,9	5,0
81,56	49,99	2,0	5,9	5,0
81,58	49,99	2,0	5,9	5,0
81,61	49,99	2,0	5,9	5,0
81,63	49,99	2,0	5,9	5,0
81,66	49,99	2,0	5,9	5,0
81,68	49,99	2,0	5,9	5,0
81,70	49,99	2,0	5,9	5,0
81,73	49,99	2,0	5,9	5,0
81,75	49,99	2,0	5,9	5,0
81,78	49,99	2,0	5,9	5,0
81,80	49,99	2,0	5,9	5,0
81,83	49,99	2,0	5,9	5,0
81,85	49,99	2,0	5,9	5,0
81,88	49,99	2,0	5,9	5,0
81,90	49,99	2,0	5,9	5,0
81,92	49,99	2,0	5,9	5,0
81,95	49,99	2,0	5,9	5,0
81,97	49,99	2,0	5,9	5,0
82,00	49,99	2,0	5,9	5,0
82,02	49,99	2,0	5,9	5,0
82,05	49,99	2,0	5,9	5,0
82,07	49,99	2,0	5,9	5,0
82,10	49,99	2,0	5,9	5,0
82,12	49,99	2,0	5,9	5,0
82,14	49,99	2,0	5,9	5,0
82,17	49,99	2,0	5,9	5,0
82,19	49,99	2,0	5,9	5,0
82,22	49,99	2,0	5,9	5,0
82,24	49,99	2,0	5,9	5,0
82,27	49,99	2,0	5,9	5,0
82,29	49,99	2,0	5,9	5,0
82,31	49,99	2,0	5,9	5,0
82,34	49,99	2,0	5,9	5,0
82,36	49,99	2,0	5,9	5,0
82,39	49,99	2,0	5,9	5,0
82,41	49,99	2,0	5,9	5,0
82,44	49,99	2,0	5,9	5,0
82,46	49,99	2,0	5,9	5,0
82,49	49,99	2,0	5,9	5,0
82,51	49,99	2,0	5,9	5,0
82,53	49,99	2,0	5,9	5,0
82,56	49,99	2,0	5,9	5,0
82,58	49,99	2,0	5,9	5,0
82,61	49,99	2,0	5,9	5,0
82,63	49,99	2,0	5,9	5,0
82,66	49,99	2,0	5,9	5,0
82,68	49,99	2,0	5,9	5,0
82,71	49,99	2,0	5,9	5,0
82,73	49,99	2,0	5,9	5,0
82,75	49,99	2,0	5,9	5,0
82,78	49,99	2,0	5,9	5,0
82,80	49,99	2,0	5,9	5,0
82,83	49,99	2,0	5,9	5,0
82,85	49,99	2,0	5,9	5,0
82,88	49,99	2,0	5,9	5,0
82,90	49,99	2,0	5,9	5,0
82,93	49,99	2,0	5,9	5,0
82,95	49,99	2,0	5,9	5,0
82,97	49,99	2,0	5,9	5,0
83,00	49,99	2,0	5,9	5,0
83,02	49,99	2,0	5,9	5,0
83,05	49,99	2,0	5,9	5,0
83,07	49,99	2,0	5,9	5,0
83,10	49,99	2,0	5,9	5,0
83,12	49,99	2,0	5,9	5,0
83,15	49,99	2,0	5,9	5,0
83,17	49,99	2,0	5,9	5,0
83,19	49,99	2,0	5,9	5,0
83,22	49,99	2,0	5,9	5,0
83,24	49,99	2,0	5,9	5,0
83,27	49,99	2,0	5,9	5,0
83,29	49,99	2,0	5,9	5,0
83,32	49,99	2,0	5,9	5,0
83,34	49,99	2,0	5,9	5,0
83,36	49,99	2,0	5,9	5,0
83,39	49,99	2,0	5,9	5,0
83,41	49,99	2,0	5,9	5,0
83,44	49,99	2,0	5,9	5,0
83,46	49,99	2,0	5,9	5,0
83,49	49,99	2,0	5,9	5,0
83,51	49,99	2,0	5,9	5,0
83,54	49,99	2,0	5,9	5,0
83,56	49,99	2,0	5,9	5,0
83,58	49,99	2,0	5,9	5,0
83,61	49,99	2,0	5,9	5,0
83,63	49,99	2,0	5,9	5,0
83,66	49,99	2,0	5,9	5,0
83,68	49,99	2,0	5,9	5,0
83,71	49,99	2,0	5,9	5,0
83,73	49,99	2,0	5,9	5,0
83,76	49,99	2,0	5,9	5,0
83,78	49,99	2,0	5,9	5,0
83,80	49,99	2,0	5,9	5,0
83,83	49,99	2,0	5,9	5,0
83,85	49,99	2,0	5,9	5,0
83,88	49,99	2,0	5,9	5,0
83,90	49,99	2,0	5,9	5,0
83,93	49,99	2,0	5,9	5,0
83,95	49,99	2,0	5,9	5,0
83,98	49,99	2,0	5,9	5,0
84,00	49,99	2,0	5,9	5,0
84,02	49,99	2,0	5,9	5,0
84,05	49,99	2,0	5,9	5,0
84,07	49,99	2,0	5,9	5,0
84,10	49,99	2,0	5,9	5,0
84,12	49,99	2,0	5,9	5,0
84,15	49,99	2,0	5,9	5,0
84,17	49,99	2,0	5,9	5,0
84,20	49,99	2,0	5,9	5,0
84,22	49,99	2,0	5,9	5,0
84,24	49,99	2,0	5,9	5,0
84,27	49,99	2,0	5,9	5,0
84,29	49,99	2,0	5,9	5,0
84,32	49,99	2,0	5,9	5,0
84,34	49,99	2,0	5,9	5,0
84,37	49,99	2,0	5,9	5,0
84,39	49,99	2,0	5,9	5,0
84,41	49,99	2,0	5,9	5,0
84,44	49,99	2,0	5,9	5,0
84,46	49,99	2,0	5,9	5,0
84,49	49,99	2,0	5,9	5,0
84,51	49,99	2,0	5,9	5,0
84,54	49,99	2,0	5,9	5,0
84,56	49,99	2,0	5,9	5,0
84,59	49,99	2,0	5,9	5,0
84,61	49,99	2,0	5,9	5,0
84,63	49,99	2,0	5,9	5,0
84,66	49,99	2,0	5,9	5,0
84,68	49,99	2,0	5,9	5,0
84,71	49,99	2,0	5,9	5,0
84,73	49,99	2,0	5,9	5,0
84,76	49,99	2,0	5,9	5,0
84,78	49,99	2,0	5,9	5,0
84,81	49,99	2,0	5,9	5,0
84,83	49,99	2,0	5,9	5,0
84,85	49,99	2,0	5,9	5,0
84,88	49,99	2,0	5,9	5,0
84,90	49,99	2,0	5,9	5,0
84,93	49,99	2,0	5,9	5,0
84,95	49,99	2,0	5,9	5,0
84,98	49,99	2,0	5,9	5,0
85,00	49,99	2,0	5,9	5,0
85,03	49,99	2,0	5,9	5,0
85,05	49,99	2,0	5,9	5,0
85,07	49,99	2,0	5,9	5,0
85,10	49,99	2,0	5,9	5,0
85,12	49,99	2,0	5,9	5,0
85,15	49,99	2,0	5,9	5,0
85,17	49,99	2,0	5,9	5,0
85,20	49,99	2,0	5,9	5,0
85,22	49,99	2,0	5,9	5,0
85,25	49,99	2,0	5,9	5,0
85,27	49,99	2,0	5,9	5,0
85,29	49,99	2,0	5,9	5,0
85,32	49,99	2,0	5,9	5,0
85,34	49,99	2,0	5,9	5,0
85,37	49,99	2,0	5,9	5,0
85,39	49,99	2,0	5,9	5,0
85,42	49,99	2,0	5,9	5,0
85,44	49,99	2,0	5,9	5,0
85,47	49,99	2,0	5,9	5,0
85,49	49,99	2,0	5,9	5,0
85,51	49,99	2,0	5,9	5,0
85,54	49,99	2,0	5,9	5,0
85,56	49,99	2,0	5,9	5,0
85,59	49,99	2,0	5,9	5,0
85,61	49,99	2,0	5,9	5,0
85,64	49,99	2,0	5,9	5,0
85,66	49,99	2,0	5,9	5,0
85,68	49,99	2,0	5,9	5,0
85,71	49,99	2,0	5,9	5,0
85,73	49,99	2,0	5,9	5,0
85,76	49,99	2,0	5,9	5,0
85,78	49,99	2,0	5,9	5,0
85,81	49,99	2,0	5,9	5,0
85,83	49,99	2,0	5,9	5,0
85,86	49,99	2,0	5,9	5,0
85,88	49,99	2,0	5,9	5,0
85,90	49,99	2,0	5,9	5,0
85,93	49,99	2,0	5,9	5,0
85,95	49,99	2,0	5,9	5,0
85,98	49,99	2,0	5,9	5,0
86,00	49,99	2,0	5,9	5,0
86,03	49,99	2,0	5,9	5,0
86,05	49,99	2,0	5,9	5,0
86,08	49,99	2,0	5,9	5,0
86,10	49,99	2,0	5,9	5,0
86,12	49,99	2,0	5,9	5,0
86,15	49,99	2,0	5,9	5,0
86,17	49,99	2,0	5,9	5,0
86,20	49,99	2,0	5,9	5,0
86,22	49,99	2,0	5,9	5,0
86,25	49,99	2,0	5,9	5,0
86,27	49,99	2,0	5,9	5,0
86,30	49,99	2,0	5,9	5,0
86,32	49,99	2,0	5,9	5,0
86,34	49,99	2,0	5,9	5,0
86,37	49,99	2,0	5,9	5,0
86,39	49,99	2,0	5,9	5,0
86,42	49,99	2,0	5,9	5,0
86,44	49,99	2,0	5,9	5,0
86,47	49,99	2,0	5,9	5,0
86,49	49,99	2,0	5,9	5,0
86,52	49,99	2,0	5,9	5,0
86,54	49,99	2,0	5,9	5,0
86,56	49,99	2,0	5,9	5,0
86,59	49,99	2,0	5,9	5,0
86,61	49,99	2,0	5,9	5,0
86,64	49,99	2,0	5,9	5,0
86,66	49,99	2,0	5,9	5,0
86,69	49,99	2,0	5,9	5,0
86,71	49,99	2,0	5,9	5,0
86,73	49,99	2,0	5,9	5,0
86,76	49,99	2,0	5,9	5,0
86,78	49,99	2,0	5,9	5,0
86,81	49,99	2,0	5,9	5,0
86,83	49,99	2,0	5,9	5,0
86,86	49,99	2,0	5,9	5,0
86,88	49,99	2,0	5,9	5,0
86,91	49,99	2,0	5,9	5,0
86,93	49,99	2,0	5,9	5,0
86,95	49,99	2,0	5,9	5,0
86,98	49,99	2,0	5,9	5,0
87,00	49,99	2,0	5,9	5,0
87,03	49,99	2,0	5,9	5,0
87,05	49,99	2,0	5,9	5,0
87,08	49,99	2,0	5,9	5,0
87,10	49,99	2,0	5,9	5,0
87,13	49,99	2,0	5,9	5,0
87,15	49,99	2,0	5,9	5,0
87,17	49,99	2,0	5,9	5,0
87,20	49,99	2,0	5,9	5,0
87,22	49,99	2,0	5,9	5,0
87,25	49,99	2,0	5,9	5,0
87,27	49,99	2,0	5,9	5,0
87,30	49,99	2,0	5,9	5,0
87,32	49,99	2,0	5,9	5,0
87,35	49,99	2,0	5,9	5,0
87,37	49,99	2,0	5,9	5,0
87,39	49,99	2,0	5,9	5,0
87,42	49,99	2,0	5,9	5,0
87,44	49,99	2,0	5,9	5,0
87,47	49,99	2,0	5,9	5,0
87,49	49,99	2,0	5,9	5,0
87,52	49,99	2,0	5,9	5,0
87,54	49,99	2,0	5,9	5,0
87,57	49,99	2,0	5,9	5,0
87,59	49,99	2,0	5,9	5,0
87,61	49,99	2,0	5,9	5,0
87,64	49,99	2,0	5,9	5,0
87,66	49,99	2,0	5,9	5,0
87,69	49,99	2,0	5,9	5,0
87,71	49,99	2,0	5,9	5,0
87,74	49,99	2,0	5,9	5,0
87,76	49,99	2,0	5,9	5,0
87,78	49,99	2,0	5,9	5,0
87,81	49,99	2,0	5,9	5,0
87,83	49,99	2,0	5,9	5,0
87,86	49,99	2,0	5,9	5,0
87,88	49,99	2,0	5,9	5,0
87,91	49,99	2,0	5,9	5,0
87,93	49,99	2,0	5,9	5,0
87,96	49,99	2,0	5,9	5,0
87,98	49,99	2,0	5,9	5,0
88,00	49,99	2,0	5,9	5,0
88,03	49,99	2,0	5,9	5,0
88,05	49,99	2,0	5,9	5,0
88,08	49,99	2,0	5,9	5,0
88,10	49,99	2,0	5,9	5,0
88,13	49,99	2,0	5,9	5,0
88,15	49,99	2,0	5,9	5,0
88,18	49,99	2,0	5,9	5,0
88,20	49,99	2,0	5,9	5,0
88,22	49,99	2,0	5,9	5,0
88,25	49,99	2,0	5,9	5,0
88,27	49,99	2,0	5,9	5,0
88,30	49,99	2,0	5,9	5,0
88,32	49,99	2,0	5,9	5,0
88,35	49,99	2,0	5,9	5,0
88,37	49,99	2,0	5,9	5,0
88,40	49,99	2,0	5,9	5,0
88,42	49,99	2,0	5,9	5,0
88,44	49,99	2,0	5,9	5,0
88,47	49,99	2,0	5,9	5,0
88,49	49,99	2,0	5,9	5,0
88,52	49,99	2,0	5,9	5,0
88,54	49,99	2,0	5,9	5,0
88,57	49,99	2,0	5,9	5,0
88,59	49,99	2,0	5,9	5,0
88,62	49,99	2,0	5,9	5,0
88,64	49,99	2,0	5,9	5,0
88,66	49,99	2,0	5,9	5,0
88,69	49,99	2,0	5,9	5,0
88,71	49,99	2,0	5,9	5,0
88,74	49,99	2,0	5,9	5,0
88,76	49,99	2,0	5,9	5,0
88,79	49,99	2,0	5,9	5,0
88,81	49,99	2,0	5,9	5,0
88,83	49,99	2,0	5,9	5,0
88,86	49,99	2,0	5,9	5,0
88,88	49,99	2,0	5,9	5,0
88,91	49,99	2,0	5,9	5,0
88,93	49,99	2,0	5,9	5,0
88,96	49,99	2,0	5,9	5,0
88,98	49,99	2,0	5,9	5,0
89,01	49,99	2,0	5,9	5,0
89,03	49,99	2,0	5,9	5,0
89,05	49,99	2,0	5,9	5,0
89,08	49,99	2,0	5,9	5,0
89,10	49,99	2,0	5,9	5,0
89,13	49,99	2,0	5,9	5,0
89,15	49,99	2,0	5,9	5,0
89,18	49,99	2,0	5,9	5,0
89,20	49,99	2,0	5,9	5,0
89,23	49,99	2,0	5,9	5,0
89,25	49,99	2,0	5,9	5,0
89,27	49,99	2,0	5,9	5,0
89,30	49,99	2,0	5,9	5,0
89,32	49,99	2,0	5,9	5,0
89,35	49,99	2,0	5,9	5,0
89,37	49,99	2,0	5,9	5,0
89,40	49,99	2,0	5,9	5,0
89,42	49,99	2,0	5,9	5,0
89,45	49,99	2,0	5,9	5,0
89,47	49,99	2,0	5,9	5,0
89,49	49,99	2,0	5,9	5,0
89,52	49,99	2,0	5,9	5,0
89,54	49,99	2,0	5,9	5,0
89,57	49,99	2,0	5,9	5,0
89,59	49,99	2,0	5,9	5,0
89,62	49,99	2,0	5,9	5,0
89,64	49,99	2,0	5,9	5,0
89,67	49,99	2,0	5,9	5,0
89,69	49,99	2,0	5,9	5,0
89,71	49,99	2,0	5,9	5,0
89,74	49,99	2,0	5,9	5,0
89,76	49,99	2,0	5,9	5,0
89,79	49,99	2,0	5,9	5,0
89,81	49,99	2,0	5,9	5,0
89,84	49,99	2,0	5,9	5,0
89,86	49,99	2,0	5,9	5,0
89,89	49,99	2,0	5,9	5,0
89,91	49,99	2,0	5,9	5,0
89,93	49,99	2,0	5,9	5,0
89,96	49,99	2,0	5,9	5,0
89,98	49,99	2,0	5,9	5,0
90,01	49,99	2,0	5,9	5,0
90,03	49,99	2,0	5,9	5,0
90,06	49,99	2,0	5,9	5,0
90,08	49,99	2,0	5,9	5,0
90,10	49,99	2,0	5,9	5,0
90,13	49,99	2,0	5,9	5,0
90,15	49,99	2,0	5,9	5,0
90,18	49,99	2,0	5,9	5,0
90,20	49,99	2,0	5,9	5,0
90,23	49,99	2,0	5,9	5,0
90,25	49,99	2,0	5,9	5,0
90,28	49,99	2,0	5,9	5,0
90,30	49,99	2,0	5,9	5,0
90,32	49,99	2,0	5,9	5,0
90,35	49,99	2,0	5,9	5,0
90,37	49,99	2,0	5,9	5,0
90,40	49,99	2,0	5,9	5,0
90,42	49,99	2,0	5,9	5,0
90,45	49,99	2,0	5,9	5,0
90,47	49,99	2,0	5,9	5,0
90,50	49,99	2,0	5,9	5,0
90,52	49,99	2,0	5,9	5,0
90,54	49,99	2,0	5,9	5,0
90,57	49,99	2,0	5,9	5,0
90,59	49,99	2,0	5,9	5,0
90,62	49,99	2,0	5,9	5,0
90,64	49,99	2,0	5,9	5,0
90,67	49,99	2,0	5,9	5,0
90,69	49,99	2,0	5,9	5,0
90,72	49,99	2,0	5,9	5,0
90,74	49,99	2,0	5,9	5,0
90,76	49,99	2,0	5,9	5,0
90,79	49,99	2,0	5,9	5,0
90,81	49,99	2,0	5,9	5,0
90,84	49,99	2,0	5,9	5,0
90,86	49,99	2,0	5,9	5,0
90,89	49,99	2,0	5,9	5,0
90,91	49,99	2,0	5,9	5,0
90,94	49,99	2,0	5,9	5,0
90,96	49,99	2,0	5,9	5,0
90,98	49,99	2,0	5,9	5,0
91,01	49,99	2,0	5,9	5,0
91,03	49,99	2,0	5,9	5,0
91,06	49,99	2,0	5,9	5,0
91,08	49,99	2,0	5,9	5,0
91,11	49,99	2,0	5,9	5,0
91,13	49,99	2,0	5,9	5,0
91,15	49,99	2,0	5,9	5,0
91,18	49,99	2,0	5,9	5,0
91,20	49,99	2,0	5,9	5,0
91,23	49,99	2,0	5,9	5,0
91,25	49,99	2,0	5,9	5,0
91,28	49,99	2,0	5,9	5,0
91,30	49,99	2,0	5,9	5,0
91,33	49,99	2,0	5,9	5,0
91,35	49,99	2,0	5,9	5,0
91,37	49,99	2,0	5,9	5,0
91,40	49,99	2,0	5,9	5,0
91,42	49,99	2,0	5,9	5,0
91,45	49,99	2,0	5,9	5,0
91,47	49,99	2,0	5,9	5,0
91,50	49,99	2,0	5,9	5,0
91,52	49,99	2,0	5,9	5,0
91,55	49,99	2,0	5,9	5,0
91,57	49,99	2,0	5,9	5,0
91,59	49,99	2,0	5,9	5,0
91,62	49,99	2,0	5,9	5,0
91,64	49,99	2,0	5,9	5,0
91,67	49,99	2,0	5,9	5,0
91,69	49,99	2,0	5,9	5,0
91,72	49,99	2,0	5,9	5,0
91,74	49,99	2,0	5,9	5,0
91,77	49,99	2,0	5,9	5,0
91,79	49,99	2,0	5,9	5,0
91,81	49,99	2,0	5,9	5,0
91,84	49,99	2,0	5,9	5,0
91,86	49,99	2,0	5,9	5,0
91,89	49,99	2,0	5,9	5,0
91,91	49,99	2,0	5,9	5,0
91,94	49,99	2,0	5,9	5,0
91,96	49,99	2,0	5,9	5,0
91,99	49,99	2,0	5,9	5,0
92,01	49,99	2,0	5,9	5,0
92,03	49,99	2,0	5,9	5,0
92,06	49,99	2,0	5,9	5,0
92,08	49,99	2,0	5,9	5,0
92,11	49,99	2,0	5,9	5,0
92,13	49,99	2,0	5,9	5,0
92,16	49,99	2,0	5,9	5,0
92,18	49,99	2,0	5,9	5,0
92,20	49,99	2,0	5,9	5,0
92,23	49,99	2,0	5,9	5,0
92,25	49,99	2,0	5,9	5,0
92,28	49,99	2,0	5,9	5,0
92,30	49,99	2,0	5,9	5,0
92,33	49,99	2,0	5,9	5,0
92,35	49,99	2,0	5,9	5,0
92,38	49,99	2,0	5,9	5,0
92,40	49,99	2,0	5,9	5,0
92,42	49,99	2,0	5,9	5,0
92,45	49,99	2,0	5,9	5,0
92,47	49,99	2,0	5,9	5,0
92,50	49,99	2,0	5,9	5,0
92,52	49,99	2,0	5,9	5,0
92,55	49,99	2,0	5,9	5,0
92,57	49,99	2,0	5,9	5,0
92,60	49,99	2,0	5,9	5,0
92,62	49,99	2,0	5,9	5,0
92,64	49,99	2,0	5,9	5,0
92,67	49,99	2,0	5,9	5,0
92,69	49,99	2,0	5,9	5,0
92,72	49,99	2,0	5,9	5,0
92,74	49,99	2,0	5,9	5,0
92,77	49,99	2,0	5,9	5,0
92,79	49,99	2,0	5,9	5,0
92,82	49,99	2,0	5,9	5,0
92,84	49,99	2,0	5,9	5,0
92,86	49,99	2,0	5,9	5,0
92,89	49,99	2,0	5,9	5,0
92,91	49,99	2,0	5,9	5,0
92,94	49,99	2,0	5,9	5,0
92,96	49,99	2,0	5,9	5,0
92,99	49,99	2,0	5,9	5,0
93,01	49,99	2,0	5,9	5,0
93,04	49,99	2,0	5,9	5,0
93,06	49,99	2,0	5,9	5,0
93,08	49,99	2,0	5,9	5,0
93,11	49,99	2,0	5,9	5,0
93,13	49,99	2,0	5,9	5,0
93,16	49,99	2,0	5,9	5,0
93,18	49,99	2,0	5,9	5,0
93,21	49,99	2,0	5,9	5,0
93,23	49,99	2,0	5,9	5,0
93,25	49,99	2,0	5,9	5,0
93,28	49,99	2,0	5,9	5,0
93,30	49,99	2,0	5,9	5,0
93,33	49,99	2,0	5,9	5,0
93,35	49,99	2,0	5,9	5,0
93,38	49,99	2,0	5,9	5,0
93,40	49,99	2,0	5,9	5,0
93,43	49,99	2,0	5,9	5,0
93,45	49,99	2,0	5,9	5,0
93,47	49,99	2,0	5,9	5,0
93,50	49,99	2,0	5,9	5,0
93,52	49,99	2,0	5,9	5,0
93,55	49,99	2,0	5,9	5,0
93,57	49,99	2,0	5,9	5,0
93,60	49,99	2,0	5,9	5,0
93,62	49,99	2,0	5,9	5,0
93,65	49,99	2,0	5,9	5,0
93,67	49,99	2,0	5,9	5,0
93,69	49,99	2,0	5,9	5,0
93,72	49,99	2,0	5,9	5,0
93,74	49,99	2,0	5,9	5,0
93,77	49,99	2,0	5,9	5,0
93,79	49,99	2,0	5,9	5,0
93,82	49,99	2,0	5,9	5,0
93,84	49,99	2,0	5,9	5,0
93,87	49,99	2,0	5,9	5,0
93,89	49,99	2,0	5,9	5,0
93,91	49,99	2,0	5,9	5,0
93,94	49,99	2,0	5,9	5,0
93,96	49,99	2,0	5,9	5,0
93,99	49,99	2,0	5,9	5,0
94,01	49,99	2,0	5,9	5,0
94,04	49,99	2,0	5,9	5,0
94,06	49,99	2,0	5,9	5,0
94,09	49,99	2,0	5,9	5,0
94,11	49,99	2,0	5,9	5,0
94,13	49,99	2,0	5,9	5,0
94,16	49,99	2,0	5,9	5,0
94,18	49,99	2,0	5,9	5,0
94,21	49,99	2,0	5,9	5,0
94,23	49,99	2,0	5,9	5,0
94,26	49,99	2,0	5,9	5,0
94,28	49,99	2,0	5,9	5,0
94,31	49,99	2,0	5,9	5,0
94,33	49,99	2,0	5,9	5,0
94,35	49,99	2,0	5,9	5,0
94,38	49,99	2,0	5,9	5,0
94,40	49,99	2,0	5,9	5,0
94,43	49,99	2,0	5,9	5,0
94,45	49,99	2,0	5,9	5,0
94,48	49,99	2,0	5,9	5,0
94,50	49,99	2,0	5,9	5,0
94,52	49,99	2,0	5,9	5,0
94,55	49,99	2,0	5,9	5,0
94,57	49,99	2,0	5,9	5,0
94,60	49,99	2,0	5,9	5,0
94,62	49,99	2,0	5,9	5,0
94,65	49,99	2,0	5,9	5,0
94,67	49,99	2,0	5,9	5,0
94,70	49,99	2,0	5,9	5,0
94,72	49,99	2,0	5,9	5,0
94,74	49,99	2,0	5,9	5,0
94,77	49,99	2,0	5,9	5,0
94,79	49,99	2,0	5,9	5,0
94,82	49,99	2,0	5,9	5,0
94,84	49,99	2,0	5,9	5,0
94,87	49,99	2,0	5,9	5,0
94,89	49,99	2,0	5,9	5,0
94,92	49,99	2,0	5,9	5,0
94,94	49,99	2,0	5,9	5,0
94,96	49,99	2,0	5,9	5,0
94,99	49,99	2,0	5,9	5,0
95,01	49,99	2,0	5,9	5,0
95,04	49,99	2,0	5,9	5,0
95,06	49,99	2,0	5,9	5,0
95,09	49,99	2,0	5,9	5,0
95,11	49,99	2,0	5,9	5,0
95,14	49,99	2,0	5,9	5,0
95,16	49,99	2,0	5,9	5,0
95,18	49,99	2,0	5,9	5,0
95,21	49,99	2,0	5,9	5,0
95,23	49,99	2,0	5,9	5,0
95,26	49,99	2,0	5,9	5,0
95,28	49,99	2,0	5,9	5,0
95,31	49,99	2,0	5,9	5,0
95,33	49,99	2,0	5,9	5,0
95,36	49,99	2,0	5,9	5,0
95,38	49,99	2,0	5,9	5,0
95,40	49,99	2,0	5,9	5,0
95,43	49,99	2,0	5,9	5,0
95,45	49,99	2,0	5,9	5,0
95,48	49,99	2,0	5,9	5,0
95,50	49,99	2,0	5,9	5,0
95,53	49,99	2,0	5,9	5,0
95,55	49,99	2,0	5,9	5,0
95,57	49,99	2,0	5,9	5,0
95,60	49,99	2,0	5,9	5,0
95,62	49,99	2,0	5,9	5,0
95,65	49,99	2,0	5,9	5,0
95,67	49,99	2,0	5,9	5,0
95,70	49,99	2,0	5,9	5,0
95,72	49,99	2,0	5,9	5,0
95,75	49,99	2,0	5,9	5,0
95,77	49,99	2,0	5,9	5,0
95,79	49,99	2,0	5,9	5,0
95,82	49,99	2,0	5,9	5,0
95,84	49,99	2,0	5,9	5,0
95,87	49,99	2,0	5,9	5,0
95,89	49,99	2,0	5,9	5,0
95,92	49,99	2,0	5,9	5,0
95,94	49,99	2,0	5,9	5,0
95,97	49,99	2,0	5,9	5,0
95,99	49,99	2,0	5,9	5,0
96,01	49,99	2,0	5,9	5,0
96,04	49,99	2,0	5,9	5,0
96,06	49,99	2,0	5,9	5,0
96,09	49,99	2,0	5,9	5,0
96,11	49,99	2,0	5,9	5,0
96,14	49,99	2,0	5,9	5,0
96,16	49,99	2,0	5,9	5,0
96,19	49,99	2,0	5,9	5,0
96,21	49,99	2,0	5,9	5,0
96,23	49,99	2,0	5,9	5,0
96,26	49,99	2,0	5,9	5,0
96,28	49,99	2,0	5,9	5,0
96,31	49,99	2,0	5,9	5,0
96,33	49,99	2,0	5,9	5,0
96,36	49,99	2,0	5,9	5,0
96,38	49,99	2,0	5,9	5,0
96,41	49,99	2,0	5,9	5,0
96,43	49,99	2,0	5,9	5,0
96,45	49,99	2,0	5,9	5,0
96,48	49,99	2,0	5,9	5,0
96,50	49,99	2,0	5,9	5,0
96,53	49,99	2,0	5,9	5,0
96,55	49,99	2,0	5,9	5,0
96,58	49,99	2,0	5,9	5,0
96,60	49,99	2,0	5,9	5,0
96,62	49,99	2,0	5,9	5,0
96,65	49,99	2,0	5,9	5,0
96,67	49,99	2,0	5,9	5,0
96,70	49,99	2,0	5,9	5,0
96,72	49,99	2,0	5,9	5,0
96,75	49,99	2,0	5,9	5,0
96,77	49,99	2,0	5,9	5,0
96,80	49,99	2,0	5,9	5,0
96,82	49,99	2,0	5,9	5,0
96,84	49,99	2,0	5,9	5,0
96,87	49,99	2,0	5,9	5,0
96,89	49,99	2,0	5,9	5,0
96,92	49,99	2,0	5,9	5,0
96,94	49,99	2,0	5,9	5,0
96,97	49,99	2,0	5,9	5,0
96,99	49,99	2,0	5,9	5,0
97,02	49,99	2,0	5,9	5,0
97,04	49,99	2,0	5,9	5,0
97,06	49,99	2,0	5,9	5,0
97,09	49,99	2,0	5,9	5,0
97,11	49,99	2,0	5,9	5,0
97,14	49,99	2,0	5,9	5,0
97,16	49,99	2,0	5,9	5,0
97,19	49,99	2,0	5,9	5,0
97,21	49,99	2,0	5,9	5,0
97,24	49,99	2,0	5,9	5,0
97,26	49,99	2,0	5,9	5,0
97,28	49,99	2,0	5,9	5,0
97,31	49,99	2,0	5,9	5,0
97,33	49,99	2,0	5,9	5,0
97,36	49,99	2,0	5,9	5,0
97,38	49,99	2,0	5,9	5,0
97,41	49,99	2,0	5,9	5,0
97,43	49,99	2,0	5,9	5,0
97,46	49,99	2,0	5,9	5,0
97,48	49,99	2,0	5,9	5,0
97,50	49,99	2,0	5,9	5,0
97,53	49,99	2,0	5,9	5,0
97,55	49,99	2,0	5,9	5,0
97,58	49,99	2,0	5,9	5,0
97,60	49,99	2,0	5,9	5,0
97,63	49,99	2,0	5,9	5,0
97,65	49,99	2,0	5,9	5,0
97,68	49,99	2,0	5,9	5,0
97,70	49,99	2,0	5,9	5,0
97,72	49,99	2,0	5,9	5,0
97,75	49,99	2,0	5,9	5,0
97,77	49,99	2,0	5,9	5,0
97,80	49,99	2,0	5,9	5,0
97,82	49,99	2,0	5,9	5,0
97,85	49,99	2,0	5,9	5,0
97,87	49,99	2,0	5,9	5,0
97,89	49,99	2,0	5,9	5,0
97,92	49,99	2,0	5,9	5,0
97,94	49,99	2,0	5,9	5,0
97,97	49,99	2,0	5,9	5,0
97,99	49,99	2,0	5,9	5,0
98,02	49,99	2,0	5,9	5,0
98,04	49,99	2,0	5,9	5,0
98,07	49,99	2,0	5,9	5,0
98,09	49,99	2,0	5,9	5,0
98,11	49,99	2,0	5,9	5,0
98,14	49,99	2,0	5,9	5,0
98,16	49,99	2,0	5,9	5,0
98,19	49,99	2,0	5,9	5,0
98,21	49,99	2,0	5,9	5,0
98,24	49,99	2,0	5,9	5,0
98,26	49,99	2,0	5,9	5,0
98,29	49,99	2,0	5,9	5,0
98,31	49,99	2,0	5,9	5,0
98,33	49,99	2,0	5,9	5,0
98,36	49,99	2,0	5,9	5,0
98,38	49,99	2,0	5,9	5,0
98,41	49,99	2,0	5,9	5,0
98,43	49,99	2,0	5,9	5,0
98,46	49,99	2,0	5,9	5,0
98,48	49,99	2,0	5,9	5,0
98,51	49,99	2,0	5,9	5,0
98,53	49,99	2,0	5,9	5,0
98,55	49,99	2,0	5,9	5,0
98,58	49,99	2,0	5,9	5,0
98,60	49,99	2,0	5,9	5,0
98,63	49,99	2,0	5,9	5,0
98,65	49,99	2,0	5,9	5,0
98,68	49,99	2,0	5,9	5,0
98,70	49,99	2,0	5,9	5,0
98,73	49,99	2,0	5,9	5,0
98,75	49,99	2,0	5,9	5,0
98,77	49,99	2,0	5,9	5,0
98,80	49,99	2,0	5,9	5,0
98,82	49,99	2,0	5,9	5,0
98,85	49,99	2,0	5,9	5,0
98,87	49,99	2,0	5,9	5,0
98,90	49,99	2,0	5,9	5,0
98,92	49,99	2,0	5,9	5,0
98,94	49,99	2,0	5,9	5,0
98,97	49,99	2,0	5,9	5,0
98,99	49,99	2,0	5,9	5,0
