Voltage U1	Corriente IA	Voltage U2	Voltage U3	Voltage UH
U1/V	IA/nA	U2/V	U3/V	UH/V

0,02	0,06	3,0	5,8	5,5
0,04	0,07	3,0	5,8	5,5
0,07	0,08	3,0	5,8	5,5
0,09	0,08	3,0	5,8	5,5
0,12	0,08	3,0	5,8	5,5
0,14	0,09	3,0	5,8	5,5
0,17	0,10	3,0	5,8	5,5
0,19	0,10	3,0	5,8	5,5
0,21	0,10	3,0	5,8	5,5
0,24	0,11	3,0	5,8	5,5
0,26	0,12	3,0	5,8	5,5
0,29	0,12	3,0	5,8	5,5
0,31	0,12	3,0	5,8	5,5
0,34	0,13	3,0	5,8	5,5
0,36	0,14	3,0	5,8	5,5
0,39	0,14	3,0	5,8	5,5
0,41	0,13	3,0	5,8	5,5
0,43	0,14	3,0	5,8	5,5
0,46	0,14	3,0	5,8	5,5
0,48	0,14	3,0	5,8	5,5
0,51	0,13	3,0	5,8	5,5
0,53	0,14	3,0	5,8	5,5
0,56	0,14	3,0	5,8	5,5
0,58	0,14	3,0	5,8	5,5
0,61	0,14	3,0	5,8	5,5
0,63	0,14	3,0	5,8	5,5
0,65	0,14	3,0	5,8	5,5
0,68	0,14	3,0	5,8	5,5
0,70	0,14	3,0	5,8	5,5
0,73	0,15	3,0	5,8	5,5
0,75	0,15	3,0	5,8	5,5
0,78	0,15	3,0	5,8	5,5
0,80	0,15	3,0	5,8	5,5
0,83	0,15	3,0	5,8	5,5
0,85	0,15	3,0	5,8	5,5
0,87	0,15	3,0	5,8	5,5
0,90	0,14	3,0	5,8	5,5
0,92	0,15	3,0	5,8	5,5
0,95	0,16	3,0	5,8	5,5
0,97	0,16	3,0	5,8	5,5
1,00	0,15	3,0	5,8	5,5
1,02	0,16	3,0	5,8	5,5
1,05	0,16	3,0	5,8	5,5
1,07	0,16	3,0	5,8	5,5
1,09	0,14	3,0	5,8	5,5
1,12	0,15	3,0	5,8	5,5
1,14	0,15	3,0	5,8	5,5
1,17	0,15	3,0	5,8	5,5
1,19	0,15	3,0	5,8	5,5
1,22	0,16	3,0	5,8	5,5
1,24	0,16	3,0	5,8	5,5
1,26	0,16	3,0	5,8	5,5
1,29	0,15	3,0	5,8	5,5
1,31	0,16	3,0	5,8	5,5
1,34	0,16	3,0	5,8	5,5
1,36	0,16	3,0	5,8	5,5
1,39	0,15	3,0	5,8	5,5
1,41	0,16	3,0	5,8	5,5
1,44	0,17	3,0	5,8	5,5
1,46	0,16	3,0	5,8	5,5
1,48	0,16	3,0	5,8	5,5
1,51	0,17	3,0	5,8	5,5
1,53	0,17	3,0	5,8	5,5
1,56	0,17	3,0	5,8	5,5
1,58	0,16	3,0	5,8	5,5
1,61	0,17	3,0	5,8	5,5
1,63	0,17	3,0	5,8	5,5
1,66	0,16	3,0	5,8	5,5
1,68	0,16	3,0	5,8	5,5
1,70	0,17	3,0	5,8	5,5
1,73	0,17	3,0	5,8	5,5
1,75	0,17	3,0	5,8	5,5
1,78	0,17	3,0	5,8	5,5
1,80	0,18	3,0	5,8	5,5
1,83	0,18	3,0	5,8	5,5
1,85	0,17	3,0	5,8	5,5
1,88	0,17	3,0	5,8	5,5
1,90	0,18	3,0	5,8	5,5
1,92	0,18	3,0	5,8	5,5
1,95	0,17	3,0	5,8	5,5
1,97	0,18	3,0	5,8	5,5
2,00	0,18	3,0	5,8	5,5
2,02	0,18	3,0	5,8	5,5
2,05	0,18	3,0	5,8	5,5
2,07	0,18	3,0	5,8	5,5
2,10	0,18	3,0	5,8	5,5
2,12	0,18	3,0	5,8	5,5
2,14	0,18	3,0	5,8	5,5
2,17	0,18	3,0	5,8	5,5
2,19	0,18	3,0	5,8	5,5
2,22	0,18	3,0	5,8	5,5
2,24	0,18	3,0	5,8	5,5
2,27	0,18	3,0	5,8	5,5
2,29	0,18	3,0	5,8	5,5
2,31	0,19	3,0	5,8	5,5
2,34	0,19	3,0	5,8	5,5
2,36	0,19	3,0	5,8	5,5
2,39	0,19	3,0	5,8	5,5
2,41	0,19	3,0	5,8	5,5
2,44	0,20	3,0	5,8	5,5
2,46	0,19	3,0	5,8	5,5
2,49	0,19	3,0	5,8	5,5
2,51	0,20	3,0	5,8	5,5
2,53	0,20	3,0	5,8	5,5
2,56	0,19	3,0	5,8	5,5
2,58	0,19	3,0	5,8	5,5
2,61	0,20	3,0	5,8	5,5
2,63	0,21	3,0	5,8	5,5
2,66	0,20	3,0	5,8	5,5
2,68	0,20	3,0	5,8	5,5
2,71	0,21	3,0	5,8	5,5
2,73	0,21	3,0	5,8	5,5
2,75	0,20	3,0	5,8	5,5
2,78	0,20	3,0	5,8	5,5
2,80	0,20	3,0	5,8	5,5
2,83	0,21	3,0	5,8	5,5
2,85	0,21	3,0	5,8	5,5
2,88	0,21	3,0	5,8	5,5
2,90	0,21	3,0	5,8	5,5
2,93	0,21	3,0	5,8	5,5
2,95	0,22	3,0	5,8	5,5
2,97	0,21	3,0	5,8	5,5
3,00	0,20	3,0	5,8	5,5
3,02	0,21	3,0	5,8	5,5
3,05	0,21	3,0	5,8	5,5
3,07	0,21	3,0	5,8	5,5
3,10	0,21	3,0	5,8	5,5
3,12	0,22	3,0	5,8	5,5
3,15	0,22	3,0	5,8	5,5
3,17	0,21	3,0	5,8	5,5
3,19	0,21	3,0	5,8	5,5
3,22	0,22	3,0	5,8	5,5
3,24	0,23	3,0	5,8	5,5
3,27	0,22	3,0	5,8	5,5
3,29	0,21	3,0	5,8	5,5
3,32	0,22	3,0	5,8	5,5
3,34	0,23	3,0	5,8	5,5
3,36	0,22	3,0	5,8	5,5
3,39	0,22	3,0	5,8	5,5
3,41	0,23	3,0	5,8	5,5
3,44	0,23	3,0	5,8	5,5
3,46	0,23	3,0	5,8	5,5
3,49	0,23	3,0	5,8	5,5
3,51	0,23	3,0	5,8	5,5
3,54	0,23	3,0	5,8	5,5
3,56	0,23	3,0	5,8	5,5
3,58	0,23	3,0	5,8	5,5
3,61	0,24	3,0	5,8	5,5
3,63	0,24	3,0	5,8	5,5
3,66	0,23	3,0	5,8	5,5
3,68	0,23	3,0	5,8	5,5
3,71	0,24	3,0	5,8	5,5
3,73	0,24	3,0	5,8	5,5
3,76	0,23	3,0	5,8	5,5
3,78	0,24	3,0	5,8	5,5
3,80	0,24	3,0	5,8	5,5
3,83	0,24	3,0	5,8	5,5
3,85	0,24	3,0	5,8	5,5
3,88	0,25	3,0	5,8	5,5
3,90	0,26	3,0	5,8	5,5
3,93	0,25	3,0	5,8	5,5
3,95	0,25	3,0	5,8	5,5
3,98	0,25	3,0	5,8	5,5
4,00	0,26	3,0	5,8	5,5
4,02	0,26	3,0	5,8	5,5
4,05	0,25	3,0	5,8	5,5
4,07	0,26	3,0	5,8	5,5
4,10	0,26	3,0	5,8	5,5
4,12	0,26	3,0	5,8	5,5
4,15	0,25	3,0	5,8	5,5
4,17	0,26	3,0	5,8	5,5
4,20	0,27	3,0	5,8	5,5
4,22	0,26	3,0	5,8	5,5
4,24	0,26	3,0	5,8	5,5
4,27	0,27	3,0	5,8	5,5
4,29	0,27	3,0	5,8	5,5
4,32	0,27	3,0	5,8	5,5
4,34	0,26	3,0	5,8	5,5
4,37	0,27	3,0	5,8	5,5
4,39	0,28	3,0	5,8	5,5
4,42	0,27	3,0	5,8	5,5
4,44	0,27	3,0	5,8	5,5
4,46	0,28	3,0	5,8	5,5
4,49	0,28	3,0	5,8	5,5
4,51	0,27	3,0	5,8	5,5
4,54	0,27	3,0	5,8	5,5
4,56	0,28	3,0	5,8	5,5
4,59	0,28	3,0	5,8	5,5
4,61	0,29	3,0	5,8	5,5
4,63	0,29	3,0	5,8	5,5
4,66	0,28	3,0	5,8	5,5
4,68	0,29	3,0	5,8	5,5
4,71	0,29	3,0	5,8	5,5
4,73	0,29	3,0	5,8	5,5
4,76	0,29	3,0	5,8	5,5
4,78	0,29	3,0	5,8	5,5
4,81	0,29	3,0	5,8	5,5
4,83	0,30	3,0	5,8	5,5
4,85	0,29	3,0	5,8	5,5
4,88	0,29	3,0	5,8	5,5
4,90	0,30	3,0	5,8	5,5
4,93	0,30	3,0	5,8	5,5
4,95	0,29	3,0	5,8	5,5
4,98	0,30	3,0	5,8	5,5
5,00	0,30	3,0	5,8	5,5
5,03	0,30	3,0	5,8	5,5
5,05	0,31	3,0	5,8	5,5
5,07	0,31	3,0	5,8	5,5
5,10	0,31	3,0	5,8	5,5
5,12	0,31	3,0	5,8	5,5
5,15	0,31	3,0	5,8	5,5
5,17	0,31	3,0	5,8	5,5
5,20	0,32	3,0	5,8	5,5
5,22	0,31	3,0	5,8	5,5
5,25	0,31	3,0	5,8	5,5
5,27	0,30	3,0	5,8	5,5
5,29	0,31	3,0	5,8	5,5
5,32	0,32	3,0	5,8	5,5
5,34	0,32	3,0	5,8	5,5
5,37	0,31	3,0	5,8	5,5
5,39	0,31	3,0	5,8	5,5
5,42	0,32	3,0	5,8	5,5
5,44	0,32	3,0	5,8	5,5
5,47	0,32	3,0	5,8	5,5
5,49	0,32	3,0	5,8	5,5
5,51	0,33	3,0	5,8	5,5
5,54	0,33	3,0	5,8	5,5
5,56	0,32	3,0	5,8	5,5
5,59	0,32	3,0	5,8	5,5
5,61	0,33	3,0	5,8	5,5
5,64	0,33	3,0	5,8	5,5
5,66	0,32	3,0	5,8	5,5
5,68	0,33	3,0	5,8	5,5
5,71	0,33	3,0	5,8	5,5
5,73	0,33	3,0	5,8	5,5
5,76	0,33	3,0	5,8	5,5
5,78	0,34	3,0	5,8	5,5
5,81	0,34	3,0	5,8	5,5
5,83	0,34	3,0	5,8	5,5
5,86	0,34	3,0	5,8	5,5
5,88	0,35	3,0	5,8	5,5
5,90	0,35	3,0	5,8	5,5
5,93	0,34	3,0	5,8	5,5
5,95	0,34	3,0	5,8	5,5
5,98	0,35	3,0	5,8	5,5
6,00	0,36	3,0	5,8	5,5
6,03	0,35	3,0	5,8	5,5
6,05	0,35	3,0	5,8	5,5
6,08	0,36	3,0	5,8	5,5
6,10	0,37	3,0	5,8	5,5
6,12	0,36	3,0	5,8	5,5
6,15	0,35	3,0	5,8	5,5
6,17	0,36	3,0	5,8	5,5
6,20	0,37	3,0	5,8	5,5
6,22	0,36	3,0	5,8	5,5
6,25	0,36	3,0	5,8	5,5
6,27	0,38	3,0	5,8	5,5
6,30	0,38	3,0	5,8	5,5
6,32	0,38	3,0	5,8	5,5
6,34	0,38	3,0	5,8	5,5
6,37	0,38	3,0	5,8	5,5
6,39	0,39	3,0	5,8	5,5
6,42	0,38	3,0	5,8	5,5
6,44	0,38	3,0	5,8	5,5
6,47	0,39	3,0	5,8	5,5
6,49	0,39	3,0	5,8	5,5
6,52	0,39	3,0	5,8	5,5
6,54	0,38	3,0	5,8	5,5
6,56	0,40	3,0	5,8	5,5
6,59	0,40	3,0	5,8	5,5
6,61	0,39	3,0	5,8	5,5
6,64	0,39	3,0	5,8	5,5
6,66	0,40	3,0	5,8	5,5
6,69	0,40	3,0	5,8	5,5
6,71	0,39	3,0	5,8	5,5
6,73	0,39	3,0	5,8	5,5
6,76	0,40	3,0	5,8	5,5
6,78	0,41	3,0	5,8	5,5
6,81	0,40	3,0	5,8	5,5
6,83	0,40	3,0	5,8	5,5
6,86	0,41	3,0	5,8	5,5
6,88	0,41	3,0	5,8	5,5
6,91	0,40	3,0	5,8	5,5
6,93	0,40	3,0	5,8	5,5
6,95	0,41	3,0	5,8	5,5
6,98	0,41	3,0	5,8	5,5
7,00	0,41	3,0	5,8	5,5
7,03	0,41	3,0	5,8	5,5
7,05	0,41	3,0	5,8	5,5
7,08	0,41	3,0	5,8	5,5
7,10	0,42	3,0	5,8	5,5
7,13	0,41	3,0	5,8	5,5
7,15	0,41	3,0	5,8	5,5
7,17	0,42	3,0	5,8	5,5
7,20	0,42	3,0	5,8	5,5
7,22	0,41	3,0	5,8	5,5
7,25	0,41	3,0	5,8	5,5
7,27	0,42	3,0	5,8	5,5
7,30	0,43	3,0	5,8	5,5
7,32	0,42	3,0	5,8	5,5
7,35	0,42	3,0	5,8	5,5
7,37	0,43	3,0	5,8	5,5
7,39	0,43	3,0	5,8	5,5
7,42	0,43	3,0	5,8	5,5
7,44	0,43	3,0	5,8	5,5
7,47	0,44	3,0	5,8	5,5
7,49	0,44	3,0	5,8	5,5
7,52	0,43	3,0	5,8	5,5
7,54	0,44	3,0	5,8	5,5
7,57	0,44	3,0	5,8	5,5
7,59	0,44	3,0	5,8	5,5
7,61	0,44	3,0	5,8	5,5
7,64	0,44	3,0	5,8	5,5
7,66	0,45	3,0	5,8	5,5
7,69	0,45	3,0	5,8	5,5
7,71	0,46	3,0	5,8	5,5
7,74	0,46	3,0	5,8	5,5
7,76	0,45	3,0	5,8	5,5
7,78	0,47	3,0	5,8	5,5
7,81	0,47	3,0	5,8	5,5
7,83	0,46	3,0	5,8	5,5
7,86	0,46	3,0	5,8	5,5
7,88	0,46	3,0	5,8	5,5
7,91	0,47	3,0	5,8	5,5
7,93	0,46	3,0	5,8	5,5
7,96	0,46	3,0	5,8	5,5
7,98	0,47	3,0	5,8	5,5
8,00	0,48	3,0	5,8	5,5
8,03	0,47	3,0	5,8	5,5
8,05	0,47	3,0	5,8	5,5
8,08	0,48	3,0	5,8	5,5
8,10	0,48	3,0	5,8	5,5
8,13	0,47	3,0	5,8	5,5
8,15	0,47	3,0	5,8	5,5
8,18	0,49	3,0	5,8	5,5
8,20	0,49	3,0	5,8	5,5
8,22	0,49	3,0	5,8	5,5
8,25	0,49	3,0	5,8	5,5
8,27	0,50	3,0	5,8	5,5
8,30	0,50	3,0	5,8	5,5
8,32	0,48	3,0	5,8	5,5
8,35	0,48	3,0	5,8	5,5
8,37	0,49	3,0	5,8	5,5
8,40	0,49	3,0	5,8	5,5
8,42	0,48	3,0	5,8	5,5
8,44	0,49	3,0	5,8	5,5
8,47	0,50	3,0	5,8	5,5
8,49	0,50	3,0	5,8	5,5
8,52	0,49	3,0	5,8	5,5
8,54	0,49	3,0	5,8	5,5
8,57	0,51	3,0	5,8	5,5
8,59	0,51	3,0	5,8	5,5
8,62	0,50	3,0	5,8	5,5
8,64	0,50	3,0	5,8	5,5
8,66	0,51	3,0	5,8	5,5
8,69	0,51	3,0	5,8	5,5
8,71	0,50	3,0	5,8	5,5
8,74	0,51	3,0	5,8	5,5
8,76	0,52	3,0	5,8	5,5
8,79	0,52	3,0	5,8	5,5
8,81	0,51	3,0	5,8	5,5
8,84	0,51	3,0	5,8	5,5
8,86	0,52	3,0	5,8	5,5
8,88	0,53	3,0	5,8	5,5
8,91	0,52	3,0	5,8	5,5
8,93	0,52	3,0	5,8	5,5
8,96	0,53	3,0	5,8	5,5
8,98	0,53	3,0	5,8	5,5
9,01	0,53	3,0	5,8	5,5
9,03	0,53	3,0	5,8	5,5
9,05	0,54	3,0	5,8	5,5
9,08	0,54	3,0	5,8	5,5
9,10	0,53	3,0	5,8	5,5
9,13	0,53	3,0	5,8	5,5
9,15	0,54	3,0	5,8	5,5
9,18	0,54	3,0	5,8	5,5
9,20	0,54	3,0	5,8	5,5
9,23	0,54	3,0	5,8	5,5
9,25	0,55	3,0	5,8	5,5
9,27	0,55	3,0	5,8	5,5
9,30	0,54	3,0	5,8	5,5
9,32	0,55	3,0	5,8	5,5
9,35	0,56	3,0	5,8	5,5
9,37	0,56	3,0	5,8	5,5
9,40	0,56	3,0	5,8	5,5
9,42	0,57	3,0	5,8	5,5
9,45	0,57	3,0	5,8	5,5
9,47	0,57	3,0	5,8	5,5
9,49	0,57	3,0	5,8	5,5
9,52	0,57	3,0	5,8	5,5
9,54	0,56	3,0	5,8	5,5
9,57	0,57	3,0	5,8	5,5
9,59	0,57	3,0	5,8	5,5
9,62	0,57	3,0	5,8	5,5
9,64	0,57	3,0	5,8	5,5
9,67	0,58	3,0	5,8	5,5
9,69	0,58	3,0	5,8	5,5
9,71	0,59	3,0	5,8	5,5
9,74	0,58	3,0	5,8	5,5
9,76	0,59	3,0	5,8	5,5
9,79	0,59	3,0	5,8	5,5
9,81	0,59	3,0	5,8	5,5
9,84	0,59	3,0	5,8	5,5
9,86	0,60	3,0	5,8	5,5
9,89	0,60	3,0	5,8	5,5
9,91	0,60	3,0	5,8	5,5
9,93	0,60	3,0	5,8	5,5
9,96	0,60	3,0	5,8	5,5
9,98	0,60	3,0	5,8	5,5
10,01	0,60	3,0	5,8	5,5
10,03	0,60	3,0	5,8	5,5
10,06	0,60	3,0	5,8	5,5
10,08	0,61	3,0	5,8	5,5
10,10	0,60	3,0	5,8	5,5
10,13	0,60	3,0	5,8	5,5
10,15	0,60	3,0	5,8	5,5
10,18	0,61	3,0	5,8	5,5
10,20	0,62	3,0	5,8	5,5
10,23	0,60	3,0	5,8	5,5
10,25	0,60	3,0	5,8	5,5
10,28	0,62	3,0	5,8	5,5
10,30	0,62	3,0	5,8	5,5
10,32	0,61	3,0	5,8	5,5
10,35	0,61	3,0	5,8	5,5
10,37	0,62	3,0	5,8	5,5
10,40	0,62	3,0	5,8	5,5
10,42	0,61	3,0	5,8	5,5
10,45	0,61	3,0	5,8	5,5
10,47	0,62	3,0	5,8	5,5
10,50	0,62	3,0	5,8	5,5
10,52	0,62	3,0	5,8	5,5
10,54	0,62	3,0	5,8	5,5
10,57	0,63	3,0	5,8	5,5
10,59	0,64	3,0	5,8	5,5
10,62	0,63	3,0	5,8	5,5
10,64	0,63	3,0	5,8	5,5
10,67	0,65	3,0	5,8	5,5
10,69	0,64	3,0	5,8	5,5
10,72	0,64	3,0	5,8	5,5
10,74	0,64	3,0	5,8	5,5
10,76	0,65	3,0	5,8	5,5
10,79	0,65	3,0	5,8	5,5
10,81	0,64	3,0	5,8	5,5
10,84	0,65	3,0	5,8	5,5
10,86	0,66	3,0	5,8	5,5
10,89	0,65	3,0	5,8	5,5
10,91	0,65	3,0	5,8	5,5
10,94	0,66	3,0	5,8	5,5
10,96	0,66	3,0	5,8	5,5
10,98	0,66	3,0	5,8	5,5
11,01	0,65	3,0	5,8	5,5
11,03	0,66	3,0	5,8	5,5
11,06	0,67	3,0	5,8	5,5
11,08	0,66	3,0	5,8	5,5
11,11	0,66	3,0	5,8	5,5
11,13	0,67	3,0	5,8	5,5
11,15	0,68	3,0	5,8	5,5
11,18	0,67	3,0	5,8	5,5
11,20	0,67	3,0	5,8	5,5
11,23	0,67	3,0	5,8	5,5
11,25	0,67	3,0	5,8	5,5
11,28	0,67	3,0	5,8	5,5
11,30	0,67	3,0	5,8	5,5
11,33	0,68	3,0	5,8	5,5
11,35	0,69	3,0	5,8	5,5
11,37	0,68	3,0	5,8	5,5
11,40	0,68	3,0	5,8	5,5
11,42	0,69	3,0	5,8	5,5
11,45	0,69	3,0	5,8	5,5
11,47	0,68	3,0	5,8	5,5
11,50	0,68	3,0	5,8	5,5
11,52	0,69	3,0	5,8	5,5
11,55	0,69	3,0	5,8	5,5
11,57	0,69	3,0	5,8	5,5
11,59	0,68	3,0	5,8	5,5
11,62	0,70	3,0	5,8	5,5
11,64	0,70	3,0	5,8	5,5
11,67	0,69	3,0	5,8	5,5
11,69	0,69	3,0	5,8	5,5
11,72	0,70	3,0	5,8	5,5
11,74	0,70	3,0	5,8	5,5
11,77	0,70	3,0	5,8	5,5
11,79	0,70	3,0	5,8	5,5
11,81	0,71	3,0	5,8	5,5
11,84	0,71	3,0	5,8	5,5
11,86	0,70	3,0	5,8	5,5
11,89	0,71	3,0	5,8	5,5
11,91	0,71	3,0	5,8	5,5
11,94	0,72	3,0	5,8	5,5
11,96	0,72	3,0	5,8	5,5
11,99	0,71	3,0	5,8	5,5
12,01	0,71	3,0	5,8	5,5
12,03	0,72	3,0	5,8	5,5
12,06	0,73	3,0	5,8	5,5
12,08	0,72	3,0	5,8	5,5
12,11	0,72	3,0	5,8	5,5
12,13	0,73	3,0	5,8	5,5
12,16	0,73	3,0	5,8	5,5
12,18	0,72	3,0	5,8	5,5
12,21	0,73	3,0	5,8	5,5
12,23	0,73	3,0	5,8	5,5
12,25	0,74	3,0	5,8	5,5
12,28	0,73	3,0	5,8	5,5
12,30	0,73	3,0	5,8	5,5
12,33	0,74	3,0	5,8	5,5
12,35	0,74	3,0	5,8	5,5
12,38	0,74	3,0	5,8	5,5
12,40	0,74	3,0	5,8	5,5
12,42	0,75	3,0	5,8	5,5
12,45	0,75	3,0	5,8	5,5
12,47	0,74	3,0	5,8	5,5
12,50	0,75	3,0	5,8	5,5
12,52	0,76	3,0	5,8	5,5
12,55	0,76	3,0	5,8	5,5
12,57	0,77	3,0	5,8	5,5
12,60	0,76	3,0	5,8	5,5
12,62	0,76	3,0	5,8	5,5
12,64	0,76	3,0	5,8	5,5
12,67	0,77	3,0	5,8	5,5
12,69	0,76	3,0	5,8	5,5
12,72	0,76	3,0	5,8	5,5
12,74	0,77	3,0	5,8	5,5
12,77	0,77	3,0	5,8	5,5
12,79	0,77	3,0	5,8	5,5
12,82	0,77	3,0	5,8	5,5
12,84	0,78	3,0	5,8	5,5
12,86	0,78	3,0	5,8	5,5
12,89	0,77	3,0	5,8	5,5
12,91	0,77	3,0	5,8	5,5
12,94	0,78	3,0	5,8	5,5
12,96	0,78	3,0	5,8	5,5
12,99	0,78	3,0	5,8	5,5
13,01	0,78	3,0	5,8	5,5
13,04	0,79	3,0	5,8	5,5
13,06	0,79	3,0	5,8	5,5
13,08	0,79	3,0	5,8	5,5
13,11	0,78	3,0	5,8	5,5
13,13	0,79	3,0	5,8	5,5
13,16	0,79	3,0	5,8	5,5
13,18	0,78	3,0	5,8	5,5
13,21	0,79	3,0	5,8	5,5
13,23	0,80	3,0	5,8	5,5
13,26	0,80	3,0	5,8	5,5
13,28	0,79	3,0	5,8	5,5
13,30	0,79	3,0	5,8	5,5
13,33	0,80	3,0	5,8	5,5
13,35	0,80	3,0	5,8	5,5
13,38	0,79	3,0	5,8	5,5
13,40	0,79	3,0	5,8	5,5
13,43	0,80	3,0	5,8	5,5
13,45	0,80	3,0	5,8	5,5
13,47	0,79	3,0	5,8	5,5
13,50	0,79	3,0	5,8	5,5
13,52	0,80	3,0	5,8	5,5
13,55	0,79	3,0	5,8	5,5
13,57	0,78	3,0	5,8	5,5
13,60	0,78	3,0	5,8	5,5
13,62	0,79	3,0	5,8	5,5
13,65	0,79	3,0	5,8	5,5
13,67	0,77	3,0	5,8	5,5
13,69	0,77	3,0	5,8	5,5
13,72	0,78	3,0	5,8	5,5
13,74	0,77	3,0	5,8	5,5
13,77	0,76	3,0	5,8	5,5
13,79	0,76	3,0	5,8	5,5
13,82	0,76	3,0	5,8	5,5
13,84	0,75	3,0	5,8	5,5
13,87	0,73	3,0	5,8	5,5
13,89	0,73	3,0	5,8	5,5
13,91	0,73	3,0	5,8	5,5
13,94	0,72	3,0	5,8	5,5
13,96	0,71	3,0	5,8	5,5
13,99	0,70	3,0	5,8	5,5
14,01	0,71	3,0	5,8	5,5
14,04	0,70	3,0	5,8	5,5
14,06	0,68	3,0	5,8	5,5
14,09	0,68	3,0	5,8	5,5
14,11	0,68	3,0	5,8	5,5
14,13	0,67	3,0	5,8	5,5
14,16	0,65	3,0	5,8	5,5
14,18	0,65	3,0	5,8	5,5
14,21	0,65	3,0	5,8	5,5
14,23	0,64	3,0	5,8	5,5
14,26	0,63	3,0	5,8	5,5
14,28	0,62	3,0	5,8	5,5
14,31	0,62	3,0	5,8	5,5
14,33	0,61	3,0	5,8	5,5
14,35	0,60	3,0	5,8	5,5
14,38	0,59	3,0	5,8	5,5
14,40	0,58	3,0	5,8	5,5
14,43	0,58	3,0	5,8	5,5
14,45	0,58	3,0	5,8	5,5
14,48	0,56	3,0	5,8	5,5
14,50	0,56	3,0	5,8	5,5
14,52	0,56	3,0	5,8	5,5
14,55	0,55	3,0	5,8	5,5
14,57	0,53	3,0	5,8	5,5
14,60	0,53	3,0	5,8	5,5
14,62	0,53	3,0	5,8	5,5
14,65	0,52	3,0	5,8	5,5
14,67	0,51	3,0	5,8	5,5
14,70	0,51	3,0	5,8	5,5
14,72	0,51	3,0	5,8	5,5
14,74	0,50	3,0	5,8	5,5
14,77	0,49	3,0	5,8	5,5
14,79	0,48	3,0	5,8	5,5
14,82	0,49	3,0	5,8	5,5
14,84	0,48	3,0	5,8	5,5
14,87	0,46	3,0	5,8	5,5
14,89	0,46	3,0	5,8	5,5
14,92	0,46	3,0	5,8	5,5
14,94	0,45	3,0	5,8	5,5
14,96	0,44	3,0	5,8	5,5
14,99	0,44	3,0	5,8	5,5
15,01	0,43	3,0	5,8	5,5
15,04	0,43	3,0	5,8	5,5
15,06	0,42	3,0	5,8	5,5
15,09	0,41	3,0	5,8	5,5
15,11	0,41	3,0	5,8	5,5
15,14	0,41	3,0	5,8	5,5
15,16	0,40	3,0	5,8	5,5
15,18	0,39	3,0	5,8	5,5
15,21	0,38	3,0	5,8	5,5
15,23	0,39	3,0	5,8	5,5
15,26	0,38	3,0	5,8	5,5
15,28	0,36	3,0	5,8	5,5
15,31	0,36	3,0	5,8	5,5
15,33	0,36	3,0	5,8	5,5
15,36	0,35	3,0	5,8	5,5
15,38	0,34	3,0	5,8	5,5
15,40	0,34	3,0	5,8	5,5
15,43	0,34	3,0	5,8	5,5
15,45	0,33	3,0	5,8	5,5
15,48	0,32	3,0	5,8	5,5
15,50	0,31	3,0	5,8	5,5
15,53	0,32	3,0	5,8	5,5
15,55	0,31	3,0	5,8	5,5
15,57	0,30	3,0	5,8	5,5
15,60	0,30	3,0	5,8	5,5
15,62	0,31	3,0	5,8	5,5
15,65	0,31	3,0	5,8	5,5
15,67	0,29	3,0	5,8	5,5
15,70	0,29	3,0	5,8	5,5
15,72	0,30	3,0	5,8	5,5
15,75	0,29	3,0	5,8	5,5
15,77	0,27	3,0	5,8	5,5
15,79	0,27	3,0	5,8	5,5
15,82	0,28	3,0	5,8	5,5
15,84	0,28	3,0	5,8	5,5
15,87	0,27	3,0	5,8	5,5
15,89	0,27	3,0	5,8	5,5
15,92	0,28	3,0	5,8	5,5
15,94	0,28	3,0	5,8	5,5
15,97	0,27	3,0	5,8	5,5
15,99	0,27	3,0	5,8	5,5
16,01	0,28	3,0	5,8	5,5
16,04	0,27	3,0	5,8	5,5
16,06	0,26	3,0	5,8	5,5
16,09	0,27	3,0	5,8	5,5
16,11	0,28	3,0	5,8	5,5
16,14	0,28	3,0	5,8	5,5
16,16	0,28	3,0	5,8	5,5
16,19	0,28	3,0	5,8	5,5
16,21	0,29	3,0	5,8	5,5
16,23	0,29	3,0	5,8	5,5
16,26	0,29	3,0	5,8	5,5
16,28	0,29	3,0	5,8	5,5
16,31	0,30	3,0	5,8	5,5
16,33	0,30	3,0	5,8	5,5
16,36	0,31	3,0	5,8	5,5
16,38	0,32	3,0	5,8	5,5
16,41	0,33	3,0	5,8	5,5
16,43	0,33	3,0	5,8	5,5
16,45	0,33	3,0	5,8	5,5
16,48	0,34	3,0	5,8	5,5
16,50	0,35	3,0	5,8	5,5
16,53	0,35	3,0	5,8	5,5
16,55	0,36	3,0	5,8	5,5
16,58	0,37	3,0	5,8	5,5
16,60	0,38	3,0	5,8	5,5
16,63	0,38	3,0	5,8	5,5
16,65	0,39	3,0	5,8	5,5
16,67	0,41	3,0	5,8	5,5
16,70	0,42	3,0	5,8	5,5
16,72	0,42	3,0	5,8	5,5
16,75	0,43	3,0	5,8	5,5
16,77	0,45	3,0	5,8	5,5
16,80	0,46	3,0	5,8	5,5
16,82	0,49	3,0	5,8	5,5
16,84	0,50	3,0	5,8	5,5
16,87	0,50	3,0	5,8	5,5
16,89	0,52	3,0	5,8	5,5
16,92	0,53	3,0	5,8	5,5
16,94	0,54	3,0	5,8	5,5
16,97	0,55	3,0	5,8	5,5
16,99	0,55	3,0	5,8	5,5
17,02	0,57	3,0	5,8	5,5
17,04	0,58	3,0	5,8	5,5
17,06	0,59	3,0	5,8	5,5
17,09	0,61	3,0	5,8	5,5
17,11	0,62	3,0	5,8	5,5
17,14	0,63	3,0	5,8	5,5
17,16	0,64	3,0	5,8	5,5
17,19	0,65	3,0	5,8	5,5
17,21	0,67	3,0	5,8	5,5
17,24	0,68	3,0	5,8	5,5
17,26	0,69	3,0	5,8	5,5
17,28	0,70	3,0	5,8	5,5
17,31	0,72	3,0	5,8	5,5
17,33	0,72	3,0	5,8	5,5
17,36	0,74	3,0	5,8	5,5
17,38	0,75	3,0	5,8	5,5
17,41	0,77	3,0	5,8	5,5
17,43	0,77	3,0	5,8	5,5
17,46	0,78	3,0	5,8	5,5
17,48	0,78	3,0	5,8	5,5
17,50	0,80	3,0	5,8	5,5
17,53	0,82	3,0	5,8	5,5
17,55	0,83	3,0	5,8	5,5
17,58	0,84	3,0	5,8	5,5
17,60	0,85	3,0	5,8	5,5
17,63	0,87	3,0	5,8	5,5
17,65	0,88	3,0	5,8	5,5
17,68	0,88	3,0	5,8	5,5
17,70	0,90	3,0	5,8	5,5
17,72	0,92	3,0	5,8	5,5
17,75	0,92	3,0	5,8	5,5
17,77	0,92	3,0	5,8	5,5
17,80	0,94	3,0	5,8	5,5
17,82	0,96	3,0	5,8	5,5
17,85	0,97	3,0	5,8	5,5
17,87	0,98	3,0	5,8	5,5
17,89	0,99	3,0	5,8	5,5
17,92	1,01	3,0	5,8	5,5
17,94	1,02	3,0	5,8	5,5
17,97	1,03	3,0	5,8	5,5
17,99	1,05	3,0	5,8	5,5
18,02	1,06	3,0	5,8	5,5
18,04	1,07	3,0	5,8	5,5
18,07	1,08	3,0	5,8	5,5
18,09	1,10	3,0	5,8	5,5
18,11	1,12	3,0	5,8	5,5
18,14	1,12	3,0	5,8	5,5
18,16	1,13	3,0	5,8	5,5
18,19	1,15	3,0	5,8	5,5
18,21	1,16	3,0	5,8	5,5
18,24	1,17	3,0	5,8	5,5
18,26	1,18	3,0	5,8	5,5
18,29	1,20	3,0	5,8	5,5
18,31	1,22	3,0	5,8	5,5
18,33	1,23	3,0	5,8	5,5
18,36	1,24	3,0	5,8	5,5
18,38	1,26	3,0	5,8	5,5
18,41	1,28	3,0	5,8	5,5
18,43	1,28	3,0	5,8	5,5
18,46	1,30	3,0	5,8	5,5
18,48	1,32	3,0	5,8	5,5
18,51	1,33	3,0	5,8	5,5
18,53	1,34	3,0	5,8	5,5
18,55	1,35	3,0	5,8	5,5
18,58	1,37	3,0	5,8	5,5
18,60	1,39	3,0	5,8	5,5
18,63	1,39	3,0	5,8	5,5
18,65	1,40	3,0	5,8	5,5
18,68	1,43	3,0	5,8	5,5
18,70	1,44	3,0	5,8	5,5
18,73	1,44	3,0	5,8	5,5
18,75	1,46	3,0	5,8	5,5
18,77	1,48	3,0	5,8	5,5
18,80	1,50	3,0	5,8	5,5
18,82	1,50	3,0	5,8	5,5
18,85	1,52	3,0	5,8	5,5
18,87	1,54	3,0	5,8	5,5
18,90	1,55	3,0	5,8	5,5
18,92	1,55	3,0	5,8	5,5
18,94	1,57	3,0	5,8	5,5
18,97	1,59	3,0	5,8	5,5
18,99	1,60	3,0	5,8	5,5
19,02	1,60	3,0	5,8	5,5
19,04	1,62	3,0	5,8	5,5
19,07	1,64	3,0	5,8	5,5
19,09	1,65	3,0	5,8	5,5
19,12	1,65	3,0	5,8	5,5
19,14	1,67	3,0	5,8	5,5
19,16	1,69	3,0	5,8	5,5
19,19	1,70	3,0	5,8	5,5
19,21	1,71	3,0	5,8	5,5
19,24	1,73	3,0	5,8	5,5
19,26	1,74	3,0	5,8	5,5
19,29	1,76	3,0	5,8	5,5
19,31	1,77	3,0	5,8	5,5
19,34	1,78	3,0	5,8	5,5
19,36	1,79	3,0	5,8	5,5
19,38	1,81	3,0	5,8	5,5
19,41	1,82	3,0	5,8	5,5
19,43	1,83	3,0	5,8	5,5
19,46	1,85	3,0	5,8	5,5
19,48	1,87	3,0	5,8	5,5
19,51	1,88	3,0	5,8	5,5
19,53	1,89	3,0	5,8	5,5
19,56	1,90	3,0	5,8	5,5
19,58	1,92	3,0	5,8	5,5
19,60	1,93	3,0	5,8	5,5
19,63	1,94	3,0	5,8	5,5
19,65	1,95	3,0	5,8	5,5
19,68	1,97	3,0	5,8	5,5
19,70	1,98	3,0	5,8	5,5
19,73	1,99	3,0	5,8	5,5
19,75	2,00	3,0	5,8	5,5
19,78	2,03	3,0	5,8	5,5
19,80	2,03	3,0	5,8	5,5
19,82	2,04	3,0	5,8	5,5
19,85	2,05	3,0	5,8	5,5
19,87	2,07	3,0	5,8	5,5
19,90	2,09	3,0	5,8	5,5
19,92	2,10	3,0	5,8	5,5
19,95	2,11	3,0	5,8	5,5
19,97	2,12	3,0	5,8	5,5
19,99	2,14	3,0	5,8	5,5
20,02	2,15	3,0	5,8	5,5
20,04	2,16	3,0	5,8	5,5
20,07	2,17	3,0	5,8	5,5
20,09	2,18	3,0	5,8	5,5
20,12	2,19	3,0	5,8	5,5
20,14	2,20	3,0	5,8	5,5
20,17	2,21	3,0	5,8	5,5
20,19	2,23	3,0	5,8	5,5
20,21	2,24	3,0	5,8	5,5
20,24	2,24	3,0	5,8	5,5
20,26	2,26	3,0	5,8	5,5
20,29	2,28	3,0	5,8	5,5
20,31	2,29	3,0	5,8	5,5
20,34	2,29	3,0	5,8	5,5
20,36	2,30	3,0	5,8	5,5
20,39	2,32	3,0	5,8	5,5
20,41	2,34	3,0	5,8	5,5
20,43	2,34	3,0	5,8	5,5
20,46	2,35	3,0	5,8	5,5
20,48	2,37	3,0	5,8	5,5
20,51	2,38	3,0	5,8	5,5
20,53	2,38	3,0	5,8	5,5
20,56	2,39	3,0	5,8	5,5
20,58	2,41	3,0	5,8	5,5
20,61	2,42	3,0	5,8	5,5
20,63	2,42	3,0	5,8	5,5
20,65	2,44	3,0	5,8	5,5
20,68	2,46	3,0	5,8	5,5
20,70	2,47	3,0	5,8	5,5
20,73	2,48	3,0	5,8	5,5
20,75	2,49	3,0	5,8	5,5
20,78	2,51	3,0	5,8	5,5
20,80	2,51	3,0	5,8	5,5
20,83	2,51	3,0	5,8	5,5
20,85	2,53	3,0	5,8	5,5
20,87	2,54	3,0	5,8	5,5
20,90	2,55	3,0	5,8	5,5
20,92	2,55	3,0	5,8	5,5
20,95	2,57	3,0	5,8	5,5
20,97	2,59	3,0	5,8	5,5
21,00	2,59	3,0	5,8	5,5
21,02	2,59	3,0	5,8	5,5
21,05	2,61	3,0	5,8	5,5
21,07	2,63	3,0	5,8	5,5
21,09	2,63	3,0	5,8	5,5
21,12	2,63	3,0	5,8	5,5
21,14	2,65	3,0	5,8	5,5
21,17	2,67	3,0	5,8	5,5
21,19	2,67	3,0	5,8	5,5
21,22	2,68	3,0	5,8	5,5
21,24	2,69	3,0	5,8	5,5
21,26	2,71	3,0	5,8	5,5
21,29	2,71	3,0	5,8	5,5
21,31	2,71	3,0	5,8	5,5
21,34	2,72	3,0	5,8	5,5
21,36	2,73	3,0	5,8	5,5
21,39	2,74	3,0	5,8	5,5
21,41	2,74	3,0	5,8	5,5
21,44	2,76	3,0	5,8	5,5
21,46	2,77	3,0	5,8	5,5
21,48	2,78	3,0	5,8	5,5
21,51	2,78	3,0	5,8	5,5
21,53	2,80	3,0	5,8	5,5
21,56	2,81	3,0	5,8	5,5
21,58	2,81	3,0	5,8	5,5
21,61	2,82	3,0	5,8	5,5
21,63	2,83	3,0	5,8	5,5
21,66	2,85	3,0	5,8	5,5
21,68	2,86	3,0	5,8	5,5
21,70	2,86	3,0	5,8	5,5
21,73	2,86	3,0	5,8	5,5
21,75	2,87	3,0	5,8	5,5
21,78	2,89	3,0	5,8	5,5
21,80	2,90	3,0	5,8	5,5
21,83	2,89	3,0	5,8	5,5
21,85	2,91	3,0	5,8	5,5
21,88	2,92	3,0	5,8	5,5
21,90	2,93	3,0	5,8	5,5
21,92	2,93	3,0	5,8	5,5
21,95	2,94	3,0	5,8	5,5
21,97	2,96	3,0	5,8	5,5
22,00	2,97	3,0	5,8	5,5
22,02	2,96	3,0	5,8	5,5
22,05	2,98	3,0	5,8	5,5
22,07	2,99	3,0	5,8	5,5
22,10	2,99	3,0	5,8	5,5
22,12	2,99	3,0	5,8	5,5
22,14	3,01	3,0	5,8	5,5
22,17	3,02	3,0	5,8	5,5
22,19	3,03	3,0	5,8	5,5
22,22	3,03	3,0	5,8	5,5
22,24	3,04	3,0	5,8	5,5
22,27	3,05	3,0	5,8	5,5
22,29	3,06	3,0	5,8	5,5
22,31	3,06	3,0	5,8	5,5
22,34	3,07	3,0	5,8	5,5
22,36	3,08	3,0	5,8	5,5
22,39	3,10	3,0	5,8	5,5
22,41	3,10	3,0	5,8	5,5
22,44	3,10	3,0	5,8	5,5
22,46	3,12	3,0	5,8	5,5
22,49	3,13	3,0	5,8	5,5
22,51	3,13	3,0	5,8	5,5
22,53	3,13	3,0	5,8	5,5
22,56	3,15	3,0	5,8	5,5
22,58	3,17	3,0	5,8	5,5
22,61	3,17	3,0	5,8	5,5
22,63	3,17	3,0	5,8	5,5
22,66	3,18	3,0	5,8	5,5
22,68	3,20	3,0	5,8	5,5
22,71	3,20	3,0	5,8	5,5
22,73	3,19	3,0	5,8	5,5
22,75	3,21	3,0	5,8	5,5
22,78	3,23	3,0	5,8	5,5
22,80	3,23	3,0	5,8	5,5
22,83	3,23	3,0	5,8	5,5
22,85	3,24	3,0	5,8	5,5
22,88	3,26	3,0	5,8	5,5
22,90	3,26	3,0	5,8	5,5
22,93	3,26	3,0	5,8	5,5
22,95	3,28	3,0	5,8	5,5
22,97	3,29	3,0	5,8	5,5
23,00	3,29	3,0	5,8	5,5
23,02	3,29	3,0	5,8	5,5
23,05	3,31	3,0	5,8	5,5
23,07	3,33	3,0	5,8	5,5
23,10	3,33	3,0	5,8	5,5
23,12	3,33	3,0	5,8	5,5
23,15	3,35	3,0	5,8	5,5
23,17	3,36	3,0	5,8	5,5
23,19	3,36	3,0	5,8	5,5
23,22	3,36	3,0	5,8	5,5
23,24	3,37	3,0	5,8	5,5
23,27	3,38	3,0	5,8	5,5
23,29	3,38	3,0	5,8	5,5
23,32	3,38	3,0	5,8	5,5
23,34	3,40	3,0	5,8	5,5
23,36	3,41	3,0	5,8	5,5
23,39	3,42	3,0	5,8	5,5
23,41	3,42	3,0	5,8	5,5
23,44	3,44	3,0	5,8	5,5
23,46	3,44	3,0	5,8	5,5
23,49	3,44	3,0	5,8	5,5
23,51	3,45	3,0	5,8	5,5
23,54	3,46	3,0	5,8	5,5
23,56	3,47	3,0	5,8	5,5
23,58	3,47	3,0	5,8	5,5
23,61	3,48	3,0	5,8	5,5
23,63	3,50	3,0	5,8	5,5
23,66	3,50	3,0	5,8	5,5
23,68	3,50	3,0	5,8	5,5
23,71	3,51	3,0	5,8	5,5
23,73	3,52	3,0	5,8	5,5
23,76	3,52	3,0	5,8	5,5
23,78	3,53	3,0	5,8	5,5
23,80	3,53	3,0	5,8	5,5
23,83	3,55	3,0	5,8	5,5
23,85	3,56	3,0	5,8	5,5
23,88	3,56	3,0	5,8	5,5
23,90	3,57	3,0	5,8	5,5
23,93	3,58	3,0	5,8	5,5
23,95	3,58	3,0	5,8	5,5
23,98	3,59	3,0	5,8	5,5
24,00	3,59	3,0	5,8	5,5
24,02	3,61	3,0	5,8	5,5
24,05	3,62	3,0	5,8	5,5
24,07	3,61	3,0	5,8	5,5
24,10	3,62	3,0	5,8	5,5
24,12	3,63	3,0	5,8	5,5
24,15	3,65	3,0	5,8	5,5
24,17	3,66	3,0	5,8	5,5
24,20	3,66	3,0	5,8	5,5
24,22	3,66	3,0	5,8	5,5
24,24	3,68	3,0	5,8	5,5
24,27	3,69	3,0	5,8	5,5
24,29	3,69	3,0	5,8	5,5
24,32	3,70	3,0	5,8	5,5
24,34	3,71	3,0	5,8	5,5
24,37	3,72	3,0	5,8	5,5
24,39	3,72	3,0	5,8	5,5
24,42	3,72	3,0	5,8	5,5
24,44	3,72	3,0	5,8	5,5
24,46	3,74	3,0	5,8	5,5
24,49	3,74	3,0	5,8	5,5
24,51	3,74	3,0	5,8	5,5
24,54	3,75	3,0	5,8	5,5
24,56	3,76	3,0	5,8	5,5
24,59	3,76	3,0	5,8	5,5
24,61	3,77	3,0	5,8	5,5
24,63	3,78	3,0	5,8	5,5
24,66	3,79	3,0	5,8	5,5
24,68	3,79	3,0	5,8	5,5
24,71	3,80	3,0	5,8	5,5
24,73	3,81	3,0	5,8	5,5
24,76	3,82	3,0	5,8	5,5
24,78	3,83	3,0	5,8	5,5
24,81	3,83	3,0	5,8	5,5
24,83	3,83	3,0	5,8	5,5
24,85	3,84	3,0	5,8	5,5
24,88	3,85	3,0	5,8	5,5
24,90	3,85	3,0	5,8	5,5
24,93	3,84	3,0	5,8	5,5
24,95	3,86	3,0	5,8	5,5
24,98	3,87	3,0	5,8	5,5
25,00	3,87	3,0	5,8	5,5
25,03	3,88	3,0	5,8	5,5
25,05	3,89	3,0	5,8	5,5
25,07	3,90	3,0	5,8	5,5
25,10	3,91	3,0	5,8	5,5
25,12	3,91	3,0	5,8	5,5
25,15	3,92	3,0	5,8	5,5
25,17	3,93	3,0	5,8	5,5
25,20	3,93	3,0	5,8	5,5
25,22	3,93	3,0	5,8	5,5
25,25	3,95	3,0	5,8	5,5
25,27	3,95	3,0	5,8	5,5
25,29	3,95	3,0	5,8	5,5
25,32	3,95	3,0	5,8	5,5
25,34	3,97	3,0	5,8	5,5
25,37	3,97	3,0	5,8	5,5
25,39	3,97	3,0	5,8	5,5
25,42	3,97	3,0	5,8	5,5
25,44	3,99	3,0	5,8	5,5
25,47	3,99	3,0	5,8	5,5
25,49	4,00	3,0	5,8	5,5
25,51	4,00	3,0	5,8	5,5
25,54	4,02	3,0	5,8	5,5
25,56	4,02	3,0	5,8	5,5
25,59	4,02	3,0	5,8	5,5
25,61	4,03	3,0	5,8	5,5
25,64	4,04	3,0	5,8	5,5
25,66	4,04	3,0	5,8	5,5
25,68	4,04	3,0	5,8	5,5
25,71	4,04	3,0	5,8	5,5
25,73	4,06	3,0	5,8	5,5
25,76	4,06	3,0	5,8	5,5
25,78	4,05	3,0	5,8	5,5
25,81	4,06	3,0	5,8	5,5
25,83	4,08	3,0	5,8	5,5
25,86	4,07	3,0	5,8	5,5
25,88	4,07	3,0	5,8	5,5
25,90	4,08	3,0	5,8	5,5
25,93	4,09	3,0	5,8	5,5
25,95	4,09	3,0	5,8	5,5
25,98	4,09	3,0	5,8	5,5
26,00	4,10	3,0	5,8	5,5
26,03	4,11	3,0	5,8	5,5
26,05	4,11	3,0	5,8	5,5
26,08	4,11	3,0	5,8	5,5
26,10	4,12	3,0	5,8	5,5
26,12	4,13	3,0	5,8	5,5
26,15	4,12	3,0	5,8	5,5
26,17	4,12	3,0	5,8	5,5
26,20	4,14	3,0	5,8	5,5
26,22	4,15	3,0	5,8	5,5
26,25	4,14	3,0	5,8	5,5
26,27	4,14	3,0	5,8	5,5
26,30	4,15	3,0	5,8	5,5
26,32	4,16	3,0	5,8	5,5
26,34	4,16	3,0	5,8	5,5
26,37	4,15	3,0	5,8	5,5
26,39	4,17	3,0	5,8	5,5
26,42	4,18	3,0	5,8	5,5
26,44	4,17	3,0	5,8	5,5
26,47	4,17	3,0	5,8	5,5
26,49	4,19	3,0	5,8	5,5
26,52	4,20	3,0	5,8	5,5
26,54	4,19	3,0	5,8	5,5
26,56	4,20	3,0	5,8	5,5
26,59	4,19	3,0	5,8	5,5
26,61	4,20	3,0	5,8	5,5
26,64	4,21	3,0	5,8	5,5
26,66	4,22	3,0	5,8	5,5
26,69	4,22	3,0	5,8	5,5
26,71	4,23	3,0	5,8	5,5
26,73	4,23	3,0	5,8	5,5
26,76	4,24	3,0	5,8	5,5
26,78	4,23	3,0	5,8	5,5
26,81	4,24	3,0	5,8	5,5
26,83	4,25	3,0	5,8	5,5
26,86	4,25	3,0	5,8	5,5
26,88	4,25	3,0	5,8	5,5
26,91	4,25	3,0	5,8	5,5
26,93	4,26	3,0	5,8	5,5
26,95	4,27	3,0	5,8	5,5
26,98	4,27	3,0	5,8	5,5
27,00	4,27	3,0	5,8	5,5
27,03	4,29	3,0	5,8	5,5
27,05	4,28	3,0	5,8	5,5
27,08	4,28	3,0	5,8	5,5
27,10	4,29	3,0	5,8	5,5
27,13	4,30	3,0	5,8	5,5
27,15	4,30	3,0	5,8	5,5
27,17	4,30	3,0	5,8	5,5
27,20	4,31	3,0	5,8	5,5
27,22	4,32	3,0	5,8	5,5
27,25	4,33	3,0	5,8	5,5
27,27	4,33	3,0	5,8	5,5
27,30	4,32	3,0	5,8	5,5
27,32	4,33	3,0	5,8	5,5
27,35	4,33	3,0	5,8	5,5
27,37	4,34	3,0	5,8	5,5
27,39	4,34	3,0	5,8	5,5
27,42	4,34	3,0	5,8	5,5
27,44	4,36	3,0	5,8	5,5
27,47	4,36	3,0	5,8	5,5
27,49	4,36	3,0	5,8	5,5
27,52	4,37	3,0	5,8	5,5
27,54	4,38	3,0	5,8	5,5
27,57	4,37	3,0	5,8	5,5
27,59	4,37	3,0	5,8	5,5
27,61	4,38	3,0	5,8	5,5
27,64	4,39	3,0	5,8	5,5
27,66	4,39	3,0	5,8	5,5
27,69	4,38	3,0	5,8	5,5
27,71	4,40	3,0	5,8	5,5
27,74	4,41	3,0	5,8	5,5
27,76	4,40	3,0	5,8	5,5
27,78	4,40	3,0	5,8	5,5
27,81	4,41	3,0	5,8	5,5
27,83	4,42	3,0	5,8	5,5
27,86	4,41	3,0	5,8	5,5
27,88	4,41	3,0	5,8	5,5
27,91	4,43	3,0	5,8	5,5
27,93	4,44	3,0	5,8	5,5
27,96	4,43	3,0	5,8	5,5
27,98	4,43	3,0	5,8	5,5
28,00	4,44	3,0	5,8	5,5
28,03	4,45	3,0	5,8	5,5
28,05	4,44	3,0	5,8	5,5
28,08	4,44	3,0	5,8	5,5
28,10	4,46	3,0	5,8	5,5
28,13	4,47	3,0	5,8	5,5
28,15	4,46	3,0	5,8	5,5
28,18	4,46	3,0	5,8	5,5
28,20	4,47	3,0	5,8	5,5
28,22	4,49	3,0	5,8	5,5
28,25	4,48	3,0	5,8	5,5
28,27	4,47	3,0	5,8	5,5
28,30	4,49	3,0	5,8	5,5
28,32	4,49	3,0	5,8	5,5
28,35	4,49	3,0	5,8	5,5
28,37	4,49	3,0	5,8	5,5
28,40	4,51	3,0	5,8	5,5
28,42	4,52	3,0	5,8	5,5
28,44	4,51	3,0	5,8	5,5
28,47	4,51	3,0	5,8	5,5
28,49	4,53	3,0	5,8	5,5
28,52	4,53	3,0	5,8	5,5
28,54	4,52	3,0	5,8	5,5
28,57	4,52	3,0	5,8	5,5
28,59	4,54	3,0	5,8	5,5
28,62	4,55	3,0	5,8	5,5
28,64	4,54	3,0	5,8	5,5
28,66	4,55	3,0	5,8	5,5
28,69	4,56	3,0	5,8	5,5
28,71	4,56	3,0	5,8	5,5
28,74	4,56	3,0	5,8	5,5
28,76	4,56	3,0	5,8	5,5
28,79	4,57	3,0	5,8	5,5
28,81	4,57	3,0	5,8	5,5
28,84	4,57	3,0	5,8	5,5
28,86	4,57	3,0	5,8	5,5
28,88	4,59	3,0	5,8	5,5
28,91	4,59	3,0	5,8	5,5
28,93	4,59	3,0	5,8	5,5
28,96	4,59	3,0	5,8	5,5
28,98	4,60	3,0	5,8	5,5
29,01	4,61	3,0	5,8	5,5
29,03	4,61	3,0	5,8	5,5
29,05	4,61	3,0	5,8	5,5
29,08	4,61	3,0	5,8	5,5
29,10	4,62	3,0	5,8	5,5
29,13	4,63	3,0	5,8	5,5
29,15	4,63	3,0	5,8	5,5
29,18	4,63	3,0	5,8	5,5
29,20	4,64	3,0	5,8	5,5
29,23	4,65	3,0	5,8	5,5
29,25	4,64	3,0	5,8	5,5
29,27	4,64	3,0	5,8	5,5
29,30	4,65	3,0	5,8	5,5
29,32	4,66	3,0	5,8	5,5
29,35	4,66	3,0	5,8	5,5
29,37	4,66	3,0	5,8	5,5
29,40	4,67	3,0	5,8	5,5
29,42	4,67	3,0	5,8	5,5
29,45	4,67	3,0	5,8	5,5
29,47	4,67	3,0	5,8	5,5
29,49	4,68	3,0	5,8	5,5
29,52	4,68	3,0	5,8	5,5
29,54	4,68	3,0	5,8	5,5
29,57	4,68	3,0	5,8	5,5
29,59	4,69	3,0	5,8	5,5
29,62	4,69	3,0	5,8	5,5
29,64	4,69	3,0	5,8	5,5
29,67	4,69	3,0	5,8	5,5
29,69	4,69	3,0	5,8	5,5
29,71	4,70	3,0	5,8	5,5
29,74	4,70	3,0	5,8	5,5
29,76	4,70	3,0	5,8	5,5
29,79	4,70	3,0	5,8	5,5
29,81	4,71	3,0	5,8	5,5
29,84	4,72	3,0	5,8	5,5
29,86	4,71	3,0	5,8	5,5
29,89	4,70	3,0	5,8	5,5
29,91	4,71	3,0	5,8	5,5
29,93	4,72	3,0	5,8	5,5
29,96	4,71	3,0	5,8	5,5
29,98	4,70	3,0	5,8	5,5
30,01	4,71	3,0	5,8	5,5
30,03	4,72	3,0	5,8	5,5
30,06	4,71	3,0	5,8	5,5
30,08	4,71	3,0	5,8	5,5
30,10	4,71	3,0	5,8	5,5
30,13	4,71	3,0	5,8	5,5
30,15	4,70	3,0	5,8	5,5
30,18	4,69	3,0	5,8	5,5
30,20	4,70	3,0	5,8	5,5
30,23	4,70	3,0	5,8	5,5
30,25	4,68	3,0	5,8	5,5
30,28	4,68	3,0	5,8	5,5
30,30	4,68	3,0	5,8	5,5
30,32	4,68	3,0	5,8	5,5
30,35	4,66	3,0	5,8	5,5
30,37	4,65	3,0	5,8	5,5
30,40	4,65	3,0	5,8	5,5
30,42	4,64	3,0	5,8	5,5
30,45	4,62	3,0	5,8	5,5
30,47	4,60	3,0	5,8	5,5
30,50	4,60	3,0	5,8	5,5
30,52	4,59	3,0	5,8	5,5
30,54	4,57	3,0	5,8	5,5
30,57	4,55	3,0	5,8	5,5
30,59	4,54	3,0	5,8	5,5
30,62	4,52	3,0	5,8	5,5
30,64	4,50	3,0	5,8	5,5
30,67	4,48	3,0	5,8	5,5
30,69	4,46	3,0	5,8	5,5
30,72	4,44	3,0	5,8	5,5
30,74	4,41	3,0	5,8	5,5
30,76	4,39	3,0	5,8	5,5
30,79	4,38	3,0	5,8	5,5
30,81	4,35	3,0	5,8	5,5
30,84	4,32	3,0	5,8	5,5
30,86	4,30	3,0	5,8	5,5
30,89	4,28	3,0	5,8	5,5
30,91	4,25	3,0	5,8	5,5
30,94	4,21	3,0	5,8	5,5
30,96	4,19	3,0	5,8	5,5
30,98	4,17	3,0	5,8	5,5
31,01	4,14	3,0	5,8	5,5
31,03	4,11	3,0	5,8	5,5
31,06	4,08	3,0	5,8	5,5
31,08	4,05	3,0	5,8	5,5
31,11	4,02	3,0	5,8	5,5
31,13	3,99	3,0	5,8	5,5
31,15	3,97	3,0	5,8	5,5
31,18	3,94	3,0	5,8	5,5
31,20	3,90	3,0	5,8	5,5
31,23	3,87	3,0	5,8	5,5
31,25	3,85	3,0	5,8	5,5
31,28	3,83	3,0	5,8	5,5
31,30	3,79	3,0	5,8	5,5
31,33	3,76	3,0	5,8	5,5
31,35	3,74	3,0	5,8	5,5
31,37	3,71	3,0	5,8	5,5
31,40	3,67	3,0	5,8	5,5
31,42	3,64	3,0	5,8	5,5
31,45	3,61	3,0	5,8	5,5
31,47	3,59	3,0	5,8	5,5
31,50	3,57	3,0	5,8	5,5
31,52	3,54	3,0	5,8	5,5
31,55	3,51	3,0	5,8	5,5
31,57	3,48	3,0	5,8	5,5
31,59	3,46	3,0	5,8	5,5
31,62	3,43	3,0	5,8	5,5
31,64	3,40	3,0	5,8	5,5
31,67	3,37	3,0	5,8	5,5
31,69	3,35	3,0	5,8	5,5
31,72	3,33	3,0	5,8	5,5
31,74	3,30	3,0	5,8	5,5
31,77	3,28	3,0	5,8	5,5
31,79	3,26	3,0	5,8	5,5
31,81	3,23	3,0	5,8	5,5
31,84	3,20	3,0	5,8	5,5
31,86	3,18	3,0	5,8	5,5
31,89	3,15	3,0	5,8	5,5
31,91	3,13	3,0	5,8	5,5
31,94	3,10	3,0	5,8	5,5
31,96	3,08	3,0	5,8	5,5
31,99	3,06	3,0	5,8	5,5
32,01	3,03	3,0	5,8	5,5
32,03	3,00	3,0	5,8	5,5
32,06	2,99	3,0	5,8	5,5
32,08	2,96	3,0	5,8	5,5
32,11	2,94	3,0	5,8	5,5
32,13	2,92	3,0	5,8	5,5
32,16	2,88	3,0	5,8	5,5
32,18	2,86	3,0	5,8	5,5
32,20	2,85	3,0	5,8	5,5
32,23	2,82	3,0	5,8	5,5
32,25	2,79	3,0	5,8	5,5
32,28	2,77	3,0	5,8	5,5
32,30	2,76	3,0	5,8	5,5
32,33	2,73	3,0	5,8	5,5
32,35	2,70	3,0	5,8	5,5
32,38	2,68	3,0	5,8	5,5
32,40	2,67	3,0	5,8	5,5
32,42	2,65	3,0	5,8	5,5
32,45	2,62	3,0	5,8	5,5
32,47	2,60	3,0	5,8	5,5
32,50	2,59	3,0	5,8	5,5
32,52	2,56	3,0	5,8	5,5
32,55	2,54	3,0	5,8	5,5
32,57	2,52	3,0	5,8	5,5
32,60	2,50	3,0	5,8	5,5
32,62	2,48	3,0	5,8	5,5
32,64	2,45	3,0	5,8	5,5
32,67	2,44	3,0	5,8	5,5
32,69	2,43	3,0	5,8	5,5
32,72	2,41	3,0	5,8	5,5
32,74	2,38	3,0	5,8	5,5
32,77	2,37	3,0	5,8	5,5
32,79	2,36	3,0	5,8	5,5
32,82	2,34	3,0	5,8	5,5
32,84	2,32	3,0	5,8	5,5
32,86	2,31	3,0	5,8	5,5
32,89	2,31	3,0	5,8	5,5
32,91	2,29	3,0	5,8	5,5
32,94	2,28	3,0	5,8	5,5
32,96	2,27	3,0	5,8	5,5
32,99	2,27	3,0	5,8	5,5
33,01	2,25	3,0	5,8	5,5
33,04	2,24	3,0	5,8	5,5
33,06	2,24	3,0	5,8	5,5
33,08	2,23	3,0	5,8	5,5
33,11	2,22	3,0	5,8	5,5
33,13	2,21	3,0	5,8	5,5
33,16	2,21	3,0	5,8	5,5
33,18	2,22	3,0	5,8	5,5
33,21	2,20	3,0	5,8	5,5
33,23	2,20	3,0	5,8	5,5
33,26	2,21	3,0	5,8	5,5
33,28	2,21	3,0	5,8	5,5
33,30	2,20	3,0	5,8	5,5
33,33	2,20	3,0	5,8	5,5
33,35	2,21	3,0	5,8	5,5
33,38	2,22	3,0	5,8	5,5
33,40	2,22	3,0	5,8	5,5
33,43	2,22	3,0	5,8	5,5
33,45	2,23	3,0	5,8	5,5
33,47	2,24	3,0	5,8	5,5
33,50	2,23	3,0	5,8	5,5
33,52	2,24	3,0	5,8	5,5
33,55	2,26	3,0	5,8	5,5
33,57	2,26	3,0	5,8	5,5
33,60	2,25	3,0	5,8	5,5
33,62	2,26	3,0	5,8	5,5
33,65	2,28	3,0	5,8	5,5
33,67	2,29	3,0	5,8	5,5
33,69	2,29	3,0	5,8	5,5
33,72	2,30	3,0	5,8	5,5
33,74	2,32	3,0	5,8	5,5
33,77	2,33	3,0	5,8	5,5
33,79	2,32	3,0	5,8	5,5
33,82	2,33	3,0	5,8	5,5
33,84	2,35	3,0	5,8	5,5
33,87	2,36	3,0	5,8	5,5
33,89	2,37	3,0	5,8	5,5
33,91	2,37	3,0	5,8	5,5
33,94	2,38	3,0	5,8	5,5
33,96	2,40	3,0	5,8	5,5
33,99	2,41	3,0	5,8	5,5
34,01	2,41	3,0	5,8	5,5
34,04	2,42	3,0	5,8	5,5
34,06	2,44	3,0	5,8	5,5
34,09	2,45	3,0	5,8	5,5
34,11	2,45	3,0	5,8	5,5
34,13	2,46	3,0	5,8	5,5
34,16	2,48	3,0	5,8	5,5
34,18	2,49	3,0	5,8	5,5
34,21	2,50	3,0	5,8	5,5
34,23	2,51	3,0	5,8	5,5
34,26	2,53	3,0	5,8	5,5
34,28	2,54	3,0	5,8	5,5
34,31	2,54	3,0	5,8	5,5
34,33	2,56	3,0	5,8	5,5
34,35	2,58	3,0	5,8	5,5
34,38	2,59	3,0	5,8	5,5
34,40	2,59	3,0	5,8	5,5
34,43	2,60	3,0	5,8	5,5
34,45	2,62	3,0	5,8	5,5
34,48	2,64	3,0	5,8	5,5
34,50	2,64	3,0	5,8	5,5
34,52	2,66	3,0	5,8	5,5
34,55	2,66	3,0	5,8	5,5
34,57	2,68	3,0	5,8	5,5
34,60	2,70	3,0	5,8	5,5
34,62	2,71	3,0	5,8	5,5
34,65	2,72	3,0	5,8	5,5
34,67	2,75	3,0	5,8	5,5
34,70	2,76	3,0	5,8	5,5
34,72	2,78	3,0	5,8	5,5
34,74	2,79	3,0	5,8	5,5
34,77	2,81	3,0	5,8	5,5
34,79	2,83	3,0	5,8	5,5
34,82	2,84	3,0	5,8	5,5
34,84	2,86	3,0	5,8	5,5
34,87	2,89	3,0	5,8	5,5
34,89	2,91	3,0	5,8	5,5
34,92	2,92	3,0	5,8	5,5
34,94	2,94	3,0	5,8	5,5
34,96	2,97	3,0	5,8	5,5
34,99	2,99	3,0	5,8	5,5
35,01	3,00	3,0	5,8	5,5
35,04	3,02	3,0	5,8	5,5
35,06	3,05	3,0	5,8	5,5
35,09	3,08	3,0	5,8	5,5
35,11	3,09	3,0	5,8	5,5
35,14	3,11	3,0	5,8	5,5
35,16	3,15	3,0	5,8	5,5
35,18	3,17	3,0	5,8	5,5
35,21	3,19	3,0	5,8	5,5
35,23	3,22	3,0	5,8	5,5
35,26	3,25	3,0	5,8	5,5
35,28	3,28	3,0	5,8	5,5
35,31	3,30	3,0	5,8	5,5
35,33	3,33	3,0	5,8	5,5
35,36	3,37	3,0	5,8	5,5
35,38	3,39	3,0	5,8	5,5
35,40	3,41	3,0	5,8	5,5
35,43	3,44	3,0	5,8	5,5
35,45	3,48	3,0	5,8	5,5
35,48	3,51	3,0	5,8	5,5
35,50	3,52	3,0	5,8	5,5
35,53	3,55	3,0	5,8	5,5
35,55	3,60	3,0	5,8	5,5
35,57	3,63	3,0	5,8	5,5
35,60	3,65	3,0	5,8	5,5
35,62	3,68	3,0	5,8	5,5
35,65	3,72	3,0	5,8	5,5
35,67	3,75	3,0	5,8	5,5
35,70	3,77	3,0	5,8	5,5
35,72	3,80	3,0	5,8	5,5
35,75	3,84	3,0	5,8	5,5
35,77	3,87	3,0	5,8	5,5
35,79	3,89	3,0	5,8	5,5
35,82	3,93	3,0	5,8	5,5
35,84	3,97	3,0	5,8	5,5
35,87	4,00	3,0	5,8	5,5
35,89	4,02	3,0	5,8	5,5
35,92	4,05	3,0	5,8	5,5
35,94	4,10	3,0	5,8	5,5
35,97	4,13	3,0	5,8	5,5
35,99	4,15	3,0	5,8	5,5
36,01	4,19	3,0	5,8	5,5
36,04	4,23	3,0	5,8	5,5
36,06	4,26	3,0	5,8	5,5
36,09	4,29	3,0	5,8	5,5
36,11	4,32	3,0	5,8	5,5
36,14	4,36	3,0	5,8	5,5
36,16	4,39	3,0	5,8	5,5
36,19	4,41	3,0	5,8	5,5
36,21	4,45	3,0	5,8	5,5
36,23	4,48	3,0	5,8	5,5
36,26	4,51	3,0	5,8	5,5
36,28	4,54	3,0	5,8	5,5
36,31	4,58	3,0	5,8	5,5
36,33	4,61	3,0	5,8	5,5
36,36	4,65	3,0	5,8	5,5
36,38	4,69	3,0	5,8	5,5
36,41	4,71	3,0	5,8	5,5
36,43	4,75	3,0	5,8	5,5
36,45	4,79	3,0	5,8	5,5
36,48	4,82	3,0	5,8	5,5
36,50	4,85	3,0	5,8	5,5
36,53	4,88	3,0	5,8	5,5
36,55	4,92	3,0	5,8	5,5
36,58	4,96	3,0	5,8	5,5
36,60	4,98	3,0	5,8	5,5
36,62	5,02	3,0	5,8	5,5
36,65	5,06	3,0	5,8	5,5
36,67	5,09	3,0	5,8	5,5
36,70	5,12	3,0	5,8	5,5
36,72	5,15	3,0	5,8	5,5
36,75	5,19	3,0	5,8	5,5
36,77	5,23	3,0	5,8	5,5
36,80	5,26	3,0	5,8	5,5
36,82	5,29	3,0	5,8	5,5
36,84	5,33	3,0	5,8	5,5
36,87	5,37	3,0	5,8	5,5
36,89	5,40	3,0	5,8	5,5
36,92	5,43	3,0	5,8	5,5
36,94	5,48	3,0	5,8	5,5
36,97	5,51	3,0	5,8	5,5
36,99	5,55	3,0	5,8	5,5
37,02	5,58	3,0	5,8	5,5
37,04	5,61	3,0	5,8	5,5
37,06	5,66	3,0	5,8	5,5
37,09	5,69	3,0	5,8	5,5
37,11	5,72	3,0	5,8	5,5
37,14	5,75	3,0	5,8	5,5
37,16	5,80	3,0	5,8	5,5
37,19	5,84	3,0	5,8	5,5
37,21	5,86	3,0	5,8	5,5
37,24	5,90	3,0	5,8	5,5
37,26	5,95	3,0	5,8	5,5
37,28	5,98	3,0	5,8	5,5
37,31	6,01	3,0	5,8	5,5
37,33	6,05	3,0	5,8	5,5
37,36	6,09	3,0	5,8	5,5
37,38	6,13	3,0	5,8	5,5
37,41	6,15	3,0	5,8	5,5
37,43	6,18	3,0	5,8	5,5
37,46	6,23	3,0	5,8	5,5
37,48	6,27	3,0	5,8	5,5
37,50	6,29	3,0	5,8	5,5
37,53	6,33	3,0	5,8	5,5
37,55	6,37	3,0	5,8	5,5
37,58	6,41	3,0	5,8	5,5
37,60	6,44	3,0	5,8	5,5
37,63	6,47	3,0	5,8	5,5
37,65	6,52	3,0	5,8	5,5
37,68	6,55	3,0	5,8	5,5
37,70	6,58	3,0	5,8	5,5
37,72	6,61	3,0	5,8	5,5
37,75	6,66	3,0	5,8	5,5
37,77	6,69	3,0	5,8	5,5
37,80	6,72	3,0	5,8	5,5
37,82	6,76	3,0	5,8	5,5
37,85	6,80	3,0	5,8	5,5
37,87	6,83	3,0	5,8	5,5
37,89	6,86	3,0	5,8	5,5
37,92	6,90	3,0	5,8	5,5
37,94	6,94	3,0	5,8	5,5
37,97	6,98	3,0	5,8	5,5
37,99	7,00	3,0	5,8	5,5
38,02	7,04	3,0	5,8	5,5
38,04	7,09	3,0	5,8	5,5
38,07	7,11	3,0	5,8	5,5
38,09	7,15	3,0	5,8	5,5
38,11	7,18	3,0	5,8	5,5
38,14	7,22	3,0	5,8	5,5
38,16	7,25	3,0	5,8	5,5
38,19	7,28	3,0	5,8	5,5
38,21	7,32	3,0	5,8	5,5
38,24	7,36	3,0	5,8	5,5
38,26	7,39	3,0	5,8	5,5
38,29	7,42	3,0	5,8	5,5
38,31	7,47	3,0	5,8	5,5
38,33	7,50	3,0	5,8	5,5
38,36	7,53	3,0	5,8	5,5
38,38	7,56	3,0	5,8	5,5
38,41	7,60	3,0	5,8	5,5
38,43	7,64	3,0	5,8	5,5
38,46	7,67	3,0	5,8	5,5
38,48	7,71	3,0	5,8	5,5
38,51	7,75	3,0	5,8	5,5
38,53	7,79	3,0	5,8	5,5
38,55	7,81	3,0	5,8	5,5
38,58	7,85	3,0	5,8	5,5
38,60	7,89	3,0	5,8	5,5
38,63	7,92	3,0	5,8	5,5
38,65	7,95	3,0	5,8	5,5
38,68	7,98	3,0	5,8	5,5
38,70	8,03	3,0	5,8	5,5
38,73	8,06	3,0	5,8	5,5
38,75	8,09	3,0	5,8	5,5
38,77	8,13	3,0	5,8	5,5
38,80	8,16	3,0	5,8	5,5
38,82	8,19	3,0	5,8	5,5
38,85	8,24	3,0	5,8	5,5
38,87	8,27	3,0	5,8	5,5
38,90	8,30	3,0	5,8	5,5
38,92	8,34	3,0	5,8	5,5
38,94	8,38	3,0	5,8	5,5
38,97	8,41	3,0	5,8	5,5
38,99	8,44	3,0	5,8	5,5
39,02	8,48	3,0	5,8	5,5
39,04	8,52	3,0	5,8	5,5
39,07	8,55	3,0	5,8	5,5
39,09	8,58	3,0	5,8	5,5
39,12	8,61	3,0	5,8	5,5
39,14	8,65	3,0	5,8	5,5
39,16	8,68	3,0	5,8	5,5
39,19	8,71	3,0	5,8	5,5
39,21	8,75	3,0	5,8	5,5
39,24	8,79	3,0	5,8	5,5
39,26	8,82	3,0	5,8	5,5
39,29	8,85	3,0	5,8	5,5
39,31	8,89	3,0	5,8	5,5
39,34	8,91	3,0	5,8	5,5
39,36	8,95	3,0	5,8	5,5
39,38	8,98	3,0	5,8	5,5
39,41	9,02	3,0	5,8	5,5
39,43	9,05	3,0	5,8	5,5
39,46	9,09	3,0	5,8	5,5
39,48	9,12	3,0	5,8	5,5
39,51	9,15	3,0	5,8	5,5
39,53	9,18	3,0	5,8	5,5
39,56	9,22	3,0	5,8	5,5
39,58	9,25	3,0	5,8	5,5
39,60	9,27	3,0	5,8	5,5
39,63	9,31	3,0	5,8	5,5
39,65	9,35	3,0	5,8	5,5
39,68	9,38	3,0	5,8	5,5
39,70	9,41	3,0	5,8	5,5
39,73	9,44	3,0	5,8	5,5
39,75	9,48	3,0	5,8	5,5
39,78	9,51	3,0	5,8	5,5
39,80	9,54	3,0	5,8	5,5
39,82	9,57	3,0	5,8	5,5
39,85	9,61	3,0	5,8	5,5
39,87	9,64	3,0	5,8	5,5
39,90	9,67	3,0	5,8	5,5
39,92	9,71	3,0	5,8	5,5
39,95	9,75	3,0	5,8	5,5
39,97	9,77	3,0	5,8	5,5
39,99	9,80	3,0	5,8	5,5
40,02	9,84	3,0	5,8	5,5
40,04	9,87	3,0	5,8	5,5
40,07	9,89	3,0	5,8	5,5
40,09	9,92	3,0	5,8	5,5
40,12	9,96	3,0	5,8	5,5
40,14	10,00	3,0	5,8	5,5
40,17	10,02	3,0	5,8	5,5
40,19	10,05	3,0	5,8	5,5
40,21	10,09	3,0	5,8	5,5
40,24	10,12	3,0	5,8	5,5
40,26	10,14	3,0	5,8	5,5
40,29	10,17	3,0	5,8	5,5
40,31	10,22	3,0	5,8	5,5
40,34	10,25	3,0	5,8	5,5
40,36	10,27	3,0	5,8	5,5
40,39	10,31	3,0	5,8	5,5
40,41	10,35	3,0	5,8	5,5
40,43	10,38	3,0	5,8	5,5
40,46	10,40	3,0	5,8	5,5
40,48	10,43	3,0	5,8	5,5
40,51	10,47	3,0	5,8	5,5
40,53	10,50	3,0	5,8	5,5
40,56	10,51	3,0	5,8	5,5
40,58	10,55	3,0	5,8	5,5
40,61	10,59	3,0	5,8	5,5
40,63	10,62	3,0	5,8	5,5
40,65	10,64	3,0	5,8	5,5
40,68	10,67	3,0	5,8	5,5
40,70	10,71	3,0	5,8	5,5
40,73	10,74	3,0	5,8	5,5
40,75	10,76	3,0	5,8	5,5
40,78	10,79	3,0	5,8	5,5
40,80	10,83	3,0	5,8	5,5
40,83	10,86	3,0	5,8	5,5
40,85	10,88	3,0	5,8	5,5
40,87	10,91	3,0	5,8	5,5
40,90	10,95	3,0	5,8	5,5
40,92	10,98	3,0	5,8	5,5
40,95	11,00	3,0	5,8	5,5
40,97	11,03	3,0	5,8	5,5
41,00	11,07	3,0	5,8	5,5
41,02	11,09	3,0	5,8	5,5
41,05	11,11	3,0	5,8	5,5
41,07	11,14	3,0	5,8	5,5
41,09	11,18	3,0	5,8	5,5
41,12	11,20	3,0	5,8	5,5
41,14	11,22	3,0	5,8	5,5
41,17	11,26	3,0	5,8	5,5
41,19	11,29	3,0	5,8	5,5
41,22	11,33	3,0	5,8	5,5
41,24	11,35	3,0	5,8	5,5
41,26	11,37	3,0	5,8	5,5
41,29	11,40	3,0	5,8	5,5
41,31	11,43	3,0	5,8	5,5
41,34	11,46	3,0	5,8	5,5
41,36	11,48	3,0	5,8	5,5
41,39	11,51	3,0	5,8	5,5
41,41	11,55	3,0	5,8	5,5
41,44	11,57	3,0	5,8	5,5
41,46	11,59	3,0	5,8	5,5
41,48	11,62	3,0	5,8	5,5
41,51	11,65	3,0	5,8	5,5
41,53	11,68	3,0	5,8	5,5
41,56	11,70	3,0	5,8	5,5
41,58	11,73	3,0	5,8	5,5
41,61	11,77	3,0	5,8	5,5
41,63	11,79	3,0	5,8	5,5
41,66	11,81	3,0	5,8	5,5
41,68	11,84	3,0	5,8	5,5
41,70	11,87	3,0	5,8	5,5
41,73	11,90	3,0	5,8	5,5
41,75	11,91	3,0	5,8	5,5
41,78	11,94	3,0	5,8	5,5
41,80	11,97	3,0	5,8	5,5
41,83	12,00	3,0	5,8	5,5
41,85	12,02	3,0	5,8	5,5
41,88	12,04	3,0	5,8	5,5
41,90	12,07	3,0	5,8	5,5
41,92	12,10	3,0	5,8	5,5
41,95	12,13	3,0	5,8	5,5
41,97	12,14	3,0	5,8	5,5
42,00	12,17	3,0	5,8	5,5
42,02	12,20	3,0	5,8	5,5
42,05	12,23	3,0	5,8	5,5
42,07	12,25	3,0	5,8	5,5
42,10	12,27	3,0	5,8	5,5
42,12	12,30	3,0	5,8	5,5
42,14	12,33	3,0	5,8	5,5
42,17	12,34	3,0	5,8	5,5
42,19	12,37	3,0	5,8	5,5
42,22	12,40	3,0	5,8	5,5
42,24	12,42	3,0	5,8	5,5
42,27	12,44	3,0	5,8	5,5
42,29	12,46	3,0	5,8	5,5
42,31	12,49	3,0	5,8	5,5
42,34	12,52	3,0	5,8	5,5
42,36	12,53	3,0	5,8	5,5
42,39	12,56	3,0	5,8	5,5
42,41	12,59	3,0	5,8	5,5
42,44	12,61	3,0	5,8	5,5
42,46	12,62	3,0	5,8	5,5
42,49	12,64	3,0	5,8	5,5
42,51	12,68	3,0	5,8	5,5
42,53	12,70	3,0	5,8	5,5
42,56	12,71	3,0	5,8	5,5
42,58	12,74	3,0	5,8	5,5
42,61	12,77	3,0	5,8	5,5
42,63	12,79	3,0	5,8	5,5
42,66	12,80	3,0	5,8	5,5
42,68	12,83	3,0	5,8	5,5
42,71	12,86	3,0	5,8	5,5
42,73	12,87	3,0	5,8	5,5
42,75	12,89	3,0	5,8	5,5
42,78	12,91	3,0	5,8	5,5
42,80	12,95	3,0	5,8	5,5
42,83	12,96	3,0	5,8	5,5
42,85	12,97	3,0	5,8	5,5
42,88	13,00	3,0	5,8	5,5
42,90	13,03	3,0	5,8	5,5
42,93	13,04	3,0	5,8	5,5
42,95	13,05	3,0	5,8	5,5
42,97	13,08	3,0	5,8	5,5
43,00	13,11	3,0	5,8	5,5
43,02	13,12	3,0	5,8	5,5
43,05	13,13	3,0	5,8	5,5
43,07	13,16	3,0	5,8	5,5
43,10	13,19	3,0	5,8	5,5
43,12	13,20	3,0	5,8	5,5
43,15	13,22	3,0	5,8	5,5
43,17	13,24	3,0	5,8	5,5
43,19	13,27	3,0	5,8	5,5
43,22	13,28	3,0	5,8	5,5
43,24	13,29	3,0	5,8	5,5
43,27	13,32	3,0	5,8	5,5
43,29	13,34	3,0	5,8	5,5
43,32	13,36	3,0	5,8	5,5
43,34	13,37	3,0	5,8	5,5
43,36	13,39	3,0	5,8	5,5
43,39	13,42	3,0	5,8	5,5
43,41	13,43	3,0	5,8	5,5
43,44	13,44	3,0	5,8	5,5
43,46	13,47	3,0	5,8	5,5
43,49	13,49	3,0	5,8	5,5
43,51	13,51	3,0	5,8	5,5
43,54	13,53	3,0	5,8	5,5
43,56	13,55	3,0	5,8	5,5
43,58	13,57	3,0	5,8	5,5
43,61	13,58	3,0	5,8	5,5
43,63	13,60	3,0	5,8	5,5
43,66	13,62	3,0	5,8	5,5
43,68	13,64	3,0	5,8	5,5
43,71	13,66	3,0	5,8	5,5
43,73	13,68	3,0	5,8	5,5
43,76	13,69	3,0	5,8	5,5
43,78	13,72	3,0	5,8	5,5
43,80	13,74	3,0	5,8	5,5
43,83	13,76	3,0	5,8	5,5
43,85	13,76	3,0	5,8	5,5
43,88	13,78	3,0	5,8	5,5
43,90	13,80	3,0	5,8	5,5
43,93	13,81	3,0	5,8	5,5
43,95	13,83	3,0	5,8	5,5
43,98	13,85	3,0	5,8	5,5
44,00	13,88	3,0	5,8	5,5
44,02	13,89	3,0	5,8	5,5
44,05	13,90	3,0	5,8	5,5
44,07	13,93	3,0	5,8	5,5
44,10	13,94	3,0	5,8	5,5
44,12	13,95	3,0	5,8	5,5
44,15	13,96	3,0	5,8	5,5
44,17	13,98	3,0	5,8	5,5
44,20	14,00	3,0	5,8	5,5
44,22	14,01	3,0	5,8	5,5
44,24	14,02	3,0	5,8	5,5
44,27	14,04	3,0	5,8	5,5
44,29	14,06	3,0	5,8	5,5
44,32	14,08	3,0	5,8	5,5
44,34	14,09	3,0	5,8	5,5
44,37	14,09	3,0	5,8	5,5
44,39	14,11	3,0	5,8	5,5
44,41	14,13	3,0	5,8	5,5
44,44	14,14	3,0	5,8	5,5
44,46	14,15	3,0	5,8	5,5
44,49	14,17	3,0	5,8	5,5
44,51	14,19	3,0	5,8	5,5
44,54	14,20	3,0	5,8	5,5
44,56	14,20	3,0	5,8	5,5
44,59	14,22	3,0	5,8	5,5
44,61	14,25	3,0	5,8	5,5
44,63	14,25	3,0	5,8	5,5
44,66	14,26	3,0	5,8	5,5
44,68	14,27	3,0	5,8	5,5
44,71	14,30	3,0	5,8	5,5
44,73	14,31	3,0	5,8	5,5
44,76	14,31	3,0	5,8	5,5
44,78	14,34	3,0	5,8	5,5
44,81	14,35	3,0	5,8	5,5
44,83	14,36	3,0	5,8	5,5
44,85	14,37	3,0	5,8	5,5
44,88	14,39	3,0	5,8	5,5
44,90	14,41	3,0	5,8	5,5
44,93	14,41	3,0	5,8	5,5
44,95	14,42	3,0	5,8	5,5
44,98	14,44	3,0	5,8	5,5
45,00	14,46	3,0	5,8	5,5
45,03	14,47	3,0	5,8	5,5
45,05	14,47	3,0	5,8	5,5
45,07	14,49	3,0	5,8	5,5
45,10	14,51	3,0	5,8	5,5
45,12	14,51	3,0	5,8	5,5
45,15	14,52	3,0	5,8	5,5
45,17	14,55	3,0	5,8	5,5
45,20	14,56	3,0	5,8	5,5
45,22	14,57	3,0	5,8	5,5
45,25	14,58	3,0	5,8	5,5
45,27	14,60	3,0	5,8	5,5
45,29	14,62	3,0	5,8	5,5
45,32	14,62	3,0	5,8	5,5
45,34	14,63	3,0	5,8	5,5
45,37	14,65	3,0	5,8	5,5
45,39	14,66	3,0	5,8	5,5
45,42	14,67	3,0	5,8	5,5
45,44	14,68	3,0	5,8	5,5
45,47	14,70	3,0	5,8	5,5
45,49	14,72	3,0	5,8	5,5
45,51	14,72	3,0	5,8	5,5
45,54	14,73	3,0	5,8	5,5
45,56	14,75	3,0	5,8	5,5
45,59	14,76	3,0	5,8	5,5
45,61	14,77	3,0	5,8	5,5
45,64	14,78	3,0	5,8	5,5
45,66	14,80	3,0	5,8	5,5
45,68	14,81	3,0	5,8	5,5
45,71	14,81	3,0	5,8	5,5
45,73	14,83	3,0	5,8	5,5
45,76	14,84	3,0	5,8	5,5
45,78	14,85	3,0	5,8	5,5
45,81	14,85	3,0	5,8	5,5
45,83	14,86	3,0	5,8	5,5
45,86	14,88	3,0	5,8	5,5
45,88	14,89	3,0	5,8	5,5
45,90	14,89	3,0	5,8	5,5
45,93	14,91	3,0	5,8	5,5
45,95	14,93	3,0	5,8	5,5
45,98	14,93	3,0	5,8	5,5
46,00	14,93	3,0	5,8	5,5
46,03	14,95	3,0	5,8	5,5
46,05	14,96	3,0	5,8	5,5
46,08	14,96	3,0	5,8	5,5
46,10	14,97	3,0	5,8	5,5
46,12	14,97	3,0	5,8	5,5
46,15	14,98	3,0	5,8	5,5
46,17	15,00	3,0	5,8	5,5
46,20	15,01	3,0	5,8	5,5
46,22	15,01	3,0	5,8	5,5
46,25	15,02	3,0	5,8	5,5
46,27	15,03	3,0	5,8	5,5
46,30	15,04	3,0	5,8	5,5
46,32	15,05	3,0	5,8	5,5
46,34	15,05	3,0	5,8	5,5
46,37	15,07	3,0	5,8	5,5
46,39	15,08	3,0	5,8	5,5
46,42	15,08	3,0	5,8	5,5
46,44	15,09	3,0	5,8	5,5
46,47	15,10	3,0	5,8	5,5
46,49	15,11	3,0	5,8	5,5
46,52	15,11	3,0	5,8	5,5
46,54	15,12	3,0	5,8	5,5
46,56	15,13	3,0	5,8	5,5
46,59	15,13	3,0	5,8	5,5
46,61	15,14	3,0	5,8	5,5
46,64	15,15	3,0	5,8	5,5
46,66	15,16	3,0	5,8	5,5
46,69	15,17	3,0	5,8	5,5
46,71	15,17	3,0	5,8	5,5
46,73	15,17	3,0	5,8	5,5
46,76	15,18	3,0	5,8	5,5
46,78	15,19	3,0	5,8	5,5
46,81	15,20	3,0	5,8	5,5
46,83	15,19	3,0	5,8	5,5
46,86	15,19	3,0	5,8	5,5
46,88	15,21	3,0	5,8	5,5
46,91	15,21	3,0	5,8	5,5
46,93	15,21	3,0	5,8	5,5
46,95	15,20	3,0	5,8	5,5
46,98	15,21	3,0	5,8	5,5
47,00	15,21	3,0	5,8	5,5
47,03	15,20	3,0	5,8	5,5
47,05	15,20	3,0	5,8	5,5
47,08	15,20	3,0	5,8	5,5
47,10	15,20	3,0	5,8	5,5
47,13	15,19	3,0	5,8	5,5
47,15	15,19	3,0	5,8	5,5
47,17	15,19	3,0	5,8	5,5
47,20	15,18	3,0	5,8	5,5
47,22	15,16	3,0	5,8	5,5
47,25	15,15	3,0	5,8	5,5
47,27	15,14	3,0	5,8	5,5
47,30	15,13	3,0	5,8	5,5
47,32	15,12	3,0	5,8	5,5
47,35	15,10	3,0	5,8	5,5
47,37	15,09	3,0	5,8	5,5
47,39	15,08	3,0	5,8	5,5
47,42	15,05	3,0	5,8	5,5
47,44	15,04	3,0	5,8	5,5
47,47	15,03	3,0	5,8	5,5
47,49	15,00	3,0	5,8	5,5
47,52	14,97	3,0	5,8	5,5
47,54	14,95	3,0	5,8	5,5
47,57	14,94	3,0	5,8	5,5
47,59	14,91	3,0	5,8	5,5
47,61	14,88	3,0	5,8	5,5
47,64	14,85	3,0	5,8	5,5
47,66	14,84	3,0	5,8	5,5
47,69	14,80	3,0	5,8	5,5
47,71	14,77	3,0	5,8	5,5
47,74	14,74	3,0	5,8	5,5
47,76	14,72	3,0	5,8	5,5
47,78	14,69	3,0	5,8	5,5
47,81	14,64	3,0	5,8	5,5
47,83	14,63	3,0	5,8	5,5
47,86	14,60	3,0	5,8	5,5
47,88	14,57	3,0	5,8	5,5
47,91	14,53	3,0	5,8	5,5
47,93	14,50	3,0	5,8	5,5
47,96	14,48	3,0	5,8	5,5
47,98	14,44	3,0	5,8	5,5
48,00	14,40	3,0	5,8	5,5
48,03	14,38	3,0	5,8	5,5
48,05	14,35	3,0	5,8	5,5
48,08	14,31	3,0	5,8	5,5
48,10	14,28	3,0	5,8	5,5
48,13	14,25	3,0	5,8	5,5
48,15	14,23	3,0	5,8	5,5
48,18	14,19	3,0	5,8	5,5
48,20	14,15	3,0	5,8	5,5
48,22	14,13	3,0	5,8	5,5
48,25	14,11	3,0	5,8	5,5
48,27	14,07	3,0	5,8	5,5
48,30	14,04	3,0	5,8	5,5
48,32	14,02	3,0	5,8	5,5
48,35	13,99	3,0	5,8	5,5
48,37	13,95	3,0	5,8	5,5
48,40	13,92	3,0	5,8	5,5
48,42	13,90	3,0	5,8	5,5
48,44	13,87	3,0	5,8	5,5
48,47	13,84	3,0	5,8	5,5
48,49	13,80	3,0	5,8	5,5
48,52	13,78	3,0	5,8	5,5
48,54	13,75	3,0	5,8	5,5
48,57	13,73	3,0	5,8	5,5
48,59	13,70	3,0	5,8	5,5
48,62	13,66	3,0	5,8	5,5
48,64	13,64	3,0	5,8	5,5
48,66	13,62	3,0	5,8	5,5
48,69	13,58	3,0	5,8	5,5
48,71	13,55	3,0	5,8	5,5
48,74	13,53	3,0	5,8	5,5
48,76	13,50	3,0	5,8	5,5
48,79	13,47	3,0	5,8	5,5
48,81	13,44	3,0	5,8	5,5
48,84	13,41	3,0	5,8	5,5
48,86	13,39	3,0	5,8	5,5
48,88	13,35	3,0	5,8	5,5
48,91	13,32	3,0	5,8	5,5
48,93	13,30	3,0	5,8	5,5
48,96	13,27	3,0	5,8	5,5
48,98	13,24	3,0	5,8	5,5
49,01	13,20	3,0	5,8	5,5
49,03	13,18	3,0	5,8	5,5
49,05	13,15	3,0	5,8	5,5
49,08	13,11	3,0	5,8	5,5
49,10	13,08	3,0	5,8	5,5
49,13	13,06	3,0	5,8	5,5
49,15	13,03	3,0	5,8	5,5
49,18	12,99	3,0	5,8	5,5
49,20	12,95	3,0	5,8	5,5
49,23	12,92	3,0	5,8	5,5
49,25	12,89	3,0	5,8	5,5
49,27	12,87	3,0	5,8	5,5
49,30	12,83	3,0	5,8	5,5
49,32	12,79	3,0	5,8	5,5
49,35	12,76	3,0	5,8	5,5
49,37	12,73	3,0	5,8	5,5
49,40	12,69	3,0	5,8	5,5
49,42	12,65	3,0	5,8	5,5
49,45	12,62	3,0	5,8	5,5
49,47	12,60	3,0	5,8	5,5
49,49	12,56	3,0	5,8	5,5
49,52	12,52	3,0	5,8	5,5
49,54	12,49	3,0	5,8	5,5
49,57	12,47	3,0	5,8	5,5
49,59	12,43	3,0	5,8	5,5
49,62	12,40	3,0	5,8	5,5
49,64	12,37	3,0	5,8	5,5
49,67	12,35	3,0	5,8	5,5
49,69	12,31	3,0	5,8	5,5
49,71	12,27	3,0	5,8	5,5
49,74	12,26	3,0	5,8	5,5
49,76	12,23	3,0	5,8	5,5
49,79	12,20	3,0	5,8	5,5
49,81	12,17	3,0	5,8	5,5
49,84	12,15	3,0	5,8	5,5
49,86	12,13	3,0	5,8	5,5
49,89	12,10	3,0	5,8	5,5
49,91	12,06	3,0	5,8	5,5
49,93	12,05	3,0	5,8	5,5
49,96	12,03	3,0	5,8	5,5
49,98	12,00	3,0	5,8	5,5
50,01	11,98	3,0	5,8	5,5
50,03	11,96	3,0	5,8	5,5
50,06	11,95	3,0	5,8	5,5
50,08	11,92	3,0	5,8	5,5
50,10	11,89	3,0	5,8	5,5
50,13	11,88	3,0	5,8	5,5
50,15	11,87	3,0	5,8	5,5
50,18	11,84	3,0	5,8	5,5
50,20	11,82	3,0	5,8	5,5
50,23	11,81	3,0	5,8	5,5
50,25	11,81	3,0	5,8	5,5
50,28	11,78	3,0	5,8	5,5
50,30	11,76	3,0	5,8	5,5
50,32	11,76	3,0	5,8	5,5
50,35	11,74	3,0	5,8	5,5
50,37	11,71	3,0	5,8	5,5
50,40	11,69	3,0	5,8	5,5
50,42	11,68	3,0	5,8	5,5
50,45	11,68	3,0	5,8	5,5
50,47	11,65	3,0	5,8	5,5
50,50	11,64	3,0	5,8	5,5
50,52	11,63	3,0	5,8	5,5
50,54	11,62	3,0	5,8	5,5
50,57	11,60	3,0	5,8	5,5
50,59	11,58	3,0	5,8	5,5
50,62	11,57	3,0	5,8	5,5
50,64	11,56	3,0	5,8	5,5
50,67	11,54	3,0	5,8	5,5
50,69	11,52	3,0	5,8	5,5
50,72	11,52	3,0	5,8	5,5
50,74	11,51	3,0	5,8	5,5
50,76	11,48	3,0	5,8	5,5
50,79	11,47	3,0	5,8	5,5
50,81	11,46	3,0	5,8	5,5
50,84	11,45	3,0	5,8	5,5
50,86	11,42	3,0	5,8	5,5
50,89	11,41	3,0	5,8	5,5
50,91	11,40	3,0	5,8	5,5
50,94	11,39	3,0	5,8	5,5
50,96	11,37	3,0	5,8	5,5
50,98	11,35	3,0	5,8	5,5
51,01	11,34	3,0	5,8	5,5
51,03	11,33	3,0	5,8	5,5
51,06	11,32	3,0	5,8	5,5
51,08	11,30	3,0	5,8	5,5
51,11	11,27	3,0	5,8	5,5
51,13	11,27	3,0	5,8	5,5
51,15	11,26	3,0	5,8	5,5
51,18	11,24	3,0	5,8	5,5
51,20	11,23	3,0	5,8	5,5
51,23	11,22	3,0	5,8	5,5
51,25	11,20	3,0	5,8	5,5
51,28	11,19	3,0	5,8	5,5
51,30	11,17	3,0	5,8	5,5
51,33	11,17	3,0	5,8	5,5
51,35	11,16	3,0	5,8	5,5
51,37	11,14	3,0	5,8	5,5
51,40	11,13	3,0	5,8	5,5
51,42	11,13	3,0	5,8	5,5
51,45	11,12	3,0	5,8	5,5
51,47	11,11	3,0	5,8	5,5
51,50	11,10	3,0	5,8	5,5
51,52	11,10	3,0	5,8	5,5
51,55	11,10	3,0	5,8	5,5
51,57	11,08	3,0	5,8	5,5
51,59	11,08	3,0	5,8	5,5
51,62	11,08	3,0	5,8	5,5
51,64	11,08	3,0	5,8	5,5
51,67	11,08	3,0	5,8	5,5
51,69	11,07	3,0	5,8	5,5
51,72	11,06	3,0	5,8	5,5
51,74	11,07	3,0	5,8	5,5
51,77	11,08	3,0	5,8	5,5
51,79	11,07	3,0	5,8	5,5
51,81	11,06	3,0	5,8	5,5
51,84	11,08	3,0	5,8	5,5
51,86	11,08	3,0	5,8	5,5
51,89	11,08	3,0	5,8	5,5
51,91	11,08	3,0	5,8	5,5
51,94	11,10	3,0	5,8	5,5
51,96	11,12	3,0	5,8	5,5
51,99	11,11	3,0	5,8	5,5
52,01	11,11	3,0	5,8	5,5
52,03	11,13	3,0	5,8	5,5
52,06	11,14	3,0	5,8	5,5
52,08	11,14	3,0	5,8	5,5
52,11	11,14	3,0	5,8	5,5
52,13	11,16	3,0	5,8	5,5
52,16	11,18	3,0	5,8	5,5
52,18	11,18	3,0	5,8	5,5
52,20	11,19	3,0	5,8	5,5
52,23	11,21	3,0	5,8	5,5
52,25	11,23	3,0	5,8	5,5
52,28	11,23	3,0	5,8	5,5
52,30	11,23	3,0	5,8	5,5
52,33	11,25	3,0	5,8	5,5
52,35	11,27	3,0	5,8	5,5
52,38	11,27	3,0	5,8	5,5
52,40	11,28	3,0	5,8	5,5
52,42	11,31	3,0	5,8	5,5
52,45	11,32	3,0	5,8	5,5
52,47	11,33	3,0	5,8	5,5
52,50	11,34	3,0	5,8	5,5
52,52	11,36	3,0	5,8	5,5
52,55	11,37	3,0	5,8	5,5
52,57	11,38	3,0	5,8	5,5
52,60	11,39	3,0	5,8	5,5
52,62	11,42	3,0	5,8	5,5
52,64	11,43	3,0	5,8	5,5
52,67	11,44	3,0	5,8	5,5
52,69	11,46	3,0	5,8	5,5
52,72	11,48	3,0	5,8	5,5
52,74	11,50	3,0	5,8	5,5
52,77	11,50	3,0	5,8	5,5
52,79	11,52	3,0	5,8	5,5
52,82	11,54	3,0	5,8	5,5
52,84	11,56	3,0	5,8	5,5
52,86	11,57	3,0	5,8	5,5
52,89	11,59	3,0	5,8	5,5
52,91	11,62	3,0	5,8	5,5
52,94	11,63	3,0	5,8	5,5
52,96	11,64	3,0	5,8	5,5
52,99	11,67	3,0	5,8	5,5
53,01	11,70	3,0	5,8	5,5
53,04	11,71	3,0	5,8	5,5
53,06	11,72	3,0	5,8	5,5
53,08	11,75	3,0	5,8	5,5
53,11	11,78	3,0	5,8	5,5
53,13	11,80	3,0	5,8	5,5
53,16	11,81	3,0	5,8	5,5
53,18	11,84	3,0	5,8	5,5
53,21	11,87	3,0	5,8	5,5
53,23	11,88	3,0	5,8	5,5
53,26	11,90	3,0	5,8	5,5
53,28	11,93	3,0	5,8	5,5
53,30	11,96	3,0	5,8	5,5
53,33	11,98	3,0	5,8	5,5
53,35	12,00	3,0	5,8	5,5
53,38	12,04	3,0	5,8	5,5
53,40	12,07	3,0	5,8	5,5
53,43	12,09	3,0	5,8	5,5
53,45	12,12	3,0	5,8	5,5
53,47	12,14	3,0	5,8	5,5
53,50	12,16	3,0	5,8	5,5
53,52	12,19	3,0	5,8	5,5
53,55	12,22	3,0	5,8	5,5
53,57	12,24	3,0	5,8	5,5
53,60	12,27	3,0	5,8	5,5
53,62	12,31	3,0	5,8	5,5
53,65	12,34	3,0	5,8	5,5
53,67	12,36	3,0	5,8	5,5
53,69	12,40	3,0	5,8	5,5
53,72	12,43	3,0	5,8	5,5
53,74	12,46	3,0	5,8	5,5
53,77	12,49	3,0	5,8	5,5
53,79	12,52	3,0	5,8	5,5
53,82	12,56	3,0	5,8	5,5
53,84	12,59	3,0	5,8	5,5
53,87	12,61	3,0	5,8	5,5
53,89	12,65	3,0	5,8	5,5
53,91	12,69	3,0	5,8	5,5
53,94	12,72	3,0	5,8	5,5
53,96	12,75	3,0	5,8	5,5
53,99	12,79	3,0	5,8	5,5
54,01	12,83	3,0	5,8	5,5
54,04	12,86	3,0	5,8	5,5
54,06	12,90	3,0	5,8	5,5
54,09	12,93	3,0	5,8	5,5
54,11	12,97	3,0	5,8	5,5
54,13	13,01	3,0	5,8	5,5
54,16	13,05	3,0	5,8	5,5
54,18	13,09	3,0	5,8	5,5
54,21	13,12	3,0	5,8	5,5
54,23	13,16	3,0	5,8	5,5
54,26	13,20	3,0	5,8	5,5
54,28	13,23	3,0	5,8	5,5
54,31	13,27	3,0	5,8	5,5
54,33	13,32	3,0	5,8	5,5
54,35	13,36	3,0	5,8	5,5
54,38	13,39	3,0	5,8	5,5
54,40	13,43	3,0	5,8	5,5
54,43	13,48	3,0	5,8	5,5
54,45	13,52	3,0	5,8	5,5
54,48	13,55	3,0	5,8	5,5
54,50	13,60	3,0	5,8	5,5
54,52	13,65	3,0	5,8	5,5
54,55	13,69	3,0	5,8	5,5
54,57	13,73	3,0	5,8	5,5
54,60	13,77	3,0	5,8	5,5
54,62	13,82	3,0	5,8	5,5
54,65	13,86	3,0	5,8	5,5
54,67	13,89	3,0	5,8	5,5
54,70	13,95	3,0	5,8	5,5
54,72	13,99	3,0	5,8	5,5
54,74	14,03	3,0	5,8	5,5
54,77	14,07	3,0	5,8	5,5
54,79	14,12	3,0	5,8	5,5
54,82	14,17	3,0	5,8	5,5
54,84	14,20	3,0	5,8	5,5
54,87	14,24	3,0	5,8	5,5
54,89	14,30	3,0	5,8	5,5
54,92	14,35	3,0	5,8	5,5
54,94	14,38	3,0	5,8	5,5
54,96	14,42	3,0	5,8	5,5
54,99	14,47	3,0	5,8	5,5
55,01	14,53	3,0	5,8	5,5
55,04	14,57	3,0	5,8	5,5
55,06	14,61	3,0	5,8	5,5
55,09	14,67	3,0	5,8	5,5
55,11	14,72	3,0	5,8	5,5
55,14	14,75	3,0	5,8	5,5
55,16	14,80	3,0	5,8	5,5
55,18	14,86	3,0	5,8	5,5
55,21	14,91	3,0	5,8	5,5
55,23	14,94	3,0	5,8	5,5
55,26	14,99	3,0	5,8	5,5
55,28	15,05	3,0	5,8	5,5
55,31	15,11	3,0	5,8	5,5
55,33	15,15	3,0	5,8	5,5
55,36	15,19	3,0	5,8	5,5
55,38	15,26	3,0	5,8	5,5
55,40	15,31	3,0	5,8	5,5
55,43	15,35	3,0	5,8	5,5
55,45	15,40	3,0	5,8	5,5
55,48	15,46	3,0	5,8	5,5
55,50	15,52	3,0	5,8	5,5
55,53	15,56	3,0	5,8	5,5
55,55	15,61	3,0	5,8	5,5
55,57	15,67	3,0	5,8	5,5
55,60	15,73	3,0	5,8	5,5
55,62	15,77	3,0	5,8	5,5
55,65	15,82	3,0	5,8	5,5
55,67	15,88	3,0	5,8	5,5
55,70	15,94	3,0	5,8	5,5
55,72	15,98	3,0	5,8	5,5
55,75	16,04	3,0	5,8	5,5
55,77	16,11	3,0	5,8	5,5
55,79	16,17	3,0	5,8	5,5
55,82	16,21	3,0	5,8	5,5
55,84	16,27	3,0	5,8	5,5
55,87	16,33	3,0	5,8	5,5
55,89	16,39	3,0	5,8	5,5
55,92	16,45	3,0	5,8	5,5
55,94	16,49	3,0	5,8	5,5
55,97	16,55	3,0	5,8	5,5
55,99	16,61	3,0	5,8	5,5
56,01	16,67	3,0	5,8	5,5
56,04	16,72	3,0	5,8	5,5
56,06	16,78	3,0	5,8	5,5
56,09	16,84	3,0	5,8	5,5
56,11	16,90	3,0	5,8	5,5
56,14	16,95	3,0	5,8	5,5
56,16	17,00	3,0	5,8	5,5
56,19	17,07	3,0	5,8	5,5
56,21	17,13	3,0	5,8	5,5
56,23	17,18	3,0	5,8	5,5
56,26	17,24	3,0	5,8	5,5
56,28	17,30	3,0	5,8	5,5
56,31	17,37	3,0	5,8	5,5
56,33	17,42	3,0	5,8	5,5
56,36	17,48	3,0	5,8	5,5
56,38	17,55	3,0	5,8	5,5
56,41	17,61	3,0	5,8	5,5
56,43	17,66	3,0	5,8	5,5
56,45	17,72	3,0	5,8	5,5
56,48	17,79	3,0	5,8	5,5
56,50	17,85	3,0	5,8	5,5
56,53	17,91	3,0	5,8	5,5
56,55	17,96	3,0	5,8	5,5
56,58	18,02	3,0	5,8	5,5
56,60	18,09	3,0	5,8	5,5
56,62	18,15	3,0	5,8	5,5
56,65	18,20	3,0	5,8	5,5
56,67	18,26	3,0	5,8	5,5
56,70	18,32	3,0	5,8	5,5
56,72	18,39	3,0	5,8	5,5
56,75	18,44	3,0	5,8	5,5
56,77	18,50	3,0	5,8	5,5
56,80	18,57	3,0	5,8	5,5
56,82	18,64	3,0	5,8	5,5
56,84	18,69	3,0	5,8	5,5
56,87	18,75	3,0	5,8	5,5
56,89	18,82	3,0	5,8	5,5
56,92	18,89	3,0	5,8	5,5
56,94	18,94	3,0	5,8	5,5
56,97	18,99	3,0	5,8	5,5
56,99	19,07	3,0	5,8	5,5
57,02	19,13	3,0	5,8	5,5
57,04	19,18	3,0	5,8	5,5
57,06	19,24	3,0	5,8	5,5
57,09	19,32	3,0	5,8	5,5
57,11	19,38	3,0	5,8	5,5
57,14	19,43	3,0	5,8	5,5
57,16	19,49	3,0	5,8	5,5
57,19	19,57	3,0	5,8	5,5
57,21	19,64	3,0	5,8	5,5
57,24	19,69	3,0	5,8	5,5
57,26	19,75	3,0	5,8	5,5
57,28	19,83	3,0	5,8	5,5
57,31	19,90	3,0	5,8	5,5
57,33	19,95	3,0	5,8	5,5
57,36	20,01	3,0	5,8	5,5
57,38	20,09	3,0	5,8	5,5
57,41	20,16	3,0	5,8	5,5
57,43	20,21	3,0	5,8	5,5
57,46	20,28	3,0	5,8	5,5
57,48	20,35	3,0	5,8	5,5
57,50	20,42	3,0	5,8	5,5
57,53	20,47	3,0	5,8	5,5
57,55	20,53	3,0	5,8	5,5
57,58	20,61	3,0	5,8	5,5
57,60	20,68	3,0	5,8	5,5
57,63	20,74	3,0	5,8	5,5
57,65	20,80	3,0	5,8	5,5
57,68	20,88	3,0	5,8	5,5
57,70	20,96	3,0	5,8	5,5
57,72	21,01	3,0	5,8	5,5
57,75	21,07	3,0	5,8	5,5
57,77	21,15	3,0	5,8	5,5
57,80	21,21	3,0	5,8	5,5
57,82	21,27	3,0	5,8	5,5
57,85	21,33	3,0	5,8	5,5
57,87	21,40	3,0	5,8	5,5
57,89	21,47	3,0	5,8	5,5
57,92	21,52	3,0	5,8	5,5
57,94	21,59	3,0	5,8	5,5
57,97	21,66	3,0	5,8	5,5
57,99	21,73	3,0	5,8	5,5
58,02	21,79	3,0	5,8	5,5
58,04	21,86	3,0	5,8	5,5
58,07	21,93	3,0	5,8	5,5
58,09	22,00	3,0	5,8	5,5
58,11	22,06	3,0	5,8	5,5
58,14	22,13	3,0	5,8	5,5
58,16	22,21	3,0	5,8	5,5
58,19	22,27	3,0	5,8	5,5
58,21	22,33	3,0	5,8	5,5
58,24	22,41	3,0	5,8	5,5
58,26	22,48	3,0	5,8	5,5
58,29	22,54	3,0	5,8	5,5
58,31	22,60	3,0	5,8	5,5
58,33	22,66	3,0	5,8	5,5
58,36	22,72	3,0	5,8	5,5
58,38	22,80	3,0	5,8	5,5
58,41	22,87	3,0	5,8	5,5
58,43	22,93	3,0	5,8	5,5
58,46	23,00	3,0	5,8	5,5
58,48	23,07	3,0	5,8	5,5
58,51	23,14	3,0	5,8	5,5
58,53	23,21	3,0	5,8	5,5
58,55	23,26	3,0	5,8	5,5
58,58	23,34	3,0	5,8	5,5
58,60	23,41	3,0	5,8	5,5
58,63	23,47	3,0	5,8	5,5
58,65	23,54	3,0	5,8	5,5
58,68	23,62	3,0	5,8	5,5
58,70	23,69	3,0	5,8	5,5
58,73	23,75	3,0	5,8	5,5
58,75	23,81	3,0	5,8	5,5
58,77	23,89	3,0	5,8	5,5
58,80	23,96	3,0	5,8	5,5
58,82	24,02	3,0	5,8	5,5
58,85	24,09	3,0	5,8	5,5
58,87	24,16	3,0	5,8	5,5
58,90	24,23	3,0	5,8	5,5
58,92	24,30	3,0	5,8	5,5
58,94	24,37	3,0	5,8	5,5
58,97	24,44	3,0	5,8	5,5
58,99	24,52	3,0	5,8	5,5
59,02	24,59	3,0	5,8	5,5
59,04	24,63	3,0	5,8	5,5
59,07	24,70	3,0	5,8	5,5
59,09	24,78	3,0	5,8	5,5
59,12	24,85	3,0	5,8	5,5
59,14	24,91	3,0	5,8	5,5
59,16	24,98	3,0	5,8	5,5
59,19	25,06	3,0	5,8	5,5
59,21	25,13	3,0	5,8	5,5
59,24	25,18	3,0	5,8	5,5
59,26	25,24	3,0	5,8	5,5
59,29	25,32	3,0	5,8	5,5
59,31	25,39	3,0	5,8	5,5
59,34	25,44	3,0	5,8	5,5
59,36	25,51	3,0	5,8	5,5
59,38	25,59	3,0	5,8	5,5
59,41	25,66	3,0	5,8	5,5
59,43	25,71	3,0	5,8	5,5
59,46	25,78	3,0	5,8	5,5
59,48	25,85	3,0	5,8	5,5
59,51	25,91	3,0	5,8	5,5
59,53	25,96	3,0	5,8	5,5
59,56	26,02	3,0	5,8	5,5
59,58	26,10	3,0	5,8	5,5
59,60	26,16	3,0	5,8	5,5
59,63	26,22	3,0	5,8	5,5
59,65	26,28	3,0	5,8	5,5
59,68	26,36	3,0	5,8	5,5
59,70	26,42	3,0	5,8	5,5
59,73	26,48	3,0	5,8	5,5
59,75	26,55	3,0	5,8	5,5
59,78	26,62	3,0	5,8	5,5
59,80	26,68	3,0	5,8	5,5
59,82	26,73	3,0	5,8	5,5
59,85	26,81	3,0	5,8	5,5
59,87	26,88	3,0	5,8	5,5
59,90	26,94	3,0	5,8	5,5
59,92	27,01	3,0	5,8	5,5
59,95	27,08	3,0	5,8	5,5
59,97	27,15	3,0	5,8	5,5
59,99	27,20	3,0	5,8	5,5
60,02	27,26	3,0	5,8	5,5
60,04	27,33	3,0	5,8	5,5
60,07	27,40	3,0	5,8	5,5
60,09	27,46	3,0	5,8	5,5
60,12	27,52	3,0	5,8	5,5
60,14	27,59	3,0	5,8	5,5
60,17	27,66	3,0	5,8	5,5
60,19	27,71	3,0	5,8	5,5
60,21	27,77	3,0	5,8	5,5
60,24	27,84	3,0	5,8	5,5
60,26	27,91	3,0	5,8	5,5
60,29	27,96	3,0	5,8	5,5
60,31	28,03	3,0	5,8	5,5
60,34	28,10	3,0	5,8	5,5
60,36	28,17	3,0	5,8	5,5
60,39	28,22	3,0	5,8	5,5
60,41	28,28	3,0	5,8	5,5
60,43	28,36	3,0	5,8	5,5
60,46	28,43	3,0	5,8	5,5
60,48	28,48	3,0	5,8	5,5
60,51	28,54	3,0	5,8	5,5
60,53	28,62	3,0	5,8	5,5
60,56	28,69	3,0	5,8	5,5
60,58	28,74	3,0	5,8	5,5
60,61	28,80	3,0	5,8	5,5
60,63	28,87	3,0	5,8	5,5
60,65	28,93	3,0	5,8	5,5
60,68	28,98	3,0	5,8	5,5
60,70	29,04	3,0	5,8	5,5
60,73	29,12	3,0	5,8	5,5
60,75	29,18	3,0	5,8	5,5
60,78	29,25	3,0	5,8	5,5
60,80	29,32	3,0	5,8	5,5
60,83	29,38	3,0	5,8	5,5
60,85	29,45	3,0	5,8	5,5
60,87	29,51	3,0	5,8	5,5
60,90	29,57	3,0	5,8	5,5
60,92	29,63	3,0	5,8	5,5
60,95	29,70	3,0	5,8	5,5
60,97	29,76	3,0	5,8	5,5
61,00	29,82	3,0	5,8	5,5
61,02	29,88	3,0	5,8	5,5
61,05	29,95	3,0	5,8	5,5
61,07	30,02	3,0	5,8	5,5
61,09	30,07	3,0	5,8	5,5
61,12	30,13	3,0	5,8	5,5
61,14	30,20	3,0	5,8	5,5
61,17	30,26	3,0	5,8	5,5
61,19	30,31	3,0	5,8	5,5
61,22	30,37	3,0	5,8	5,5
61,24	30,44	3,0	5,8	5,5
61,26	30,50	3,0	5,8	5,5
61,29	30,55	3,0	5,8	5,5
61,31	30,61	3,0	5,8	5,5
61,34	30,68	3,0	5,8	5,5
61,36	30,74	3,0	5,8	5,5
61,39	30,79	3,0	5,8	5,5
61,41	30,85	3,0	5,8	5,5
61,44	30,90	3,0	5,8	5,5
61,46	30,96	3,0	5,8	5,5
61,48	31,02	3,0	5,8	5,5
61,51	31,08	3,0	5,8	5,5
61,53	31,14	3,0	5,8	5,5
61,56	31,20	3,0	5,8	5,5
61,58	31,27	3,0	5,8	5,5
61,61	31,32	3,0	5,8	5,5
61,63	31,38	3,0	5,8	5,5
61,66	31,44	3,0	5,8	5,5
61,68	31,49	3,0	5,8	5,5
61,70	31,55	3,0	5,8	5,5
61,73	31,60	3,0	5,8	5,5
61,75	31,66	3,0	5,8	5,5
61,78	31,73	3,0	5,8	5,5
61,80	31,77	3,0	5,8	5,5
61,83	31,83	3,0	5,8	5,5
61,85	31,89	3,0	5,8	5,5
61,88	31,95	3,0	5,8	5,5
61,90	32,00	3,0	5,8	5,5
61,92	32,06	3,0	5,8	5,5
61,95	32,12	3,0	5,8	5,5
61,97	32,18	3,0	5,8	5,5
62,00	32,23	3,0	5,8	5,5
62,02	32,29	3,0	5,8	5,5
62,05	32,35	3,0	5,8	5,5
62,07	32,41	3,0	5,8	5,5
62,10	32,46	3,0	5,8	5,5
62,12	32,51	3,0	5,8	5,5
62,14	32,58	3,0	5,8	5,5
62,17	32,64	3,0	5,8	5,5
62,19	32,68	3,0	5,8	5,5
62,22	32,74	3,0	5,8	5,5
62,24	32,80	3,0	5,8	5,5
62,27	32,86	3,0	5,8	5,5
62,29	32,90	3,0	5,8	5,5
62,31	32,95	3,0	5,8	5,5
62,34	33,02	3,0	5,8	5,5
62,36	33,08	3,0	5,8	5,5
62,39	33,12	3,0	5,8	5,5
62,41	33,18	3,0	5,8	5,5
62,44	33,25	3,0	5,8	5,5
62,46	33,30	3,0	5,8	5,5
62,49	33,35	3,0	5,8	5,5
62,51	33,40	3,0	5,8	5,5
62,53	33,46	3,0	5,8	5,5
62,56	33,51	3,0	5,8	5,5
62,58	33,56	3,0	5,8	5,5
62,61	33,61	3,0	5,8	5,5
62,63	33,67	3,0	5,8	5,5
62,66	33,73	3,0	5,8	5,5
62,68	33,77	3,0	5,8	5,5
62,71	33,82	3,0	5,8	5,5
62,73	33,88	3,0	5,8	5,5
62,75	33,93	3,0	5,8	5,5
62,78	33,98	3,0	5,8	5,5
62,80	34,02	3,0	5,8	5,5
62,83	34,08	3,0	5,8	5,5
62,85	34,13	3,0	5,8	5,5
62,88	34,17	3,0	5,8	5,5
62,90	34,21	3,0	5,8	5,5
62,93	34,28	3,0	5,8	5,5
62,95	34,33	3,0	5,8	5,5
62,97	34,36	3,0	5,8	5,5
63,00	34,42	3,0	5,8	5,5
63,02	34,47	3,0	5,8	5,5
63,05	34,53	3,0	5,8	5,5
63,07	34,57	3,0	5,8	5,5
63,10	34,61	3,0	5,8	5,5
63,12	34,67	3,0	5,8	5,5
63,15	34,72	3,0	5,8	5,5
63,17	34,75	3,0	5,8	5,5
63,19	34,81	3,0	5,8	5,5
63,22	34,86	3,0	5,8	5,5
63,24	34,91	3,0	5,8	5,5
63,27	34,96	3,0	5,8	5,5
63,29	35,00	3,0	5,8	5,5
63,32	35,04	3,0	5,8	5,5
63,34	35,09	3,0	5,8	5,5
63,36	35,15	3,0	5,8	5,5
63,39	35,18	3,0	5,8	5,5
63,41	35,24	3,0	5,8	5,5
63,44	35,29	3,0	5,8	5,5
63,46	35,33	3,0	5,8	5,5
63,49	35,38	3,0	5,8	5,5
63,51	35,42	3,0	5,8	5,5
63,54	35,48	3,0	5,8	5,5
63,56	35,53	3,0	5,8	5,5
63,58	35,55	3,0	5,8	5,5
63,61	35,60	3,0	5,8	5,5
63,63	35,65	3,0	5,8	5,5
63,66	35,69	3,0	5,8	5,5
63,68	35,72	3,0	5,8	5,5
63,71	35,76	3,0	5,8	5,5
63,73	35,81	3,0	5,8	5,5
63,76	35,86	3,0	5,8	5,5
63,78	35,88	3,0	5,8	5,5
63,80	35,92	3,0	5,8	5,5
63,83	35,97	3,0	5,8	5,5
63,85	36,01	3,0	5,8	5,5
63,88	36,05	3,0	5,8	5,5
63,90	36,07	3,0	5,8	5,5
63,93	36,11	3,0	5,8	5,5
63,95	36,16	3,0	5,8	5,5
63,98	36,20	3,0	5,8	5,5
64,00	36,22	3,0	5,8	5,5
64,02	36,24	3,0	5,8	5,5
64,05	36,29	3,0	5,8	5,5
64,07	36,32	3,0	5,8	5,5
64,10	36,32	3,0	5,8	5,5
64,12	36,36	3,0	5,8	5,5
64,15	36,40	3,0	5,8	5,5
64,17	36,43	3,0	5,8	5,5
64,20	36,44	3,0	5,8	5,5
64,22	36,46	3,0	5,8	5,5
64,24	36,50	3,0	5,8	5,5
64,27	36,52	3,0	5,8	5,5
64,29	36,53	3,0	5,8	5,5
64,32	36,55	3,0	5,8	5,5
64,34	36,59	3,0	5,8	5,5
64,37	36,60	3,0	5,8	5,5
64,39	36,61	3,0	5,8	5,5
64,41	36,63	3,0	5,8	5,5
64,44	36,66	3,0	5,8	5,5
64,46	36,69	3,0	5,8	5,5
64,49	36,69	3,0	5,8	5,5
64,51	36,71	3,0	5,8	5,5
64,54	36,74	3,0	5,8	5,5
64,56	36,76	3,0	5,8	5,5
64,59	36,76	3,0	5,8	5,5
64,61	36,78	3,0	5,8	5,5
64,63	36,81	3,0	5,8	5,5
64,66	36,82	3,0	5,8	5,5
64,68	36,82	3,0	5,8	5,5
64,71	36,84	3,0	5,8	5,5
64,73	36,86	3,0	5,8	5,5
64,76	36,88	3,0	5,8	5,5
64,78	36,89	3,0	5,8	5,5
64,81	36,90	3,0	5,8	5,5
64,83	36,92	3,0	5,8	5,5
64,85	36,93	3,0	5,8	5,5
64,88	36,94	3,0	5,8	5,5
64,90	36,96	3,0	5,8	5,5
64,93	36,98	3,0	5,8	5,5
64,95	37,00	3,0	5,8	5,5
64,98	37,00	3,0	5,8	5,5
65,00	37,01	3,0	5,8	5,5
65,03	37,04	3,0	5,8	5,5
65,05	37,04	3,0	5,8	5,5
65,07	37,05	3,0	5,8	5,5
65,10	37,07	3,0	5,8	5,5
65,12	37,09	3,0	5,8	5,5
65,15	37,10	3,0	5,8	5,5
65,17	37,10	3,0	5,8	5,5
65,20	37,12	3,0	5,8	5,5
65,22	37,14	3,0	5,8	5,5
65,25	37,14	3,0	5,8	5,5
65,27	37,14	3,0	5,8	5,5
65,29	37,16	3,0	5,8	5,5
65,32	37,17	3,0	5,8	5,5
65,34	37,18	3,0	5,8	5,5
65,37	37,19	3,0	5,8	5,5
65,39	37,21	3,0	5,8	5,5
65,42	37,23	3,0	5,8	5,5
65,44	37,22	3,0	5,8	5,5
65,47	37,24	3,0	5,8	5,5
65,49	37,25	3,0	5,8	5,5
65,51	37,26	3,0	5,8	5,5
65,54	37,27	3,0	5,8	5,5
65,56	37,28	3,0	5,8	5,5
65,59	37,30	3,0	5,8	5,5
65,61	37,31	3,0	5,8	5,5
65,64	37,32	3,0	5,8	5,5
65,66	37,33	3,0	5,8	5,5
65,68	37,33	3,0	5,8	5,5
65,71	37,34	3,0	5,8	5,5
65,73	37,35	3,0	5,8	5,5
65,76	37,36	3,0	5,8	5,5
65,78	37,36	3,0	5,8	5,5
65,81	37,37	3,0	5,8	5,5
65,83	37,39	3,0	5,8	5,5
65,86	37,39	3,0	5,8	5,5
65,88	37,39	3,0	5,8	5,5
65,90	37,40	3,0	5,8	5,5
65,93	37,42	3,0	5,8	5,5
65,95	37,41	3,0	5,8	5,5
65,98	37,41	3,0	5,8	5,5
66,00	37,41	3,0	5,8	5,5
66,03	37,42	3,0	5,8	5,5
66,05	37,41	3,0	5,8	5,5
66,08	37,41	3,0	5,8	5,5
66,10	37,42	3,0	5,8	5,5
66,12	37,42	3,0	5,8	5,5
66,15	37,42	3,0	5,8	5,5
66,17	37,42	3,0	5,8	5,5
66,20	37,42	3,0	5,8	5,5
66,22	37,42	3,0	5,8	5,5
66,25	37,41	3,0	5,8	5,5
66,27	37,41	3,0	5,8	5,5
66,30	37,40	3,0	5,8	5,5
66,32	37,40	3,0	5,8	5,5
66,34	37,42	3,0	5,8	5,5
66,37	37,41	3,0	5,8	5,5
66,39	37,39	3,0	5,8	5,5
66,42	37,39	3,0	5,8	5,5
66,44	37,39	3,0	5,8	5,5
66,47	37,38	3,0	5,8	5,5
66,49	37,36	3,0	5,8	5,5
66,52	37,36	3,0	5,8	5,5
66,54	37,37	3,0	5,8	5,5
66,56	37,36	3,0	5,8	5,5
66,59	37,34	3,0	5,8	5,5
66,61	37,35	3,0	5,8	5,5
66,64	37,35	3,0	5,8	5,5
66,66	37,35	3,0	5,8	5,5
66,69	37,34	3,0	5,8	5,5
66,71	37,34	3,0	5,8	5,5
66,73	37,35	3,0	5,8	5,5
66,76	37,33	3,0	5,8	5,5
66,78	37,32	3,0	5,8	5,5
66,81	37,33	3,0	5,8	5,5
66,83	37,34	3,0	5,8	5,5
66,86	37,33	3,0	5,8	5,5
66,88	37,32	3,0	5,8	5,5
66,91	37,32	3,0	5,8	5,5
66,93	37,32	3,0	5,8	5,5
66,95	37,31	3,0	5,8	5,5
66,98	37,30	3,0	5,8	5,5
67,00	37,31	3,0	5,8	5,5
67,03	37,32	3,0	5,8	5,5
67,05	37,32	3,0	5,8	5,5
67,08	37,31	3,0	5,8	5,5
67,10	37,32	3,0	5,8	5,5
67,13	37,33	3,0	5,8	5,5
67,15	37,32	3,0	5,8	5,5
67,17	37,31	3,0	5,8	5,5
67,20	37,32	3,0	5,8	5,5
67,22	37,32	3,0	5,8	5,5
67,25	37,32	3,0	5,8	5,5
67,27	37,31	3,0	5,8	5,5
67,30	37,32	3,0	5,8	5,5
67,32	37,33	3,0	5,8	5,5
67,35	37,31	3,0	5,8	5,5
67,37	37,31	3,0	5,8	5,5
67,39	37,32	3,0	5,8	5,5
67,42	37,32	3,0	5,8	5,5
67,44	37,31	3,0	5,8	5,5
67,47	37,31	3,0	5,8	5,5
67,49	37,31	3,0	5,8	5,5
67,52	37,32	3,0	5,8	5,5
67,54	37,31	3,0	5,8	5,5
67,57	37,31	3,0	5,8	5,5
67,59	37,31	3,0	5,8	5,5
67,61	37,31	3,0	5,8	5,5
67,64	37,30	3,0	5,8	5,5
67,66	37,30	3,0	5,8	5,5
67,69	37,30	3,0	5,8	5,5
67,71	37,30	3,0	5,8	5,5
67,74	37,28	3,0	5,8	5,5
67,76	37,28	3,0	5,8	5,5
67,78	37,28	3,0	5,8	5,5
67,81	37,28	3,0	5,8	5,5
67,83	37,26	3,0	5,8	5,5
67,86	37,25	3,0	5,8	5,5
67,88	37,27	3,0	5,8	5,5
67,91	37,26	3,0	5,8	5,5
67,93	37,23	3,0	5,8	5,5
67,96	37,23	3,0	5,8	5,5
67,98	37,24	3,0	5,8	5,5
68,00	37,23	3,0	5,8	5,5
68,03	37,21	3,0	5,8	5,5
68,05	37,20	3,0	5,8	5,5
68,08	37,20	3,0	5,8	5,5
68,10	37,20	3,0	5,8	5,5
68,13	37,19	3,0	5,8	5,5
68,15	37,18	3,0	5,8	5,5
68,18	37,17	3,0	5,8	5,5
68,20	37,17	3,0	5,8	5,5
68,22	37,16	3,0	5,8	5,5
68,25	37,16	3,0	5,8	5,5
68,27	37,15	3,0	5,8	5,5
68,30	37,15	3,0	5,8	5,5
68,32	37,15	3,0	5,8	5,5
68,35	37,14	3,0	5,8	5,5
68,37	37,13	3,0	5,8	5,5
68,40	37,13	3,0	5,8	5,5
68,42	37,12	3,0	5,8	5,5
68,44	37,11	3,0	5,8	5,5
68,47	37,11	3,0	5,8	5,5
68,49	37,12	3,0	5,8	5,5
68,52	37,12	3,0	5,8	5,5
68,54	37,10	3,0	5,8	5,5
68,57	37,10	3,0	5,8	5,5
68,59	37,12	3,0	5,8	5,5
68,62	37,12	3,0	5,8	5,5
68,64	37,11	3,0	5,8	5,5
68,66	37,11	3,0	5,8	5,5
68,69	37,12	3,0	5,8	5,5
68,71	37,13	3,0	5,8	5,5
68,74	37,13	3,0	5,8	5,5
68,76	37,13	3,0	5,8	5,5
68,79	37,13	3,0	5,8	5,5
68,81	37,14	3,0	5,8	5,5
68,83	37,15	3,0	5,8	5,5
68,86	37,15	3,0	5,8	5,5
68,88	37,15	3,0	5,8	5,5
68,91	37,15	3,0	5,8	5,5
68,93	37,16	3,0	5,8	5,5
68,96	37,16	3,0	5,8	5,5
68,98	37,17	3,0	5,8	5,5
69,01	37,19	3,0	5,8	5,5
69,03	37,20	3,0	5,8	5,5
69,05	37,19	3,0	5,8	5,5
69,08	37,20	3,0	5,8	5,5
69,10	37,22	3,0	5,8	5,5
69,13	37,23	3,0	5,8	5,5
69,15	37,22	3,0	5,8	5,5
69,18	37,23	3,0	5,8	5,5
69,20	37,25	3,0	5,8	5,5
69,23	37,26	3,0	5,8	5,5
69,25	37,25	3,0	5,8	5,5
69,27	37,26	3,0	5,8	5,5
69,30	37,28	3,0	5,8	5,5
69,32	37,29	3,0	5,8	5,5
69,35	37,29	3,0	5,8	5,5
69,37	37,29	3,0	5,8	5,5
69,40	37,31	3,0	5,8	5,5
69,42	37,32	3,0	5,8	5,5
69,45	37,32	3,0	5,8	5,5
69,47	37,33	3,0	5,8	5,5
69,49	37,35	3,0	5,8	5,5
69,52	37,36	3,0	5,8	5,5
69,54	37,36	3,0	5,8	5,5
69,57	37,37	3,0	5,8	5,5
69,59	37,39	3,0	5,8	5,5
69,62	37,40	3,0	5,8	5,5
69,64	37,39	3,0	5,8	5,5
69,67	37,40	3,0	5,8	5,5
69,69	37,42	3,0	5,8	5,5
69,71	37,43	3,0	5,8	5,5
69,74	37,43	3,0	5,8	5,5
69,76	37,43	3,0	5,8	5,5
69,79	37,46	3,0	5,8	5,5
69,81	37,47	3,0	5,8	5,5
69,84	37,47	3,0	5,8	5,5
69,86	37,48	3,0	5,8	5,5
69,89	37,49	3,0	5,8	5,5
69,91	37,50	3,0	5,8	5,5
69,93	37,50	3,0	5,8	5,5
69,96	37,51	3,0	5,8	5,5
69,98	37,53	3,0	5,8	5,5
70,01	37,54	3,0	5,8	5,5
70,03	37,54	3,0	5,8	5,5
70,06	37,56	3,0	5,8	5,5
70,08	37,58	3,0	5,8	5,5
70,10	37,59	3,0	5,8	5,5
70,13	37,59	3,0	5,8	5,5
70,15	37,61	3,0	5,8	5,5
70,18	37,63	3,0	5,8	5,5
70,20	37,64	3,0	5,8	5,5
70,23	37,64	3,0	5,8	5,5
70,25	37,67	3,0	5,8	5,5
70,28	37,68	3,0	5,8	5,5
70,30	37,69	3,0	5,8	5,5
70,32	37,71	3,0	5,8	5,5
70,35	37,72	3,0	5,8	5,5
70,37	37,75	3,0	5,8	5,5
70,40	37,76	3,0	5,8	5,5
70,42	37,77	3,0	5,8	5,5
70,45	37,80	3,0	5,8	5,5
70,47	37,83	3,0	5,8	5,5
70,50	37,83	3,0	5,8	5,5
70,52	37,86	3,0	5,8	5,5
70,54	37,87	3,0	5,8	5,5
70,57	37,89	3,0	5,8	5,5
70,59	37,92	3,0	5,8	5,5
70,62	37,94	3,0	5,8	5,5
70,64	37,96	3,0	5,8	5,5
70,67	37,99	3,0	5,8	5,5
70,69	38,02	3,0	5,8	5,5
70,72	38,04	3,0	5,8	5,5
70,74	38,06	3,0	5,8	5,5
70,76	38,09	3,0	5,8	5,5
70,79	38,12	3,0	5,8	5,5
70,81	38,15	3,0	5,8	5,5
70,84	38,17	3,0	5,8	5,5
70,86	38,20	3,0	5,8	5,5
70,89	38,24	3,0	5,8	5,5
70,91	38,27	3,0	5,8	5,5
70,94	38,29	3,0	5,8	5,5
70,96	38,32	3,0	5,8	5,5
70,98	38,36	3,0	5,8	5,5
71,01	38,39	3,0	5,8	5,5
71,03	38,41	3,0	5,8	5,5
71,06	38,45	3,0	5,8	5,5
71,08	38,49	3,0	5,8	5,5
71,11	38,52	3,0	5,8	5,5
71,13	38,54	3,0	5,8	5,5
71,15	38,58	3,0	5,8	5,5
71,18	38,61	3,0	5,8	5,5
71,20	38,65	3,0	5,8	5,5
71,23	38,69	3,0	5,8	5,5
71,25	38,71	3,0	5,8	5,5
71,28	38,73	3,0	5,8	5,5
71,30	38,77	3,0	5,8	5,5
71,33	38,81	3,0	5,8	5,5
71,35	38,84	3,0	5,8	5,5
71,37	38,88	3,0	5,8	5,5
71,40	38,92	3,0	5,8	5,5
71,42	38,95	3,0	5,8	5,5
71,45	38,98	3,0	5,8	5,5
71,47	39,01	3,0	5,8	5,5
71,50	39,05	3,0	5,8	5,5
71,52	39,08	3,0	5,8	5,5
71,55	39,09	3,0	5,8	5,5
71,57	39,13	3,0	5,8	5,5
71,59	39,18	3,0	5,8	5,5
71,62	39,21	3,0	5,8	5,5
71,64	39,24	3,0	5,8	5,5
71,67	39,27	3,0	5,8	5,5
71,69	39,33	3,0	5,8	5,5
71,72	39,36	3,0	5,8	5,5
71,74	39,39	3,0	5,8	5,5
71,77	39,44	3,0	5,8	5,5
71,79	39,49	3,0	5,8	5,5
71,81	39,52	3,0	5,8	5,5
71,84	39,55	3,0	5,8	5,5
71,86	39,60	3,0	5,8	5,5
71,89	39,65	3,0	5,8	5,5
71,91	39,69	3,0	5,8	5,5
71,94	39,72	3,0	5,8	5,5
71,96	39,78	3,0	5,8	5,5
71,99	39,82	3,0	5,8	5,5
72,01	39,85	3,0	5,8	5,5
72,03	39,88	3,0	5,8	5,5
72,06	39,94	3,0	5,8	5,5
72,08	39,99	3,0	5,8	5,5
72,11	40,03	3,0	5,8	5,5
72,13	40,07	3,0	5,8	5,5
72,16	40,12	3,0	5,8	5,5
72,18	40,18	3,0	5,8	5,5
72,20	40,22	3,0	5,8	5,5
72,23	40,26	3,0	5,8	5,5
72,25	40,31	3,0	5,8	5,5
72,28	40,37	3,0	5,8	5,5
72,30	40,41	3,0	5,8	5,5
72,33	40,45	3,0	5,8	5,5
72,35	40,51	3,0	5,8	5,5
72,38	40,56	3,0	5,8	5,5
72,40	40,60	3,0	5,8	5,5
72,42	40,64	3,0	5,8	5,5
72,45	40,69	3,0	5,8	5,5
72,47	40,75	3,0	5,8	5,5
72,50	40,79	3,0	5,8	5,5
72,52	40,84	3,0	5,8	5,5
72,55	40,91	3,0	5,8	5,5
72,57	40,97	3,0	5,8	5,5
72,60	41,02	3,0	5,8	5,5
72,62	41,07	3,0	5,8	5,5
72,64	41,14	3,0	5,8	5,5
72,67	41,20	3,0	5,8	5,5
72,69	41,24	3,0	5,8	5,5
72,72	41,30	3,0	5,8	5,5
72,74	41,36	3,0	5,8	5,5
72,77	41,42	3,0	5,8	5,5
72,79	41,46	3,0	5,8	5,5
72,82	41,52	3,0	5,8	5,5
72,84	41,58	3,0	5,8	5,5
72,86	41,64	3,0	5,8	5,5
72,89	41,69	3,0	5,8	5,5
72,91	41,76	3,0	5,8	5,5
72,94	41,82	3,0	5,8	5,5
72,96	41,88	3,0	5,8	5,5
72,99	41,95	3,0	5,8	5,5
73,01	42,00	3,0	5,8	5,5
73,04	42,06	3,0	5,8	5,5
73,06	42,13	3,0	5,8	5,5
73,08	42,20	3,0	5,8	5,5
73,11	42,25	3,0	5,8	5,5
73,13	42,31	3,0	5,8	5,5
73,16	42,38	3,0	5,8	5,5
73,18	42,45	3,0	5,8	5,5
73,21	42,51	3,0	5,8	5,5
73,23	42,56	3,0	5,8	5,5
73,25	42,63	3,0	5,8	5,5
73,28	42,70	3,0	5,8	5,5
73,30	42,76	3,0	5,8	5,5
73,33	42,83	3,0	5,8	5,5
73,35	42,90	3,0	5,8	5,5
73,38	42,97	3,0	5,8	5,5
73,40	43,04	3,0	5,8	5,5
73,43	43,11	3,0	5,8	5,5
73,45	43,18	3,0	5,8	5,5
73,47	43,26	3,0	5,8	5,5
73,50	43,32	3,0	5,8	5,5
73,52	43,39	3,0	5,8	5,5
73,55	43,46	3,0	5,8	5,5
73,57	43,53	3,0	5,8	5,5
73,60	43,60	3,0	5,8	5,5
73,62	43,67	3,0	5,8	5,5
73,65	43,73	3,0	5,8	5,5
73,67	43,81	3,0	5,8	5,5
73,69	43,89	3,0	5,8	5,5
73,72	43,96	3,0	5,8	5,5
73,74	44,03	3,0	5,8	5,5
73,77	44,11	3,0	5,8	5,5
73,79	44,21	3,0	5,8	5,5
73,82	44,27	3,0	5,8	5,5
73,84	44,33	3,0	5,8	5,5
73,87	44,40	3,0	5,8	5,5
73,89	44,49	3,0	5,8	5,5
73,91	44,56	3,0	5,8	5,5
73,94	44,62	3,0	5,8	5,5
73,96	44,71	3,0	5,8	5,5
73,99	44,80	3,0	5,8	5,5
74,01	44,86	3,0	5,8	5,5
74,04	44,93	3,0	5,8	5,5
74,06	45,02	3,0	5,8	5,5
74,09	45,11	3,0	5,8	5,5
74,11	45,18	3,0	5,8	5,5
74,13	45,25	3,0	5,8	5,5
74,16	45,34	3,0	5,8	5,5
74,18	45,43	3,0	5,8	5,5
74,21	45,50	3,0	5,8	5,5
74,23	45,58	3,0	5,8	5,5
74,26	45,67	3,0	5,8	5,5
74,28	45,77	3,0	5,8	5,5
74,31	45,84	3,0	5,8	5,5
74,33	45,91	3,0	5,8	5,5
74,35	46,01	3,0	5,8	5,5
74,38	46,10	3,0	5,8	5,5
74,40	46,16	3,0	5,8	5,5
74,43	46,25	3,0	5,8	5,5
74,45	46,34	3,0	5,8	5,5
74,48	46,43	3,0	5,8	5,5
74,50	46,51	3,0	5,8	5,5
74,52	46,60	3,0	5,8	5,5
74,55	46,69	3,0	5,8	5,5
74,57	46,78	3,0	5,8	5,5
74,60	46,86	3,0	5,8	5,5
74,62	46,95	3,0	5,8	5,5
74,65	47,04	3,0	5,8	5,5
74,67	47,14	3,0	5,8	5,5
74,70	47,22	3,0	5,8	5,5
74,72	47,30	3,0	5,8	5,5
74,74	47,39	3,0	5,8	5,5
74,77	47,49	3,0	5,8	5,5
74,79	47,57	3,0	5,8	5,5
74,82	47,67	3,0	5,8	5,5
74,84	47,78	3,0	5,8	5,5
74,87	47,86	3,0	5,8	5,5
74,89	47,94	3,0	5,8	5,5
74,92	48,03	3,0	5,8	5,5
74,94	48,14	3,0	5,8	5,5
74,96	48,24	3,0	5,8	5,5
74,99	48,32	3,0	5,8	5,5
75,01	48,42	3,0	5,8	5,5
75,04	48,52	3,0	5,8	5,5
75,06	48,62	3,0	5,8	5,5
75,09	48,70	3,0	5,8	5,5
75,11	48,78	3,0	5,8	5,5
75,14	48,89	3,0	5,8	5,5
75,16	48,97	3,0	5,8	5,5
75,18	49,04	3,0	5,8	5,5
75,21	49,12	3,0	5,8	5,5
75,23	49,21	3,0	5,8	5,5
75,26	49,29	3,0	5,8	5,5
75,28	49,34	3,0	5,8	5,5
75,31	49,40	3,0	5,8	5,5
75,33	49,48	3,0	5,8	5,5
75,36	49,53	3,0	5,8	5,5
75,38	49,58	3,0	5,8	5,5
75,40	49,63	3,0	5,8	5,5
75,43	49,68	3,0	5,8	5,5
75,45	49,74	3,0	5,8	5,5
75,48	49,76	3,0	5,8	5,5
75,50	49,79	3,0	5,8	5,5
75,53	49,84	3,0	5,8	5,5
75,55	49,88	3,0	5,8	5,5
75,57	49,90	3,0	5,8	5,5
75,60	49,91	3,0	5,8	5,5
75,62	49,94	3,0	5,8	5,5
75,65	49,96	3,0	5,8	5,5
75,67	49,96	3,0	5,8	5,5
75,70	49,97	3,0	5,8	5,5
75,72	49,98	3,0	5,8	5,5
75,75	49,99	3,0	5,8	5,5
75,77	49,99	3,0	5,8	5,5
75,79	49,99	3,0	5,8	5,5
75,82	49,99	3,0	5,8	5,5
75,84	49,99	3,0	5,8	5,5
75,87	49,99	3,0	5,8	5,5
75,89	49,99	3,0	5,8	5,5
75,92	49,99	3,0	5,8	5,5
75,94	49,99	3,0	5,8	5,5
75,97	49,99	3,0	5,8	5,5
75,99	49,99	3,0	5,8	5,5
76,01	49,99	3,0	5,8	5,5
76,04	49,99	3,0	5,8	5,5
76,06	49,99	3,0	5,8	5,5
76,09	49,99	3,0	5,8	5,5
76,11	49,99	3,0	5,8	5,5
76,14	49,99	3,0	5,8	5,5
76,16	49,99	3,0	5,8	5,5
76,19	49,99	3,0	5,8	5,5
76,21	49,99	3,0	5,8	5,5
76,23	49,99	3,0	5,8	5,5
76,26	49,99	3,0	5,8	5,5
76,28	49,99	3,0	5,8	5,5
76,31	49,99	3,0	5,8	5,5
76,33	49,99	3,0	5,8	5,5
76,36	49,99	3,0	5,8	5,5
76,38	49,99	3,0	5,8	5,5
76,41	49,99	3,0	5,8	5,5
76,43	49,99	3,0	5,8	5,5
76,45	49,99	3,0	5,8	5,5
76,48	49,99	3,0	5,8	5,5
76,50	49,99	3,0	5,8	5,5
76,53	49,99	3,0	5,8	5,5
76,55	49,99	3,0	5,8	5,5
76,58	49,99	3,0	5,8	5,5
76,60	49,99	3,0	5,8	5,5
76,62	49,99	3,0	5,8	5,5
76,65	49,99	3,0	5,8	5,5
76,67	49,99	3,0	5,8	5,5
76,70	49,99	3,0	5,8	5,5
76,72	49,99	3,0	5,8	5,5
76,75	49,99	3,0	5,8	5,5
76,77	49,99	3,0	5,8	5,5
76,80	49,99	3,0	5,8	5,5
76,82	49,99	3,0	5,8	5,5
76,84	49,99	3,0	5,8	5,5
76,87	49,99	3,0	5,8	5,5
76,89	49,99	3,0	5,8	5,5
76,92	49,99	3,0	5,8	5,5
76,94	49,99	3,0	5,8	5,5
76,97	49,99	3,0	5,8	5,5
76,99	49,99	3,0	5,8	5,5
77,02	49,99	3,0	5,8	5,5
77,04	49,99	3,0	5,8	5,5
77,06	49,99	3,0	5,8	5,5
77,09	49,99	3,0	5,8	5,5
77,11	49,99	3,0	5,8	5,5
77,14	49,99	3,0	5,8	5,5
77,16	49,99	3,0	5,8	5,5
77,19	49,99	3,0	5,8	5,5
77,21	49,99	3,0	5,8	5,5
77,24	49,99	3,0	5,8	5,5
77,26	49,99	3,0	5,8	5,5
77,28	49,99	3,0	5,8	5,5
77,31	49,99	3,0	5,8	5,5
77,33	49,99	3,0	5,8	5,5
77,36	49,99	3,0	5,8	5,5
77,38	49,99	3,0	5,8	5,5
77,41	49,99	3,0	5,8	5,5
77,43	49,99	3,0	5,8	5,5
77,46	49,99	3,0	5,8	5,5
77,48	49,99	3,0	5,8	5,5
77,50	49,99	3,0	5,8	5,5
77,53	49,99	3,0	5,8	5,5
77,55	49,99	3,0	5,8	5,5
77,58	49,99	3,0	5,8	5,5
77,60	49,99	3,0	5,8	5,5
77,63	49,99	3,0	5,8	5,5
77,65	49,99	3,0	5,8	5,5
77,68	49,99	3,0	5,8	5,5
77,70	49,99	3,0	5,8	5,5
77,72	49,99	3,0	5,8	5,5
77,75	49,99	3,0	5,8	5,5
77,77	49,99	3,0	5,8	5,5
77,80	49,99	3,0	5,8	5,5
77,82	49,99	3,0	5,8	5,5
77,85	49,99	3,0	5,8	5,5
77,87	49,99	3,0	5,8	5,5
77,89	49,99	3,0	5,8	5,5
77,92	49,99	3,0	5,8	5,5
77,94	49,99	3,0	5,8	5,5
77,97	49,99	3,0	5,8	5,5
77,99	49,99	3,0	5,8	5,5
78,02	49,99	3,0	5,8	5,5
78,04	49,99	3,0	5,8	5,5
78,07	49,99	3,0	5,8	5,5
78,09	49,99	3,0	5,8	5,5
78,11	49,99	3,0	5,8	5,5
78,14	49,99	3,0	5,8	5,5
78,16	49,99	3,0	5,8	5,5
78,19	49,99	3,0	5,8	5,5
78,21	49,99	3,0	5,8	5,5
78,24	49,99	3,0	5,8	5,5
78,26	49,99	3,0	5,8	5,5
78,29	49,99	3,0	5,8	5,5
78,31	49,99	3,0	5,8	5,5
78,33	49,99	3,0	5,8	5,5
78,36	49,99	3,0	5,8	5,5
78,38	49,99	3,0	5,8	5,5
78,41	49,99	3,0	5,8	5,5
78,43	49,99	3,0	5,8	5,5
78,46	49,99	3,0	5,8	5,5
78,48	49,99	3,0	5,8	5,5
78,51	49,99	3,0	5,8	5,5
78,53	49,99	3,0	5,8	5,5
78,55	49,99	3,0	5,8	5,5
78,58	49,99	3,0	5,8	5,5
78,60	49,99	3,0	5,8	5,5
78,63	49,99	3,0	5,8	5,5
78,65	49,99	3,0	5,8	5,5
78,68	49,99	3,0	5,8	5,5
78,70	49,99	3,0	5,8	5,5
78,73	49,99	3,0	5,8	5,5
78,75	49,99	3,0	5,8	5,5
78,77	49,99	3,0	5,8	5,5
78,80	49,99	3,0	5,8	5,5
78,82	49,99	3,0	5,8	5,5
78,85	49,99	3,0	5,8	5,5
78,87	49,99	3,0	5,8	5,5
78,90	49,99	3,0	5,8	5,5
78,92	49,99	3,0	5,8	5,5
78,94	49,99	3,0	5,8	5,5
78,97	49,99	3,0	5,8	5,5
78,99	49,99	3,0	5,8	5,5
79,02	49,99	3,0	5,8	5,5
79,04	49,99	3,0	5,8	5,5
79,07	49,99	3,0	5,8	5,5
79,09	49,99	3,0	5,8	5,5
79,12	49,99	3,0	5,8	5,5
79,14	49,99	3,0	5,8	5,5
79,16	49,99	3,0	5,8	5,5
79,19	49,99	3,0	5,8	5,5
79,21	49,99	3,0	5,8	5,5
79,24	49,99	3,0	5,8	5,5
79,26	49,99	3,0	5,8	5,5
79,29	49,99	3,0	5,8	5,5
79,31	49,99	3,0	5,8	5,5
79,34	49,99	3,0	5,8	5,5
79,36	49,99	3,0	5,8	5,5
79,38	49,99	3,0	5,8	5,5
79,41	49,99	3,0	5,8	5,5
79,43	49,99	3,0	5,8	5,5
79,46	49,99	3,0	5,8	5,5
79,48	49,99	3,0	5,8	5,5
79,51	49,99	3,0	5,8	5,5
79,53	49,99	3,0	5,8	5,5
79,56	49,99	3,0	5,8	5,5
79,58	49,99	3,0	5,8	5,5
79,60	49,99	3,0	5,8	5,5
79,63	49,99	3,0	5,8	5,5
79,65	49,99	3,0	5,8	5,5
79,68	49,99	3,0	5,8	5,5
79,70	49,99	3,0	5,8	5,5
79,73	49,99	3,0	5,8	5,5
79,75	49,99	3,0	5,8	5,5
79,78	49,99	3,0	5,8	5,5
79,80	49,99	3,0	5,8	5,5
79,82	49,99	3,0	5,8	5,5
79,85	49,99	3,0	5,8	5,5
79,87	49,99	3,0	5,8	5,5
79,90	49,99	3,0	5,8	5,5
79,92	49,99	3,0	5,8	5,5
79,95	49,99	3,0	5,8	5,5
79,97	49,99	3,0	5,8	5,5
79,99	49,99	3,0	5,8	5,5
80,02	49,99	3,0	5,8	5,5
80,04	49,99	3,0	5,8	5,5
80,07	49,99	3,0	5,8	5,5
80,09	49,99	3,0	5,8	5,5
80,12	49,99	3,0	5,8	5,5
80,14	49,99	3,0	5,8	5,5
80,17	49,99	3,0	5,8	5,5
80,19	49,99	3,0	5,8	5,5
80,21	49,99	3,0	5,8	5,5
80,24	49,99	3,0	5,8	5,5
80,26	49,99	3,0	5,8	5,5
80,29	49,99	3,0	5,8	5,5
80,31	49,99	3,0	5,8	5,5
80,34	49,99	3,0	5,8	5,5
80,36	49,99	3,0	5,8	5,5
80,39	49,99	3,0	5,8	5,5
80,41	49,99	3,0	5,8	5,5
80,43	49,99	3,0	5,8	5,5
80,46	49,99	3,0	5,8	5,5
80,48	49,99	3,0	5,8	5,5
80,51	49,99	3,0	5,8	5,5
80,53	49,99	3,0	5,8	5,5
80,56	49,99	3,0	5,8	5,5
80,58	49,99	3,0	5,8	5,5
80,61	49,99	3,0	5,8	5,5
80,63	49,99	3,0	5,8	5,5
80,65	49,99	3,0	5,8	5,5
80,68	49,99	3,0	5,8	5,5
80,70	49,99	3,0	5,8	5,5
80,73	49,99	3,0	5,8	5,5
80,75	49,99	3,0	5,8	5,5
80,78	49,99	3,0	5,8	5,5
80,80	49,99	3,0	5,8	5,5
80,83	49,99	3,0	5,8	5,5
80,85	49,99	3,0	5,8	5,5
80,87	49,99	3,0	5,8	5,5
80,90	49,99	3,0	5,8	5,5
80,92	49,99	3,0	5,8	5,5
80,95	49,99	3,0	5,8	5,5
80,97	49,99	3,0	5,8	5,5
81,00	49,99	3,0	5,8	5,5
81,02	49,99	3,0	5,8	5,5
81,04	49,99	3,0	5,8	5,5
81,07	49,99	3,0	5,8	5,5
81,09	49,99	3,0	5,8	5,5
81,12	49,99	3,0	5,8	5,5
81,14	49,99	3,0	5,8	5,5
81,17	49,99	3,0	5,8	5,5
81,19	49,99	3,0	5,8	5,5
81,22	49,99	3,0	5,8	5,5
81,24	49,99	3,0	5,8	5,5
81,26	49,99	3,0	5,8	5,5
81,29	49,99	3,0	5,8	5,5
81,31	49,99	3,0	5,8	5,5
81,34	49,99	3,0	5,8	5,5
81,36	49,99	3,0	5,8	5,5
81,39	49,99	3,0	5,8	5,5
81,41	49,99	3,0	5,8	5,5
81,44	49,99	3,0	5,8	5,5
81,46	49,99	3,0	5,8	5,5
81,48	49,99	3,0	5,8	5,5
81,51	49,99	3,0	5,8	5,5
81,53	49,99	3,0	5,8	5,5
81,56	49,99	3,0	5,8	5,5
81,58	49,99	3,0	5,8	5,5
81,61	49,99	3,0	5,8	5,5
81,63	49,99	3,0	5,8	5,5
81,66	49,99	3,0	5,8	5,5
81,68	49,99	3,0	5,8	5,5
81,70	49,99	3,0	5,8	5,5
81,73	49,99	3,0	5,8	5,5
81,75	49,99	3,0	5,8	5,5
81,78	49,99	3,0	5,8	5,5
81,80	49,99	3,0	5,8	5,5
81,83	49,99	3,0	5,8	5,5
81,85	49,99	3,0	5,8	5,5
81,88	49,99	3,0	5,8	5,5
81,90	49,99	3,0	5,8	5,5
81,92	49,99	3,0	5,8	5,5
81,95	49,99	3,0	5,8	5,5
81,97	49,99	3,0	5,8	5,5
82,00	49,99	3,0	5,8	5,5
82,02	49,99	3,0	5,8	5,5
82,05	49,99	3,0	5,8	5,5
82,07	49,99	3,0	5,8	5,5
82,10	49,99	3,0	5,8	5,5
82,12	49,99	3,0	5,8	5,5
82,14	49,99	3,0	5,8	5,5
82,17	49,99	3,0	5,8	5,5
82,19	49,99	3,0	5,8	5,5
82,22	49,99	3,0	5,8	5,5
82,24	49,99	3,0	5,8	5,5
82,27	49,99	3,0	5,8	5,5
82,29	49,99	3,0	5,8	5,5
82,31	49,99	3,0	5,8	5,5
82,34	49,99	3,0	5,8	5,5
82,36	49,99	3,0	5,8	5,5
82,39	49,99	3,0	5,8	5,5
82,41	49,99	3,0	5,8	5,5
82,44	49,99	3,0	5,8	5,5
82,46	49,99	3,0	5,8	5,5
82,49	49,99	3,0	5,8	5,5
82,51	49,99	3,0	5,8	5,5
82,53	49,99	3,0	5,8	5,5
82,56	49,99	3,0	5,8	5,5
82,58	49,99	3,0	5,8	5,5
82,61	49,99	3,0	5,8	5,5
82,63	49,99	3,0	5,8	5,5
82,66	49,99	3,0	5,8	5,5
82,68	49,99	3,0	5,8	5,5
82,71	49,99	3,0	5,8	5,5
82,73	49,99	3,0	5,8	5,5
82,75	49,99	3,0	5,8	5,5
82,78	49,99	3,0	5,8	5,5
82,80	49,99	3,0	5,8	5,5
82,83	49,99	3,0	5,8	5,5
82,85	49,99	3,0	5,8	5,5
82,88	49,99	3,0	5,8	5,5
82,90	49,99	3,0	5,8	5,5
82,93	49,99	3,0	5,8	5,5
82,95	49,99	3,0	5,8	5,5
82,97	49,99	3,0	5,8	5,5
83,00	49,99	3,0	5,8	5,5
83,02	49,99	3,0	5,8	5,5
83,05	49,99	3,0	5,8	5,5
83,07	49,99	3,0	5,8	5,5
83,10	49,99	3,0	5,8	5,5
83,12	49,99	3,0	5,8	5,5
83,15	49,99	3,0	5,8	5,5
83,17	49,99	3,0	5,8	5,5
83,19	49,99	3,0	5,8	5,5
83,22	49,99	3,0	5,8	5,5
83,24	49,99	3,0	5,8	5,5
83,27	49,99	3,0	5,8	5,5
83,29	49,99	3,0	5,8	5,5
83,32	49,99	3,0	5,8	5,5
83,34	49,99	3,0	5,8	5,5
83,36	49,99	3,0	5,8	5,5
83,39	49,99	3,0	5,8	5,5
83,41	49,99	3,0	5,8	5,5
83,44	49,99	3,0	5,8	5,5
83,46	49,99	3,0	5,8	5,5
83,49	49,99	3,0	5,8	5,5
83,51	49,99	3,0	5,8	5,5
83,54	49,99	3,0	5,8	5,5
83,56	49,99	3,0	5,8	5,5
83,58	49,99	3,0	5,8	5,5
83,61	49,99	3,0	5,8	5,5
83,63	49,99	3,0	5,8	5,5
83,66	49,99	3,0	5,8	5,5
83,68	49,99	3,0	5,8	5,5
83,71	49,99	3,0	5,8	5,5
83,73	49,99	3,0	5,8	5,5
83,76	49,99	3,0	5,8	5,5
83,78	49,99	3,0	5,8	5,5
83,80	49,99	3,0	5,8	5,5
83,83	49,99	3,0	5,8	5,5
83,85	49,99	3,0	5,8	5,5
83,88	49,99	3,0	5,8	5,5
83,90	49,99	3,0	5,8	5,5
83,93	49,99	3,0	5,8	5,5
83,95	49,99	3,0	5,8	5,5
83,98	49,99	3,0	5,8	5,5
84,00	49,99	3,0	5,8	5,5
84,02	49,99	3,0	5,8	5,5
84,05	49,99	3,0	5,8	5,5
84,07	49,99	3,0	5,8	5,5
84,10	49,99	3,0	5,8	5,5
84,12	49,99	3,0	5,8	5,5
84,15	49,99	3,0	5,8	5,5
84,17	49,99	3,0	5,8	5,5
84,20	49,99	3,0	5,8	5,5
84,22	49,99	3,0	5,8	5,5
84,24	49,99	3,0	5,8	5,5
84,27	49,99	3,0	5,8	5,5
84,29	49,99	3,0	5,8	5,5
84,32	49,99	3,0	5,8	5,5
84,34	49,99	3,0	5,8	5,5
84,37	49,99	3,0	5,8	5,5
84,39	49,99	3,0	5,8	5,5
84,41	49,99	3,0	5,8	5,5
84,44	49,99	3,0	5,8	5,5
84,46	49,99	3,0	5,8	5,5
84,49	49,99	3,0	5,8	5,5
84,51	49,99	3,0	5,8	5,5
84,54	49,99	3,0	5,8	5,5
84,56	49,99	3,0	5,8	5,5
84,59	49,99	3,0	5,8	5,5
84,61	49,99	3,0	5,8	5,5
84,63	49,99	3,0	5,8	5,5
84,66	49,99	3,0	5,8	5,5
84,68	49,99	3,0	5,8	5,5
84,71	49,99	3,0	5,8	5,5
84,73	49,99	3,0	5,8	5,5
84,76	49,99	3,0	5,8	5,5
84,78	49,99	3,0	5,8	5,5
84,81	49,99	3,0	5,8	5,5
84,83	49,99	3,0	5,8	5,5
84,85	49,99	3,0	5,8	5,5
84,88	49,99	3,0	5,8	5,5
84,90	49,99	3,0	5,8	5,5
84,93	49,99	3,0	5,8	5,5
84,95	49,99	3,0	5,8	5,5
84,98	49,99	3,0	5,8	5,5
85,00	49,99	3,0	5,8	5,5
85,03	49,99	3,0	5,8	5,5
85,05	49,99	3,0	5,8	5,5
85,07	49,99	3,0	5,8	5,5
85,10	49,99	3,0	5,8	5,5
85,12	49,99	3,0	5,8	5,5
85,15	49,99	3,0	5,8	5,5
85,17	49,99	3,0	5,8	5,5
85,20	49,99	3,0	5,8	5,5
85,22	49,99	3,0	5,8	5,5
85,25	49,99	3,0	5,8	5,5
85,27	49,99	3,0	5,8	5,5
85,29	49,99	3,0	5,8	5,5
85,32	49,99	3,0	5,8	5,5
85,34	49,99	3,0	5,8	5,5
85,37	49,99	3,0	5,8	5,5
85,39	49,99	3,0	5,8	5,5
85,42	49,99	3,0	5,8	5,5
85,44	49,99	3,0	5,8	5,5
85,47	49,99	3,0	5,8	5,5
85,49	49,99	3,0	5,8	5,5
85,51	49,99	3,0	5,8	5,5
85,54	49,99	3,0	5,8	5,5
85,56	49,99	3,0	5,8	5,5
85,59	49,99	3,0	5,8	5,5
85,61	49,99	3,0	5,8	5,5
85,64	49,99	3,0	5,8	5,5
85,66	49,99	3,0	5,8	5,5
85,68	49,99	3,0	5,8	5,5
85,71	49,99	3,0	5,8	5,5
85,73	49,99	3,0	5,8	5,5
85,76	49,99	3,0	5,8	5,5
85,78	49,99	3,0	5,8	5,5
85,81	49,99	3,0	5,8	5,5
85,83	49,99	3,0	5,8	5,5
85,86	49,99	3,0	5,8	5,5
85,88	49,99	3,0	5,8	5,5
85,90	49,99	3,0	5,8	5,5
85,93	49,99	3,0	5,8	5,5
85,95	49,99	3,0	5,8	5,5
85,98	49,99	3,0	5,8	5,5
86,00	49,99	3,0	5,8	5,5
86,03	49,99	3,0	5,8	5,5
86,05	49,99	3,0	5,8	5,5
86,08	49,99	3,0	5,8	5,5
86,10	49,99	3,0	5,8	5,5
86,12	49,99	3,0	5,8	5,5
86,15	49,99	3,0	5,8	5,5
86,17	49,99	3,0	5,8	5,5
86,20	49,99	3,0	5,8	5,5
86,22	49,99	3,0	5,8	5,5
86,25	49,99	3,0	5,8	5,5
86,27	49,99	3,0	5,8	5,5
86,30	49,99	3,0	5,8	5,5
86,32	49,99	3,0	5,8	5,5
86,34	49,99	3,0	5,8	5,5
86,37	49,99	3,0	5,8	5,5
86,39	49,99	3,0	5,8	5,5
86,42	49,99	3,0	5,8	5,5
86,44	49,99	3,0	5,8	5,5
86,47	49,99	3,0	5,8	5,5
86,49	49,99	3,0	5,8	5,5
86,52	49,99	3,0	5,8	5,5
86,54	49,99	3,0	5,8	5,5
86,56	49,99	3,0	5,8	5,5
86,59	49,99	3,0	5,8	5,5
86,61	49,99	3,0	5,8	5,5
86,64	49,99	3,0	5,8	5,5
86,66	49,99	3,0	5,8	5,5
86,69	49,99	3,0	5,8	5,5
86,71	49,99	3,0	5,8	5,5
86,73	49,99	3,0	5,8	5,5
86,76	49,99	3,0	5,8	5,5
86,78	49,99	3,0	5,8	5,5
86,81	49,99	3,0	5,8	5,5
86,83	49,99	3,0	5,8	5,5
86,86	49,99	3,0	5,8	5,5
86,88	49,99	3,0	5,8	5,5
86,91	49,99	3,0	5,8	5,5
86,93	49,99	3,0	5,8	5,5
86,95	49,99	3,0	5,8	5,5
86,98	49,99	3,0	5,8	5,5
87,00	49,99	3,0	5,8	5,5
87,03	49,99	3,0	5,8	5,5
87,05	49,99	3,0	5,8	5,5
87,08	49,99	3,0	5,8	5,5
87,10	49,99	3,0	5,8	5,5
87,13	49,99	3,0	5,8	5,5
87,15	49,99	3,0	5,8	5,5
87,17	49,99	3,0	5,8	5,5
87,20	49,99	3,0	5,8	5,5
87,22	49,99	3,0	5,8	5,5
87,25	49,99	3,0	5,8	5,5
87,27	49,99	3,0	5,8	5,5
87,30	49,99	3,0	5,8	5,5
87,32	49,99	3,0	5,8	5,5
87,35	49,99	3,0	5,8	5,5
87,37	49,99	3,0	5,8	5,5
87,39	49,99	3,0	5,8	5,5
87,42	49,99	3,0	5,8	5,5
87,44	49,99	3,0	5,8	5,5
87,47	49,99	3,0	5,8	5,5
87,49	49,99	3,0	5,8	5,5
87,52	49,99	3,0	5,8	5,5
87,54	49,99	3,0	5,8	5,5
87,57	49,99	3,0	5,8	5,5
87,59	49,99	3,0	5,8	5,5
87,61	49,99	3,0	5,8	5,5
87,64	49,99	3,0	5,8	5,5
87,66	49,99	3,0	5,8	5,5
87,69	49,99	3,0	5,8	5,5
87,71	49,99	3,0	5,8	5,5
87,74	49,99	3,0	5,8	5,5
87,76	49,99	3,0	5,8	5,5
87,78	49,99	3,0	5,8	5,5
87,81	49,99	3,0	5,8	5,5
87,83	49,99	3,0	5,8	5,5
87,86	49,99	3,0	5,8	5,5
87,88	49,99	3,0	5,8	5,5
87,91	49,99	3,0	5,8	5,5
87,93	49,99	3,0	5,8	5,5
87,96	49,99	3,0	5,8	5,5
87,98	49,99	3,0	5,8	5,5
88,00	49,99	3,0	5,8	5,5
88,03	49,99	3,0	5,8	5,5
88,05	49,99	3,0	5,8	5,5
88,08	49,99	3,0	5,8	5,5
88,10	49,99	3,0	5,8	5,5
88,13	49,99	3,0	5,8	5,5
88,15	49,99	3,0	5,8	5,5
88,18	49,99	3,0	5,8	5,5
88,20	49,99	3,0	5,8	5,5
88,22	49,99	3,0	5,8	5,5
88,25	49,99	3,0	5,8	5,5
88,27	49,99	3,0	5,8	5,5
88,30	49,99	3,0	5,8	5,5
88,32	49,99	3,0	5,8	5,5
88,35	49,99	3,0	5,8	5,5
88,37	49,99	3,0	5,8	5,5
88,40	49,99	3,0	5,8	5,5
88,42	49,99	3,0	5,8	5,5
88,44	49,99	3,0	5,8	5,5
88,47	49,99	3,0	5,8	5,5
88,49	49,99	3,0	5,8	5,5
88,52	49,99	3,0	5,8	5,5
88,54	49,99	3,0	5,8	5,5
88,57	49,99	3,0	5,8	5,5
88,59	49,99	3,0	5,8	5,5
88,62	49,99	3,0	5,8	5,5
88,64	49,99	3,0	5,8	5,5
88,66	49,99	3,0	5,8	5,5
88,69	49,99	3,0	5,8	5,5
88,71	49,99	3,0	5,8	5,5
88,74	49,99	3,0	5,8	5,5
88,76	49,99	3,0	5,8	5,5
88,79	49,99	3,0	5,8	5,5
88,81	49,99	3,0	5,8	5,5
88,83	49,99	3,0	5,8	5,5
88,86	49,99	3,0	5,8	5,5
88,88	49,99	3,0	5,8	5,5
88,91	49,99	3,0	5,8	5,5
88,93	49,99	3,0	5,8	5,5
88,96	49,99	3,0	5,8	5,5
88,98	49,99	3,0	5,8	5,5
89,01	49,99	3,0	5,8	5,5
89,03	49,99	3,0	5,8	5,5
89,05	49,99	3,0	5,8	5,5
89,08	49,99	3,0	5,8	5,5
89,10	49,99	3,0	5,8	5,5
89,13	49,99	3,0	5,8	5,5
89,15	49,99	3,0	5,8	5,5
89,18	49,99	3,0	5,8	5,5
89,20	49,99	3,0	5,8	5,5
89,23	49,99	3,0	5,8	5,5
89,25	49,99	3,0	5,8	5,5
89,27	49,99	3,0	5,8	5,5
89,30	49,99	3,0	5,8	5,5
89,32	49,99	3,0	5,8	5,5
89,35	49,99	3,0	5,8	5,5
89,37	49,99	3,0	5,8	5,5
89,40	49,99	3,0	5,8	5,5
89,42	49,99	3,0	5,8	5,5
89,45	49,99	3,0	5,8	5,5
89,47	49,99	3,0	5,8	5,5
89,49	49,99	3,0	5,8	5,5
89,52	49,99	3,0	5,8	5,5
89,54	49,99	3,0	5,8	5,5
89,57	49,99	3,0	5,8	5,5
89,59	49,99	3,0	5,8	5,5
89,62	49,99	3,0	5,8	5,5
89,64	49,99	3,0	5,8	5,5
89,67	49,99	3,0	5,8	5,5
89,69	49,99	3,0	5,8	5,5
89,71	49,99	3,0	5,8	5,5
89,74	49,99	3,0	5,8	5,5
89,76	49,99	3,0	5,8	5,5
89,79	49,99	3,0	5,8	5,5
89,81	49,99	3,0	5,8	5,5
89,84	49,99	3,0	5,8	5,5
89,86	49,99	3,0	5,8	5,5
89,89	49,99	3,0	5,8	5,5
89,91	49,99	3,0	5,8	5,5
89,93	49,99	3,0	5,8	5,5
89,96	49,99	3,0	5,8	5,5
89,98	49,99	3,0	5,8	5,5
90,01	49,99	3,0	5,8	5,5
90,03	49,99	3,0	5,8	5,5
90,06	49,99	3,0	5,8	5,5
90,08	49,99	3,0	5,8	5,5
90,10	49,99	3,0	5,8	5,5
90,13	49,99	3,0	5,8	5,5
90,15	49,99	3,0	5,8	5,5
90,18	49,99	3,0	5,8	5,5
90,20	49,99	3,0	5,8	5,5
90,23	49,99	3,0	5,8	5,5
90,25	49,99	3,0	5,8	5,5
90,28	49,99	3,0	5,8	5,5
90,30	49,99	3,0	5,8	5,5
90,32	49,99	3,0	5,8	5,5
90,35	49,99	3,0	5,8	5,5
90,37	49,99	3,0	5,8	5,5
90,40	49,99	3,0	5,8	5,5
90,42	49,99	3,0	5,8	5,5
90,45	49,99	3,0	5,8	5,5
90,47	49,99	3,0	5,8	5,5
90,50	49,99	3,0	5,8	5,5
90,52	49,99	3,0	5,8	5,5
90,54	49,99	3,0	5,8	5,5
90,57	49,99	3,0	5,8	5,5
90,59	49,99	3,0	5,8	5,5
90,62	49,99	3,0	5,8	5,5
90,64	49,99	3,0	5,8	5,5
90,67	49,99	3,0	5,8	5,5
90,69	49,99	3,0	5,8	5,5
90,72	49,99	3,0	5,8	5,5
90,74	49,99	3,0	5,8	5,5
90,76	49,99	3,0	5,8	5,5
90,79	49,99	3,0	5,8	5,5
90,81	49,99	3,0	5,8	5,5
90,84	49,99	3,0	5,8	5,5
90,86	49,99	3,0	5,8	5,5
90,89	49,99	3,0	5,8	5,5
90,91	49,99	3,0	5,8	5,5
90,94	49,99	3,0	5,8	5,5
90,96	49,99	3,0	5,8	5,5
90,98	49,99	3,0	5,8	5,5
91,01	49,99	3,0	5,8	5,5
91,03	49,99	3,0	5,8	5,5
91,06	49,99	3,0	5,8	5,5
91,08	49,99	3,0	5,8	5,5
91,11	49,99	3,0	5,8	5,5
91,13	49,99	3,0	5,8	5,5
91,15	49,99	3,0	5,8	5,5
91,18	49,99	3,0	5,8	5,5
91,20	49,99	3,0	5,8	5,5
91,23	49,99	3,0	5,8	5,5
91,25	49,99	3,0	5,8	5,5
91,28	49,99	3,0	5,8	5,5
91,30	49,99	3,0	5,8	5,5
91,33	49,99	3,0	5,8	5,5
91,35	49,99	3,0	5,8	5,5
91,37	49,99	3,0	5,8	5,5
91,40	49,99	3,0	5,8	5,5
91,42	49,99	3,0	5,8	5,5
91,45	49,99	3,0	5,8	5,5
91,47	49,99	3,0	5,8	5,5
91,50	49,99	3,0	5,8	5,5
91,52	49,99	3,0	5,8	5,5
91,55	49,99	3,0	5,8	5,5
91,57	49,99	3,0	5,8	5,5
91,59	49,99	3,0	5,8	5,5
91,62	49,99	3,0	5,8	5,5
91,64	49,99	3,0	5,8	5,5
91,67	49,99	3,0	5,8	5,5
91,69	49,99	3,0	5,8	5,5
91,72	49,99	3,0	5,8	5,5
91,74	49,99	3,0	5,8	5,5
91,77	49,99	3,0	5,8	5,5
91,79	49,99	3,0	5,8	5,5
91,81	49,99	3,0	5,8	5,5
91,84	49,99	3,0	5,8	5,5
91,86	49,99	3,0	5,8	5,5
91,89	49,99	3,0	5,8	5,5
91,91	49,99	3,0	5,8	5,5
91,94	49,99	3,0	5,8	5,5
91,96	49,99	3,0	5,8	5,5
91,99	49,99	3,0	5,8	5,5
92,01	49,99	3,0	5,8	5,5
92,03	49,99	3,0	5,8	5,5
92,06	49,99	3,0	5,8	5,5
92,08	49,99	3,0	5,8	5,5
92,11	49,99	3,0	5,8	5,5
92,13	49,99	3,0	5,8	5,5
92,16	49,99	3,0	5,8	5,5
92,18	49,99	3,0	5,8	5,5
92,20	49,99	3,0	5,8	5,5
92,23	49,99	3,0	5,8	5,5
92,25	49,99	3,0	5,8	5,5
92,28	49,99	3,0	5,8	5,5
92,30	49,99	3,0	5,8	5,5
92,33	49,99	3,0	5,8	5,5
92,35	49,99	3,0	5,8	5,5
92,38	49,99	3,0	5,8	5,5
92,40	49,99	3,0	5,8	5,5
92,42	49,99	3,0	5,8	5,5
92,45	49,99	3,0	5,8	5,5
92,47	49,99	3,0	5,8	5,5
92,50	49,99	3,0	5,8	5,5
92,52	49,99	3,0	5,8	5,5
92,55	49,99	3,0	5,8	5,5
92,57	49,99	3,0	5,8	5,5
92,60	49,99	3,0	5,8	5,5
92,62	49,99	3,0	5,8	5,5
92,64	49,99	3,0	5,8	5,5
92,67	49,99	3,0	5,8	5,5
92,69	49,99	3,0	5,8	5,5
92,72	49,99	3,0	5,8	5,5
92,74	49,99	3,0	5,8	5,5
92,77	49,99	3,0	5,8	5,5
92,79	49,99	3,0	5,8	5,5
92,82	49,99	3,0	5,8	5,5
92,84	49,99	3,0	5,8	5,5
92,86	49,99	3,0	5,8	5,5
92,89	49,99	3,0	5,8	5,5
92,91	49,99	3,0	5,8	5,5
92,94	49,99	3,0	5,8	5,5
92,96	49,99	3,0	5,8	5,5
92,99	49,99	3,0	5,8	5,5
93,01	49,99	3,0	5,8	5,5
93,04	49,99	3,0	5,8	5,5
93,06	49,99	3,0	5,8	5,5
93,08	49,99	3,0	5,8	5,5
93,11	49,99	3,0	5,8	5,5
93,13	49,99	3,0	5,8	5,5
93,16	49,99	3,0	5,8	5,5
93,18	49,99	3,0	5,8	5,5
93,21	49,99	3,0	5,8	5,5
93,23	49,99	3,0	5,8	5,5
93,25	49,99	3,0	5,8	5,5
93,28	49,99	3,0	5,8	5,5
93,30	49,99	3,0	5,8	5,5
93,33	49,99	3,0	5,8	5,5
93,35	49,99	3,0	5,8	5,5
93,38	49,99	3,0	5,8	5,5
93,40	49,99	3,0	5,8	5,5
93,43	49,99	3,0	5,8	5,5
93,45	49,99	3,0	5,8	5,5
93,47	49,99	3,0	5,8	5,5
93,50	49,99	3,0	5,8	5,5
93,52	49,99	3,0	5,8	5,5
93,55	49,99	3,0	5,8	5,5
93,57	49,99	3,0	5,8	5,5
93,60	49,99	3,0	5,8	5,5
93,62	49,99	3,0	5,8	5,5
93,65	49,99	3,0	5,8	5,5
93,67	49,99	3,0	5,8	5,5
93,69	49,99	3,0	5,8	5,5
93,72	49,99	3,0	5,8	5,5
93,74	49,99	3,0	5,8	5,5
93,77	49,99	3,0	5,8	5,5
93,79	49,99	3,0	5,8	5,5
93,82	49,99	3,0	5,8	5,5
93,84	49,99	3,0	5,8	5,5
93,87	49,99	3,0	5,8	5,5
93,89	49,99	3,0	5,8	5,5
93,91	49,99	3,0	5,8	5,5
93,94	49,99	3,0	5,8	5,5
93,96	49,99	3,0	5,8	5,5
93,99	49,99	3,0	5,8	5,5
94,01	49,99	3,0	5,8	5,5
94,04	49,99	3,0	5,8	5,5
94,06	49,99	3,0	5,8	5,5
94,09	49,99	3,0	5,8	5,5
94,11	49,99	3,0	5,8	5,5
94,13	49,99	3,0	5,8	5,5
94,16	49,99	3,0	5,8	5,5
94,18	49,99	3,0	5,8	5,5
94,21	49,99	3,0	5,8	5,5
94,23	49,99	3,0	5,8	5,5
94,26	49,99	3,0	5,8	5,5
94,28	49,99	3,0	5,8	5,5
94,31	49,99	3,0	5,8	5,5
94,33	49,99	3,0	5,8	5,5
94,35	49,99	3,0	5,8	5,5
94,38	49,99	3,0	5,8	5,5
94,40	49,99	3,0	5,8	5,5
94,43	49,99	3,0	5,8	5,5
94,45	49,99	3,0	5,8	5,5
94,48	49,99	3,0	5,8	5,5
94,50	49,99	3,0	5,8	5,5
94,52	49,99	3,0	5,8	5,5
94,55	49,99	3,0	5,8	5,5
94,57	49,99	3,0	5,8	5,5
94,60	49,99	3,0	5,8	5,5
94,62	49,99	3,0	5,8	5,5
94,65	49,99	3,0	5,8	5,5
94,67	49,99	3,0	5,8	5,5
94,70	49,99	3,0	5,8	5,5
94,72	49,99	3,0	5,8	5,5
94,74	49,99	3,0	5,8	5,5
94,77	49,99	3,0	5,8	5,5
94,79	49,99	3,0	5,8	5,5
94,82	49,99	3,0	5,8	5,5
94,84	49,99	3,0	5,8	5,5
94,87	49,99	3,0	5,8	5,5
94,89	49,99	3,0	5,8	5,5
94,92	49,99	3,0	5,8	5,5
94,94	49,99	3,0	5,8	5,5
94,96	49,99	3,0	5,8	5,5
94,99	49,99	3,0	5,8	5,5
95,01	49,99	3,0	5,8	5,5
95,04	49,99	3,0	5,8	5,5
95,06	49,99	3,0	5,8	5,5
95,09	49,99	3,0	5,8	5,5
95,11	49,99	3,0	5,8	5,5
95,14	49,99	3,0	5,8	5,5
95,16	49,99	3,0	5,8	5,5
95,18	49,99	3,0	5,8	5,5
95,21	49,99	3,0	5,8	5,5
95,23	49,99	3,0	5,8	5,5
95,26	49,99	3,0	5,8	5,5
95,28	49,99	3,0	5,8	5,5
95,31	49,99	3,0	5,8	5,5
95,33	49,99	3,0	5,8	5,5
95,36	49,99	3,0	5,8	5,5
95,38	49,99	3,0	5,8	5,5
95,40	49,99	3,0	5,8	5,5
95,43	49,99	3,0	5,8	5,5
95,45	49,99	3,0	5,8	5,5
95,48	49,99	3,0	5,8	5,5
95,50	49,99	3,0	5,8	5,5
95,53	49,99	3,0	5,8	5,5
95,55	49,99	3,0	5,8	5,5
95,57	49,99	3,0	5,8	5,5
95,60	49,99	3,0	5,8	5,5
95,62	49,99	3,0	5,8	5,5
95,65	49,99	3,0	5,8	5,5
95,67	49,99	3,0	5,8	5,5
95,70	49,99	3,0	5,8	5,5
95,72	49,99	3,0	5,8	5,5
95,75	49,99	3,0	5,8	5,5
95,77	49,99	3,0	5,8	5,5
95,79	49,99	3,0	5,8	5,5
95,82	49,99	3,0	5,8	5,5
95,84	49,99	3,0	5,8	5,5
95,87	49,99	3,0	5,8	5,5
95,89	49,99	3,0	5,8	5,5
95,92	49,99	3,0	5,8	5,5
95,94	49,99	3,0	5,8	5,5
95,97	49,99	3,0	5,8	5,5
95,99	49,99	3,0	5,8	5,5
96,01	49,99	3,0	5,8	5,5
96,04	49,99	3,0	5,8	5,5
96,06	49,99	3,0	5,8	5,5
96,09	49,99	3,0	5,8	5,5
96,11	49,99	3,0	5,8	5,5
96,14	49,99	3,0	5,8	5,5
96,16	49,99	3,0	5,8	5,5
96,19	49,99	3,0	5,8	5,5
96,21	49,99	3,0	5,8	5,5
96,23	49,99	3,0	5,8	5,5
96,26	49,99	3,0	5,8	5,5
96,28	49,99	3,0	5,8	5,5
96,31	49,99	3,0	5,8	5,5
96,33	49,99	3,0	5,8	5,5
96,36	49,99	3,0	5,8	5,5
96,38	49,99	3,0	5,8	5,5
96,41	49,99	3,0	5,8	5,5
96,43	49,99	3,0	5,8	5,5
96,45	49,99	3,0	5,8	5,5
96,48	49,99	3,0	5,8	5,5
96,50	49,99	3,0	5,8	5,5
96,53	49,99	3,0	5,8	5,5
96,55	49,99	3,0	5,8	5,5
96,58	49,99	3,0	5,8	5,5
96,60	49,99	3,0	5,8	5,5
96,62	49,99	3,0	5,8	5,5
96,65	49,99	3,0	5,8	5,5
96,67	49,99	3,0	5,8	5,5
96,70	49,99	3,0	5,8	5,5
96,72	49,99	3,0	5,8	5,5
96,75	49,99	3,0	5,8	5,5
96,77	49,99	3,0	5,8	5,5
96,80	49,99	3,0	5,8	5,5
96,82	49,99	3,0	5,8	5,5
96,84	49,99	3,0	5,8	5,5
96,87	49,99	3,0	5,8	5,5
96,89	49,99	3,0	5,8	5,5
96,92	49,99	3,0	5,8	5,5
96,94	49,99	3,0	5,8	5,5
96,97	49,99	3,0	5,8	5,5
96,99	49,99	3,0	5,8	5,5
97,02	49,99	3,0	5,8	5,5
97,04	49,99	3,0	5,8	5,5
97,06	49,99	3,0	5,8	5,5
97,09	49,99	3,0	5,8	5,5
97,11	49,99	3,0	5,8	5,5
97,14	49,99	3,0	5,8	5,5
97,16	49,99	3,0	5,8	5,5
97,19	49,99	3,0	5,8	5,5
97,21	49,99	3,0	5,8	5,5
97,24	49,99	3,0	5,8	5,5
97,26	49,99	3,0	5,8	5,5
97,28	49,99	3,0	5,8	5,5
97,31	49,99	3,0	5,8	5,5
97,33	49,99	3,0	5,8	5,5
97,36	49,99	3,0	5,8	5,5
97,38	49,99	3,0	5,8	5,5
97,41	49,99	3,0	5,8	5,5
97,43	49,99	3,0	5,8	5,5
97,46	49,99	3,0	5,8	5,5
97,48	49,99	3,0	5,8	5,5
97,50	49,99	3,0	5,8	5,5
97,53	49,99	3,0	5,8	5,5
97,55	49,99	3,0	5,8	5,5
97,58	49,99	3,0	5,8	5,5
97,60	49,99	3,0	5,8	5,5
97,63	49,99	3,0	5,8	5,5
97,65	49,99	3,0	5,8	5,5
97,68	49,99	3,0	5,8	5,5
97,70	49,99	3,0	5,8	5,5
97,72	49,99	3,0	5,8	5,5
97,75	49,99	3,0	5,8	5,5
97,77	49,99	3,0	5,8	5,5
97,80	49,99	3,0	5,8	5,5
97,82	49,99	3,0	5,8	5,5
97,85	49,99	3,0	5,8	5,5
97,87	49,99	3,0	5,8	5,5
97,89	49,99	3,0	5,8	5,5
97,92	49,99	3,0	5,8	5,5
97,94	49,99	3,0	5,8	5,5
97,97	49,99	3,0	5,8	5,5
97,99	49,99	3,0	5,8	5,5
98,02	49,99	3,0	5,8	5,5
98,04	49,99	3,0	5,8	5,5
98,07	49,99	3,0	5,8	5,5
98,09	49,99	3,0	5,8	5,5
98,11	49,99	3,0	5,8	5,5
98,14	49,99	3,0	5,8	5,5
98,16	49,99	3,0	5,8	5,5
98,19	49,99	3,0	5,8	5,5
98,21	49,99	3,0	5,8	5,5
98,24	49,99	3,0	5,8	5,5
98,26	49,99	3,0	5,8	5,5
98,29	49,99	3,0	5,8	5,5
98,31	49,99	3,0	5,8	5,5
98,33	49,99	3,0	5,8	5,5
98,36	49,99	3,0	5,8	5,5
98,38	49,99	3,0	5,8	5,5
98,41	49,99	3,0	5,8	5,5
98,43	49,99	3,0	5,8	5,5
98,46	49,99	3,0	5,8	5,5
98,48	49,99	3,0	5,8	5,5
98,51	49,99	3,0	5,8	5,5
98,53	49,99	3,0	5,8	5,5
98,55	49,99	3,0	5,8	5,5
98,58	49,99	3,0	5,8	5,5
98,60	49,99	3,0	5,8	5,5
98,63	49,99	3,0	5,8	5,5
98,65	49,99	3,0	5,8	5,5
98,68	49,99	3,0	5,8	5,5
98,70	49,99	3,0	5,8	5,5
98,73	49,99	3,0	5,8	5,5
98,75	49,99	3,0	5,8	5,5
98,77	49,99	3,0	5,8	5,5
98,80	49,99	3,0	5,8	5,5
98,82	49,99	3,0	5,8	5,5
98,85	49,99	3,0	5,8	5,5
98,87	49,99	3,0	5,8	5,5
98,90	49,99	3,0	5,8	5,5
98,92	49,99	3,0	5,8	5,5
98,94	49,99	3,0	5,8	5,5
98,97	49,99	3,0	5,8	5,5
98,99	49,99	3,0	5,8	5,5
